0 0.03644303797468351 0.5658481012658229 0.04556962025316458 0.04683544303797471
0 0.291506329113924 0.5987594936708861 0.03417721518987349 0.02405063291139231
0 0.3491012658227848 0.6139493670886076 0.03544303797468351 0.021518987341772267
0 0.42378481012658226 0.6234430379746836 0.027848101265822822 0.025316455696202556
0 0.4453037974683544 0.6240759493670887 0.025316455696202556 0.024050632911392422
0 0.5168227848101264 0.6190126582278481 0.02405063291139231 0.0265822784810128
0 0.7478354430379746 0.6398987341772151 0.0227848101265824 0.017721518987341756
0 0.7636582278481012 0.63926582278481 0.01898734177215189 0.016455696202531622
0 0.9155569620253163 0.6329367088607596 0.018987341772152 0.013924050632911356
0 0.9294810126582278 0.6323037974683545 0.01898734177215189 0.015189873417721489
0 0.8706202531645568 0.6455949367088607 0.0075949367088608 0.008860759493670822
0 0.863025316455696 0.648126582278481 0.015189873417721489 0.011392405063291089