0 0.06944303797468349 0.5498481012658228 0.04556962025316447 0.04683544303797471
0 0.32450632911392396 0.5827594936708861 0.03417721518987338 0.02405063291139231
0 0.3821012658227848 0.5979493670886076 0.03544303797468351 0.021518987341772267
0 0.4567848101265822 0.6074430379746836 0.027848101265822822 0.025316455696202556
0 0.4783037974683544 0.6080759493670886 0.025316455696202445 0.024050632911392422
0 0.5498227848101265 0.6030126582278481 0.024050632911392422 0.0265822784810128
0 0.7808354430379745 0.6238987341772151 0.02278481012658229 0.017721518987341756
0 0.7966582278481011 0.62326582278481 0.01898734177215189 0.016455696202531622
0 0.9485569620253164 0.6169367088607596 0.018987341772152 0.013924050632911356
0 0.9624810126582277 0.6163037974683545 0.01898734177215189 0.015189873417721489
0 0.9036202531645569 0.6295949367088607 0.0075949367088608 0.008860759493670822
0 0.8960253164556962 0.632126582278481 0.015189873417721489 0.011392405063291089