0 0.9695569620253165 0.46215189873417717 0.04556962025316458 0.046835443037974656
0 0.7144936708860761 0.4292405063291139 0.03417721518987349 0.024050632911392367
0 0.6568987341772152 0.4140506329113924 0.03544303797468351 0.021518987341772156
0 0.5822151898734178 0.40455696202531644 0.027848101265822822 0.0253164556962025
0 0.5606962025316455 0.40392405063291137 0.025316455696202556 0.024050632911392367
0 0.48917721518987356 0.4089873417721519 0.024050632911392367 0.02658227848101269
0 0.25816455696202545 0.3881012658227848 0.02278481012658229 0.017721518987341756
0 0.24234177215189884 0.3887341772151899 0.018987341772151917 0.016455696202531678
0 0.09044303797468364 0.39506329113924055 0.01898734177215193 0.013924050632911411
0 0.07651898734177226 0.39569620253164556 0.018987341772151917 0.015189873417721489
0 0.13537974683544313 0.3824050632911392 0.007594936708860772 0.008860759493670822
0 0.14297468354430393 0.379873417721519 0.015189873417721517 0.011392405063291089