0 0.8705569620253165 0.5388481012658228 0.04556962025316458 0.0468354430379746
0 0.6154936708860761 0.5717594936708861 0.03417721518987349 0.024050632911392422
0 0.5578987341772152 0.5869493670886077 0.03544303797468362 0.021518987341772156
0 0.48321518987341777 0.5964430379746836 0.027848101265822822 0.025316455696202445
0 0.4616962025316456 0.5970759493670886 0.025316455696202556 0.02405063291139231
0 0.39017721518987347 0.5920126582278481 0.024050632911392367 0.026582278481012578
0 0.15916455696202544 0.6128987341772152 0.02278481012658229 0.017721518987341867
0 0.1433417721518988 0.6122658227848101 0.01898734177215189 0.016455696202531733
0 0.0004683544303798044 0.6059367088607595 0.0009367088607596088 0.013924050632911467
0 0.03637974683544314 0.6185949367088608 0.007594936708860758 0.008860759493670933
0 0.0439746835443039 0.621126582278481 0.015189873417721517 0.011392405063291089