0 0.9125569620253166 0.4311518987341772 0.04556962025316458 0.04683544303797471
0 0.657493670886076 0.3982405063291139 0.03417721518987338 0.024050632911392367
0 0.5998987341772152 0.3830506329113924 0.03544303797468351 0.021518987341772156
0 0.5252151898734179 0.37355696202531646 0.027848101265822822 0.025316455696202556
0 0.5036962025316456 0.37292405063291134 0.025316455696202445 0.024050632911392367
0 0.4321772151898735 0.3779873417721519 0.024050632911392367 0.02658227848101269
0 0.20116455696202545 0.35710126582278484 0.02278481012658226 0.017721518987341756
0 0.18534177215189881 0.35773417721518985 0.01898734177215189 0.016455696202531678
0 0.03344303797468365 0.3640632911392405 0.01898734177215192 0.013924050632911411
0 0.019518987341772258 0.3646962025316456 0.018987341772151924 0.015189873417721544
0 0.07837974683544313 0.3514050632911392 0.007594936708860758 0.008860759493670878
0 0.0859746835443039 0.348873417721519 0.015189873417721517 0.011392405063291089