0 0.9745569620253165 0.5748481012658228 0.04556962025316458 0.04683544303797471
0 0.719493670886076 0.6077594936708861 0.03417721518987349 0.024050632911392422
0 0.6618987341772152 0.6229493670886076 0.03544303797468351 0.021518987341772045
0 0.5872151898734177 0.6324430379746835 0.027848101265822822 0.025316455696202556
0 0.5656962025316457 0.6330759493670887 0.025316455696202556 0.02405063291139231
0 0.49417721518987356 0.6280126582278481 0.024050632911392367 0.026582278481012578
0 0.26316455696202545 0.6488987341772152 0.02278481012658229 0.017721518987341756
0 0.2473417721518988 0.6482658227848102 0.01898734177215186 0.016455696202531733
0 0.09544303797468365 0.6419367088607595 0.018987341772151917 0.013924050632911467
0 0.08151898734177226 0.6413037974683544 0.01898734177215193 0.0151898734177216
0 0.14037974683544313 0.6545949367088608 0.007594936708860772 0.008860759493670933
0 0.14797468354430388 0.6571265822784811 0.015189873417721517 0.011392405063291089