0 0.07144303797468349 0.46015189873417717 0.04556962025316447 0.046835443037974656
0 0.32650632911392397 0.4272405063291139 0.03417721518987338 0.024050632911392367
0 0.3841012658227848 0.41205063291139243 0.03544303797468351 0.02151898734177221
0 0.4587848101265822 0.40255696202531643 0.027848101265822822 0.0253164556962025
0 0.4803037974683544 0.40192405063291137 0.025316455696202445 0.024050632911392367
0 0.5518227848101265 0.4069873417721519 0.024050632911392422 0.02658227848101269
0 0.7828354430379745 0.3861012658227848 0.02278481012658229 0.017721518987341756
0 0.7986582278481011 0.3867341772151899 0.01898734177215189 0.016455696202531678
0 0.9505569620253163 0.39306329113924054 0.01898734177215189 0.013924050632911411
0 0.9644810126582277 0.39369620253164556 0.018987341772152 0.015189873417721489
0 0.9056202531645569 0.3804050632911392 0.0075949367088608 0.008860759493670822
0 0.8980253164556962 0.377873417721519 0.015189873417721489 0.011392405063291089