0 0.9445569620253165 0.4451518987341772 0.04556962025316447 0.04683544303797471
0 0.6894936708860759 0.4122405063291139 0.03417721518987349 0.024050632911392367
0 0.6318987341772152 0.3970506329113924 0.03544303797468351 0.02151898734177221
0 0.5572151898734178 0.3875569620253165 0.027848101265822933 0.025316455696202556
0 0.5356962025316456 0.38692405063291135 0.025316455696202556 0.024050632911392367
0 0.46417721518987354 0.3919873417721519 0.024050632911392367 0.02658227848101269
0 0.23316455696202543 0.3711012658227848 0.02278481012658226 0.01772151898734181
0 0.21734177215189882 0.37173417721518986 0.01898734177215189 0.016455696202531678
0 0.06544303797468365 0.37806329113924053 0.018987341772151917 0.013924050632911411
0 0.051518987341772265 0.37869620253164554 0.018987341772151924 0.015189873417721489
0 0.11037974683544313 0.3654050632911392 0.007594936708860758 0.008860759493670878
0 0.1179746835443039 0.362873417721519 0.015189873417721503 0.011392405063291089