0 0.9989430379746836 0.5799873417721519 0.0021139240506327095 0.05949367088607593
0 0.8807974683544305 0.5793544303797469 0.05696202531645578 0.0658227848101266
0 0.8168734177215191 0.6059367088607595 0.053164556962025156 0.05569620253164553
0 0.716873417721519 0.5774556962025317 0.050632911392405 0.05189873417721502
0 0.6434556962025317 0.6122658227848102 0.048101265822784844 0.040506329113924044
0 0.5997848101265824 0.6065696202531646 0.04936708860759498 0.04177215189873418
0 0.5485189873417722 0.5875822784810126 0.04556962025316458 0.05443037974683551
0 0.506746835443038 0.5882151898734177 0.05063291139240511 0.05316455696202538
0 0.5213037974683544 0.7065696202531646 0.03164556962025311 0.024050632911392422
0 0.496620253164557 0.7002405063291139 0.03037974683544309 0.03164556962025322
0 0.4194050632911393 0.7097341772151899 0.027848101265822822 0.03037974683544309
0 0.3991518987341773 0.7072025316455697 0.027848101265822822 0.027848101265822822