0 0.021284810126582232 0.5468607594936709 0.042569620253164464 0.08354430379746836
0 0.060924050632911286 0.5525569620253165 0.07468354430379764 0.08481012658227849
0 0.21092405063291114 0.5348354430379747 0.06835443037974687 0.06708860759493673
0 0.3552278481012658 0.4671139240506329 0.05316455696202527 0.06329113924050633
0 0.4007974683544302 0.4690126582278481 0.05063291139240511 0.05949367088607599
0 0.5432025316455694 0.46964556962025317 0.05696202531645578 0.06582278481012654
0 0.6071265822784808 0.4430632911392405 0.05316455696202527 0.05569620253164559
0 0.7071265822784809 0.4715443037974683 0.050632911392405 0.05189873417721513
0 0.7805443037974683 0.43673417721518987 0.048101265822784844 0.040506329113924044
0 0.8242151898734177 0.4424303797468354 0.04936708860759498 0.04177215189873418
0 0.8754810126582279 0.46141772151898736 0.04556962025316458 0.0544303797468354
0 0.917253164556962 0.46078481012658234 0.05063291139240511 0.05316455696202532
0 0.9026962025316455 0.34243037974683543 0.03164556962025311 0.024050632911392422
0 0.927379746835443 0.3487594936708861 0.03037974683544309 0.03164556962025317
0 0.9953354430379746 0.3392658227848101 0.00932911392405067 0.03037974683544309