0 0.9037721518987343 0.5598860759493671 0.05316455696202527 0.06329113924050622
0 0.8582025316455698 0.5579873417721519 0.05063291139240511 0.05949367088607582
0 0.7157974683544305 0.5573544303797469 0.05696202531645578 0.06582278481012649
0 0.6518734177215191 0.5839367088607594 0.05316455696202527 0.05569620253164553
0 0.5518734177215191 0.5554556962025317 0.05063291139240511 0.05189873417721502
0 0.4784556962025317 0.5902658227848102 0.048101265822784844 0.040506329113924044
0 0.4347848101265823 0.5845696202531646 0.04936708860759498 0.04177215189873418
0 0.38351898734177214 0.5655822784810127 0.04556962025316452 0.0544303797468354
0 0.34174683544303797 0.5662151898734177 0.050632911392405056 0.05316455696202538
0 0.35630379746835444 0.6845696202531646 0.03164556962025311 0.024050632911392422
0 0.331620253164557 0.6782405063291139 0.030379746835443033 0.03164556962025322
0 0.2544050632911393 0.6877341772151899 0.02784810126582285 0.03037974683544309
0 0.2341518987341773 0.6852025316455697 0.02784810126582285 0.027848101265822822