0 0.9047721518987342 0.5338860759493671 0.05316455696202527 0.06329113924050622
0 0.8592025316455698 0.5319873417721519 0.05063291139240511 0.05949367088607593
0 0.7167974683544305 0.5313544303797468 0.05696202531645578 0.06582278481012649
0 0.6528734177215192 0.5579367088607595 0.05316455696202527 0.055696202531645644
0 0.5528734177215191 0.5294556962025316 0.05063291139240511 0.05189873417721513
0 0.4794556962025317 0.5642658227848102 0.048101265822784844 0.040506329113924044
0 0.4357848101265823 0.5585696202531646 0.04936708860759498 0.04177215189873418
0 0.38451898734177214 0.5395822784810127 0.04556962025316452 0.0544303797468354
0 0.34274683544303797 0.5402151898734177 0.050632911392405056 0.05316455696202538
0 0.35730379746835444 0.6585696202531646 0.03164556962025311 0.024050632911392533
0 0.332620253164557 0.6522405063291139 0.030379746835443033 0.03164556962025322
0 0.2554050632911393 0.6617341772151899 0.02784810126582285 0.03037974683544309
0 0.23515189873417727 0.6592025316455696 0.027848101265822822 0.027848101265822822