0 0.8930759493670888 0.4608354430379747 0.06835443037974687 0.06708860759493673
0 0.7487721518987343 0.3931139240506329 0.053164556962025156 0.06329113924050633
0 0.7032025316455699 0.3950126582278481 0.050632911392405 0.05949367088607593
0 0.5607974683544306 0.39564556962025316 0.05696202531645578 0.0658227848101266
0 0.4968734177215191 0.3690632911392405 0.05316455696202527 0.05569620253164559
0 0.3968734177215191 0.3975443037974683 0.050632911392405056 0.05189873417721519
0 0.32345569620253173 0.36273417721518986 0.048101265822784844 0.040506329113924044
0 0.2797848101265823 0.36843037974683546 0.04936708860759492 0.04177215189873423
0 0.22851898734177217 0.38741772151898735 0.04556962025316455 0.0544303797468354
0 0.186746835443038 0.3867848101265823 0.05063291139240503 0.05316455696202532
0 0.20130379746835445 0.2684303797468355 0.03164556962025311 0.024050632911392422
0 0.17662025316455698 0.2747594936708861 0.030379746835443006 0.03164556962025322
0 0.0994050632911393 0.26526582278481015 0.027848101265822836 0.03037974683544309
0 0.07915189873417727 0.2677974683544304 0.027848101265822836 0.027848101265822767