0 0.03928481012658219 0.5021392405063292 0.07856962025316439 0.08354430379746847
0 0.09692405063291132 0.4964430379746836 0.07468354430379764 0.08481012658227849
0 0.24692405063291117 0.5141645569620253 0.06835443037974687 0.06708860759493684
0 0.3912278481012657 0.5818860759493671 0.05316455696202527 0.06329113924050633
0 0.4367974683544302 0.5799873417721519 0.050632911392405 0.05949367088607593
0 0.5792025316455695 0.5793544303797469 0.05696202531645578 0.0658227848101266
0 0.6431265822784809 0.6059367088607595 0.05316455696202527 0.05569620253164553
0 0.7431265822784809 0.5774556962025317 0.050632911392405 0.05189873417721502
0 0.8165443037974682 0.6122658227848102 0.048101265822784955 0.040506329113924044
0 0.8602151898734177 0.6065696202531646 0.04936708860759498 0.04177215189873418
0 0.9114810126582278 0.5875822784810126 0.04556962025316447 0.05443037974683551
0 0.953253164556962 0.5882151898734177 0.050632911392405 0.05316455696202538
0 0.9386962025316455 0.7065696202531646 0.03164556962025311 0.024050632911392422
0 0.963379746835443 0.7002405063291139 0.030379746835442978 0.03164556962025322