0 0.06969620253164543 0.46613924050632916 0.07974683544303796 0.08354430379746836
0 0.1279240506329113 0.46044303797468356 0.07468354430379753 0.08481012658227849
0 0.2779240506329112 0.47816455696202537 0.06835443037974687 0.06708860759493673
0 0.42222784810126573 0.5458860759493671 0.05316455696202527 0.06329113924050622
0 0.4677974683544302 0.5439873417721519 0.050632911392405 0.05949367088607582
0 0.6102025316455695 0.5433544303797468 0.05696202531645578 0.06582278481012649
0 0.674126582278481 0.5699367088607594 0.05316455696202527 0.05569620253164553
0 0.7741265822784809 0.5414556962025316 0.050632911392405 0.05189873417721513
0 0.8475443037974683 0.5762658227848102 0.048101265822784844 0.040506329113924044
0 0.8912151898734176 0.5705696202531646 0.04936708860759498 0.04177215189873418
0 0.9424810126582278 0.5515822784810127 0.04556962025316458 0.0544303797468354
0 0.9794683544303797 0.5522151898734177 0.041063291139240454 0.05316455696202538
0 0.9696962025316456 0.6705696202531646 0.03164556962025311 0.024050632911392422
0 0.9895949367088608 0.6642405063291139 0.020810126582278432 0.03164556962025333