0 0.08920253164556946 0.46064556962025316 0.05696202531645578 0.0658227848101266
0 0.15312658227848092 0.43406329113924047 0.05316455696202527 0.05569620253164559
0 0.2531265822784809 0.46254430379746836 0.050632911392405 0.05189873417721519
0 0.32654430379746824 0.42773417721518986 0.048101265822784844 0.040506329113924044
0 0.37021518987341767 0.4334303797468354 0.04936708860759487 0.04177215189873423
0 0.4214810126582278 0.45241772151898735 0.04556962025316458 0.0544303797468354
0 0.463253164556962 0.45178481012658234 0.050632911392405 0.05316455696202532
0 0.44869620253164555 0.3334303797468355 0.03164556962025311 0.024050632911392422
0 0.47337974683544304 0.3397594936708861 0.030379746835442978 0.03164556962025322
0 0.5505949367088607 0.33026582278481015 0.027848101265822933 0.03037974683544309
0 0.5708481012658226 0.33279746835443036 0.027848101265822822 0.027848101265822767