0 0.011341772151898688 0.5933544303797469 0.022683544303797376 0.0658227848101266
0 0.05812658227848089 0.6199367088607595 0.053164556962025156 0.05569620253164553
0 0.15812658227848092 0.5914556962025317 0.050632911392405 0.05189873417721502
0 0.23154430379746826 0.6262658227848101 0.048101265822784844 0.040506329113924044
0 0.27521518987341764 0.6205696202531646 0.04936708860759498 0.04177215189873418
0 0.3264810126582278 0.6015822784810126 0.04556962025316458 0.05443037974683551
0 0.368253164556962 0.6022151898734177 0.05063291139240511 0.05316455696202538
0 0.3536962025316456 0.7205696202531646 0.03164556962025311 0.024050632911392422
0 0.378379746835443 0.714240506329114 0.03037974683544309 0.03164556962025322
0 0.4555949367088607 0.72373417721519 0.027848101265822822 0.03037974683544309
0 0.4758481012658227 0.7212025316455696 0.027848101265822822 0.02784810126582271