0 0.027550632911392314 0.4678354430379747 0.05510126582278463 0.06708860759493673
0 0.16522784810126573 0.4001139240506329 0.05316455696202527 0.06329113924050633
0 0.2107974683544302 0.40201265822784804 0.050632911392405 0.05949367088607599
0 0.3532025316455695 0.40264556962025316 0.05696202531645578 0.0658227848101266
0 0.41712658227848093 0.37606329113924053 0.05316455696202527 0.05569620253164559
0 0.517126582278481 0.4045443037974683 0.050632911392405 0.05189873417721519
0 0.5905443037974683 0.36973417721518986 0.048101265822784844 0.040506329113924044
0 0.6342151898734177 0.37543037974683546 0.04936708860759498 0.04177215189873423
0 0.6854810126582278 0.39441772151898735 0.04556962025316447 0.0544303797468354
0 0.727253164556962 0.3937848101265823 0.050632911392405 0.05316455696202532
0 0.7126962025316456 0.2754303797468355 0.03164556962025311 0.024050632911392478
0 0.737379746835443 0.28175949367088604 0.03037974683544309 0.03164556962025317
0 0.8145949367088607 0.27226582278481015 0.027848101265822822 0.03037974683544309
0 0.8348481012658227 0.2747974683544304 0.027848101265822822 0.027848101265822767