0 0.9420759493670887 0.5148354430379747 0.06835443037974687 0.06708860759493668
0 0.7977721518987342 0.4471139240506329 0.05316455696202527 0.06329113924050628
0 0.7522025316455698 0.4490126582278481 0.05063291139240511 0.05949367088607593
0 0.6097974683544305 0.44964556962025315 0.05696202531645578 0.0658227848101266
0 0.5458734177215191 0.4230632911392405 0.053164556962025156 0.05569620253164553
0 0.4458734177215191 0.45154430379746835 0.050632911392405056 0.05189873417721513
0 0.3724556962025317 0.41673417721518985 0.048101265822784844 0.040506329113924044
0 0.32878481012658234 0.4224303797468354 0.04936708860759498 0.04177215189873423
0 0.27751898734177216 0.44141772151898734 0.04556962025316452 0.0544303797468354
0 0.23574683544303798 0.4407848101265823 0.05063291139240503 0.05316455696202532
0 0.25030379746835446 0.32243037974683547 0.03164556962025314 0.024050632911392422
0 0.22562025316455697 0.3287594936708861 0.030379746835443033 0.03164556962025322
0 0.14840506329113928 0.31926582278481014 0.02784810126582285 0.03037974683544309
0 0.1281518987341773 0.32179746835443035 0.027848101265822836 0.027848101265822767