0 0.010841772151898688 0.4136455696202532 0.021683544303797375 0.0658227848101266
0 0.057126582278480886 0.38706329113924054 0.053164556962025156 0.05569620253164559
0 0.15712658227848092 0.4155443037974683 0.050632911392405 0.05189873417721513
0 0.23054430379746826 0.3807341772151899 0.048101265822784844 0.04050632911392399
0 0.27421518987341764 0.3864303797468354 0.04936708860759498 0.04177215189873418
0 0.3254810126582278 0.40541772151898736 0.04556962025316458 0.0544303797468354
0 0.367253164556962 0.4047848101265823 0.05063291139240511 0.05316455696202527
0 0.3526962025316456 0.28643037974683544 0.03164556962025311 0.024050632911392422
0 0.377379746835443 0.29275949367088605 0.03037974683544309 0.03164556962025317
0 0.4545949367088607 0.2832658227848101 0.027848101265822822 0.03037974683544309
0 0.4748481012658227 0.28579746835443043 0.027848101265822822 0.027848101265822767