0 0.9130759493670888 0.5018354430379747 0.06835443037974687 0.06708860759493668
0 0.7687721518987343 0.43411392405063287 0.05316455696202527 0.06329113924050628
0 0.7232025316455698 0.43601265822784807 0.05063291139240511 0.05949367088607593
0 0.5807974683544306 0.43664556962025314 0.05696202531645567 0.06582278481012666
0 0.5168734177215191 0.4100632911392405 0.05316455696202527 0.05569620253164553
0 0.4168734177215191 0.43854430379746834 0.050632911392405056 0.05189873417721513
0 0.34345569620253175 0.40373417721518984 0.048101265822784844 0.040506329113924044
0 0.2997848101265823 0.40943037974683544 0.04936708860759492 0.04177215189873418
0 0.24851898734177216 0.4284177215189873 0.04556962025316452 0.0544303797468354
0 0.20674683544303799 0.4277848101265823 0.050632911392405056 0.05316455696202532
0 0.22130379746835444 0.30943037974683546 0.03164556962025314 0.024050632911392422
0 0.19662025316455697 0.31575949367088607 0.030379746835443033 0.03164556962025317
0 0.11940506329113931 0.3062658227848101 0.027848101265822836 0.03037974683544309
0 0.09915189873417729 0.30879746835443034 0.027848101265822836 0.027848101265822767