0 0.026132911392405034 0.5475569620253165 0.05226582278481007 0.08481012658227849
0 0.1649240506329112 0.5298354430379747 0.06835443037974687 0.06708860759493668
0 0.30922784810126575 0.4621139240506329 0.05316455696202527 0.06329113924050633
0 0.35479746835443016 0.4640126582278481 0.05063291139240511 0.05949367088607599
0 0.4972025316455695 0.46464556962025316 0.05696202531645578 0.0658227848101266
0 0.5611265822784809 0.4380632911392405 0.05316455696202538 0.05569620253164559
0 0.6611265822784809 0.46654430379746836 0.050632911392405 0.05189873417721519
0 0.7345443037974683 0.43173417721518986 0.048101265822784844 0.040506329113924044
0 0.7782151898734176 0.4374303797468354 0.04936708860759498 0.04177215189873423
0 0.8294810126582278 0.45641772151898735 0.04556962025316458 0.0544303797468354
0 0.871253164556962 0.45578481012658234 0.05063291139240511 0.05316455696202532
0 0.8566962025316456 0.33743037974683543 0.03164556962025311 0.024050632911392478
0 0.8813797468354431 0.3437594936708861 0.030379746835442978 0.03164556962025317
0 0.9585949367088606 0.33426582278481015 0.027848101265822822 0.03037974683544309
0 0.9788481012658228 0.33679746835443036 0.027848101265822822 0.027848101265822767