0 0.03569620253164557 0.2938860759493671 0.07139240506329114 0.08607594936708862
0 0.10050632911392393 0.28945569620253164 0.08607594936708873 0.08481012658227849
0 0.341012658227848 0.3748987341772152 0.07088607594936702 0.07848101265822782
0 0.4087341772151897 0.3774303797468354 0.06202531645569609 0.06835443037974687
0 0.4777215189873417 0.44831645569620254 0.06835443037974698 0.0582278481012658
0 0.6137974683544303 0.4698354430379747 0.04936708860759509 0.04810126582278473
0 0.6574683544303797 0.46793670886075944 0.0430379746835442 0.051898734177215244
0 0.7422784810126581 0.48945569620253165 0.0430379746835442 0.04177215189873429
0 0.7941772151898734 0.4666708860759493 0.04303797468354431 0.044303797468354444
0 0.8334177215189873 0.4616075949367089 0.048101265822784844 0.044303797468354444
0 0.8998734177215189 0.4584430379746836 0.0392405063291138 0.04303797468354442
0 0.9359493670886077 0.4635063291139241 0.03797468354430389 0.04556962025316458
0 0.990126582278481 0.4552784810126582 0.019746835443038013 0.051898734177215244