0 0.9912278481012659 0.7115443037974684 0.017544303797468297 0.08481012658227849
0 0.784987341772152 0.6261012658227848 0.07088607594936702 0.07848101265822782
0 0.7172658227848103 0.6235696202531646 0.06202531645569609 0.06835443037974687
0 0.6482784810126583 0.5526835443037974 0.06835443037974687 0.0582278481012658
0 0.5122025316455698 0.5311645569620254 0.04936708860759509 0.04810126582278473
0 0.46853164556962035 0.5330632911392406 0.043037974683544256 0.051898734177215244
0 0.38372151898734186 0.5115443037974683 0.043037974683544256 0.04177215189873429
0 0.3318227848101266 0.5343291139240507 0.04303797468354431 0.044303797468354444
0 0.29258227848101276 0.5393924050632911 0.048101265822784844 0.044303797468354444
0 0.2261265822784811 0.5425569620253163 0.03924050632911383 0.04303797468354442
0 0.19005063291139243 0.5374936708860759 0.03797468354430383 0.04556962025316458
0 0.12232911392405066 0.5457215189873418 0.04683544303797464 0.051898734177215244
0 0.08562025316455697 0.5457215189873418 0.04936708860759495 0.051898734177215244
0 0.022962025316455737 0.5254683544303798 0.03544303797468359 0.036708860759493644
0 0.004518987341772174 0.5311645569620254 0.009037974683544349 0.04303797468354442