0 0.02027215189873416 0.28645569620253164 0.04054430379746832 0.08481012658227849
0 0.23801265822784795 0.3718987341772152 0.07088607594936713 0.07848101265822782
0 0.3057341772151897 0.3744303797468354 0.06202531645569609 0.06835443037974687
0 0.3747215189873417 0.44531645569620254 0.06835443037974687 0.0582278481012658
0 0.5107974683544303 0.4668354430379747 0.04936708860759509 0.04810126582278473
0 0.5544683544303797 0.46493670886075944 0.0430379746835442 0.051898734177215244
0 0.6392784810126582 0.48645569620253165 0.0430379746835442 0.04177215189873429
0 0.6911772151898734 0.4636708860759493 0.04303797468354442 0.044303797468354444
0 0.7304177215189872 0.4586075949367089 0.048101265822784844 0.044303797468354444
0 0.7968734177215189 0.4554430379746836 0.0392405063291138 0.04303797468354442
0 0.8329493670886076 0.4605063291139241 0.03797468354430378 0.04556962025316458
0 0.9006708860759494 0.4522784810126582 0.0468354430379746 0.051898734177215244
0 0.937379746835443 0.4522784810126582 0.04936708860759498 0.051898734177215244
0 0.9911582278481013 0.47253164556962024 0.017683544303797483 0.036708860759493644