0 0.947987341772152 0.3238987341772152 0.07088607594936702 0.07848101265822771
0 0.8802658227848104 0.3264303797468355 0.0620253164556962 0.06835443037974687
0 0.8112784810126583 0.39731645569620255 0.06835443037974687 0.05822784810126591
0 0.6752025316455698 0.41883544303797465 0.04936708860759498 0.04810126582278473
0 0.6315316455696203 0.4169367088607594 0.0430379746835442 0.051898734177215244
0 0.5467215189873418 0.43845569620253166 0.0430379746835442 0.04177215189873418
0 0.49482278481012665 0.4156708860759494 0.04303797468354437 0.044303797468354444
0 0.45558227848101274 0.41060759493670884 0.048101265822784844 0.044303797468354444
0 0.38912658227848107 0.4074430379746836 0.0392405063291138 0.04303797468354431
0 0.3530506329113924 0.4125063291139241 0.03797468354430383 0.04556962025316447
0 0.2853291139240507 0.40427848101265823 0.046835443037974656 0.051898734177215355
0 0.24862025316455696 0.40427848101265823 0.04936708860759492 0.051898734177215355
0 0.18596202531645573 0.42453164556962025 0.035443037974683594 0.03670886075949353
0 0.15431645569620256 0.4188354430379747 0.03544303797468354 0.04303797468354431