0 0.09001265822784799 0.6781012658227847 0.07088607594936702 0.07848101265822771
0 0.15773417721518967 0.6755696202531645 0.06202531645569609 0.06835443037974687
0 0.22672151898734166 0.6046835443037974 0.06835443037974687 0.05822784810126591
0 0.3627974683544302 0.5831645569620254 0.04936708860759509 0.04810126582278473
0 0.4064683544303797 0.5850632911392406 0.0430379746835442 0.051898734177215244
0 0.4912784810126582 0.5635443037974683 0.0430379746835442 0.04177215189873418
0 0.5431772151898734 0.5863291139240506 0.04303797468354431 0.044303797468354444
0 0.5824177215189873 0.5913924050632912 0.048101265822784844 0.044303797468354444
0 0.648873417721519 0.5945569620253164 0.0392405063291138 0.04303797468354431
0 0.6849493670886075 0.5894936708860758 0.03797468354430389 0.04556962025316447
0 0.7526708860759493 0.5977215189873417 0.04683544303797471 0.051898734177215355
0 0.789379746835443 0.5977215189873417 0.04936708860759498 0.051898734177215355
0 0.8520379746835443 0.5774683544303798 0.03544303797468362 0.03670886075949353
0 0.8836835443037975 0.5831645569620253 0.03544303797468351 0.04303797468354431