0 0.9997278481012659 0.7415443037974683 0.0005443037974682818 0.08481012658227838
0 0.801987341772152 0.6561012658227847 0.07088607594936702 0.07848101265822771
0 0.7342658227848103 0.6535696202531645 0.06202531645569609 0.06835443037974687
0 0.6652784810126582 0.5826835443037974 0.06835443037974687 0.0582278481012658
0 0.5292025316455697 0.5611645569620254 0.04936708860759509 0.04810126582278473
0 0.4855316455696203 0.5630632911392406 0.0430379746835442 0.051898734177215244
0 0.4007215189873418 0.5415443037974683 0.0430379746835442 0.04177215189873418
0 0.34882278481012663 0.5643291139240506 0.04303797468354431 0.044303797468354444
0 0.3095822784810127 0.5693924050632911 0.048101265822784844 0.044303797468354444
0 0.24312658227848108 0.5725569620253164 0.039240506329113856 0.04303797468354442
0 0.20705063291139242 0.5674936708860759 0.03797468354430383 0.04556962025316458
0 0.13932911392405065 0.5757215189873418 0.04683544303797464 0.051898734177215244
0 0.10262025316455697 0.5757215189873418 0.049367088607594936 0.051898734177215244
0 0.039962025316455735 0.5554683544303798 0.035443037974683594 0.036708860759493644
0 0.013018987341772174 0.5611645569620253 0.026037974683544348 0.04303797468354431