0 0.9262025316455698 0.5841645569620253 0.04936708860759498 0.04810126582278473
0 0.8825316455696204 0.5860632911392406 0.0430379746835442 0.051898734177215244
0 0.7977215189873419 0.5645443037974683 0.0430379746835442 0.04177215189873418
0 0.7458227848101266 0.5873291139240506 0.04303797468354431 0.044303797468354444
0 0.7065822784810127 0.5923924050632912 0.048101265822784844 0.044303797468354444
0 0.6401265822784811 0.5955569620253164 0.03924050632911391 0.04303797468354431
0 0.6040506329113924 0.590493670886076 0.03797468354430389 0.04556962025316447
0 0.5363291139240507 0.5987215189873418 0.0468354430379746 0.051898734177215355
0 0.49962025316455694 0.5987215189873418 0.04936708860759492 0.051898734177215355
0 0.4369620253164557 0.5784683544303797 0.03544303797468362 0.03670886075949353
0 0.40531645569620256 0.5841645569620253 0.03544303797468357 0.04303797468354431