0 0.099012658227848 0.6551012658227848 0.07088607594936702 0.07848101265822771
0 0.16673417721518968 0.6525696202531646 0.06202531645569609 0.06835443037974687
0 0.23572151898734167 0.5816835443037975 0.06835443037974687 0.0582278481012658
0 0.3717974683544302 0.5601645569620253 0.04936708860759509 0.04810126582278473
0 0.4154683544303797 0.5620632911392406 0.0430379746835442 0.051898734177215244
0 0.5002784810126581 0.5405443037974683 0.0430379746835442 0.04177215189873418
0 0.5521772151898734 0.5633291139240506 0.04303797468354442 0.044303797468354444
0 0.5914177215189872 0.5683924050632911 0.048101265822784844 0.044303797468354444
0 0.657873417721519 0.5715569620253165 0.03924050632911391 0.04303797468354442
0 0.6939493670886075 0.5664936708860759 0.03797468354430378 0.04556962025316458
0 0.7616708860759493 0.5747215189873418 0.0468354430379746 0.051898734177215244
0 0.798379746835443 0.5747215189873418 0.04936708860759487 0.051898734177215244
0 0.8610379746835443 0.5544683544303798 0.03544303797468351 0.036708860759493644
0 0.8926835443037974 0.5601645569620253 0.03544303797468351 0.04303797468354431