0 0.03719620253164557 0.2928860759493671 0.07439240506329114 0.08607594936708862
0 0.10350632911392393 0.28845569620253164 0.08607594936708873 0.08481012658227849
0 0.344012658227848 0.3738987341772152 0.07088607594936702 0.07848101265822782
0 0.4117341772151897 0.3764303797468354 0.06202531645569609 0.06835443037974687
0 0.48072151898734167 0.44731645569620254 0.06835443037974687 0.0582278481012658
0 0.6167974683544302 0.4688354430379747 0.04936708860759509 0.04810126582278473
0 0.6604683544303797 0.46693670886075944 0.04303797468354431 0.051898734177215244
0 0.7452784810126581 0.48845569620253165 0.04303797468354431 0.04177215189873429
0 0.7971772151898734 0.4656708860759493 0.04303797468354431 0.044303797468354444
0 0.8364177215189873 0.4606075949367089 0.048101265822784844 0.044303797468354444
0 0.902873417721519 0.4574430379746836 0.0392405063291138 0.04303797468354442
0 0.9389493670886075 0.4625063291139241 0.03797468354430389 0.04556962025316458
0 0.991626582278481 0.4542784810126582 0.01674683544303801 0.051898734177215244