0 0.006873417721518893 0.6405696202531646 0.013746835443037786 0.06835443037974687
0 0.05172151898734173 0.5696835443037975 0.06835443037974687 0.0582278481012658
0 0.18779746835443023 0.5481645569620253 0.04936708860759498 0.04810126582278473
0 0.23146835443037966 0.5500632911392406 0.0430379746835442 0.051898734177215244
0 0.31627848101265815 0.5285443037974684 0.0430379746835442 0.04177215189873429
0 0.3681772151898734 0.5513291139240507 0.04303797468354442 0.044303797468354444
0 0.40741772151898725 0.5563924050632911 0.048101265822784844 0.044303797468354444
0 0.473873417721519 0.5595569620253165 0.0392405063291138 0.04303797468354442
0 0.5099493670886075 0.5544936708860759 0.03797468354430389 0.04556962025316458
0 0.5776708860759493 0.5627215189873418 0.04683544303797471 0.051898734177215244
0 0.614379746835443 0.5627215189873418 0.04936708860759487 0.051898734177215244
0 0.6770379746835442 0.5424683544303798 0.03544303797468362 0.036708860759493644
0 0.7086835443037974 0.5481645569620253 0.03544303797468351 0.04303797468354442