0 0.005772151898734146 0.6164810126582279 0.011544303797468292 0.08354430379746836
0 0.043822784810126414 0.6139493670886076 0.06708860759493651 0.06075949367088607
0 0.10078481012658219 0.6652151898734178 0.05949367088607593 0.05949367088607593
0 0.28053164556962024 0.6449620253164556 0.05949367088607593 0.05696202531645567
0 0.3539493670886074 0.6443291139240507 0.051898734177215355 0.04556962025316458
0 0.14318987341772138 0.7620506329113924 0.03797468354430378 0.03544303797468351
0 0.17863291139240495 0.7614177215189873 0.03797468354430367 0.036708860759493644
0 0.39762025316455685 0.8215443037974683 0.025316455696202667 0.02784810126582271
0 0.41850632911392394 0.8228101265822785 0.0265822784810128 0.025316455696202445
0 0.5223037974683543 0.8297721518987342 0.021518987341772045 0.021518987341772156
0 0.5387594936708859 0.8291392405063291 0.024050632911392533 0.027848101265822822
0 0.5678734177215188 0.8430632911392404 0.021518987341772156 0.032911392405063356
0 0.5862278481012656 0.8430632911392405 0.025316455696202445 0.02784810126582271
0 0.6052151898734177 0.8361012658227848 0.02278481012658229 0.018987341772152
0 0.6229367088607594 0.8348354430379747 0.020253164556962133 0.021518987341772156