0 0.8604683544303797 0.37403797468354427 0.05949367088607593 0.05696202531645567
0 0.7870506329113925 0.37467088607594934 0.051898734177215466 0.04556962025316458
0 0.9894113924050634 0.2569493670886076 0.021177215189873366 0.03544303797468357
0 0.962367088607595 0.25758227848101267 0.03797468354430367 0.0367088607594937
0 0.7433797468354432 0.19745569620253167 0.025316455696202667 0.02784810126582274
0 0.7224936708860761 0.19618987341772154 0.0265822784810128 0.0253164556962025
0 0.6186962025316456 0.18922784810126586 0.021518987341772156 0.021518987341772128
0 0.6022405063291141 0.1898607594936709 0.024050632911392533 0.027848101265822767
0 0.5731265822784812 0.17593670886075954 0.021518987341772045 0.0329113924050633
0 0.5547721518987343 0.17593670886075952 0.025316455696202333 0.027848101265822767
0 0.5357848101265823 0.18289873417721525 0.02278481012658229 0.018987341772151917
0 0.5180632911392405 0.18416455696202536 0.020253164556962133 0.021518987341772156