0 0.18926582278480997 0.4615189873417721 0.06455696202531658 0.0835443037974683
0 0.25382278481012643 0.46405063291139237 0.06708860759493662 0.06075949367088612
0 0.3107848101265822 0.4127848101265823 0.059493670886076044 0.05949367088607599
0 0.4905316455696202 0.4330379746835443 0.05949367088607593 0.05696202531645561
0 0.5639493670886075 0.43367088607594934 0.051898734177215355 0.04556962025316458
0 0.3531898734177214 0.31594936708860755 0.03797468354430389 0.03544303797468357
0 0.3886329113924049 0.3165822784810126 0.03797468354430367 0.0367088607594937
0 0.6076202531645569 0.25645569620253167 0.025316455696202667 0.02784810126582274
0 0.6285063291139239 0.25518987341772154 0.0265822784810128 0.025316455696202472
0 0.7323037974683544 0.24822784810126586 0.021518987341772156 0.021518987341772156
0 0.7487594936708859 0.2488607594936709 0.024050632911392533 0.027848101265822767
0 0.7778734177215187 0.23493670886075954 0.021518987341772156 0.0329113924050633
0 0.7962278481012657 0.2349367088607595 0.025316455696202333 0.027848101265822794
0 0.8152151898734177 0.24189873417721525 0.02278481012658229 0.018987341772151917
0 0.8329367088607594 0.24316455696202538 0.020253164556962133 0.021518987341772183