0 0.8804683544303797 0.5969620253164557 0.05949367088607593 0.05696202531645578
0 0.8070506329113925 0.5963291139240506 0.051898734177215355 0.04556962025316458
0 0.9994113924050634 0.7140506329113924 0.0011772151898733485 0.03544303797468351
0 0.9816898734177216 0.7134177215189873 0.03662025316455675 0.036708860759493644
0 0.7633797468354431 0.7735443037974683 0.025316455696202556 0.027848101265822822
0 0.7424936708860761 0.7748101265822784 0.0265822784810128 0.025316455696202556
0 0.6386962025316456 0.7817721518987342 0.021518987341772156 0.021518987341772156
0 0.6222405063291141 0.7811392405063291 0.024050632911392533 0.02784810126582271
0 0.5931265822784813 0.7950632911392405 0.021518987341772045 0.032911392405063244
0 0.5747721518987343 0.7950632911392405 0.025316455696202333 0.02784810126582271
0 0.5557848101265823 0.7881012658227848 0.02278481012658229 0.01898734177215189
0 0.5380632911392406 0.7868354430379747 0.020253164556962133 0.021518987341772156