0 0.9772341772151899 0.3957848101265823 0.045531645569620194 0.05949367088607599
0 0.8044683544303799 0.4160379746835443 0.05949367088607593 0.05696202531645567
0 0.7310506329113926 0.4166708860759494 0.051898734177215355 0.04556962025316452
0 0.9418101265822786 0.2989493670886076 0.03797468354430378 0.03544303797468351
0 0.9063670886075951 0.29958227848101265 0.037974683544303556 0.036708860759493644
0 0.6873797468354431 0.23945569620253165 0.025316455696202667 0.02784810126582274
0 0.666493670886076 0.23818987341772152 0.02658227848101269 0.025316455696202528
0 0.5626962025316457 0.23122784810126584 0.021518987341772045 0.021518987341772156
0 0.546240506329114 0.2318607594936709 0.024050632911392533 0.02784810126582274
0 0.5171265822784812 0.21793670886075955 0.021518987341772156 0.03291139240506333
0 0.49877215189873436 0.21793670886075953 0.025316455696202445 0.027848101265822767
0 0.47978481012658236 0.22489873417721523 0.022784810126582344 0.018987341772151944
0 0.46206329113924055 0.22616455696202536 0.020253164556962133 0.021518987341772183