0 0.02818354430379738 0.45105063291139236 0.05636708860759476 0.06075949367088612
0 0.07978481012658223 0.3997848101265823 0.059493670886076044 0.05949367088607599
0 0.2595316455696202 0.4200379746835443 0.05949367088607593 0.05696202531645561
0 0.33294936708860745 0.4206708860759494 0.051898734177215466 0.04556962025316452
0 0.12218987341772142 0.30294936708860754 0.03797468354430389 0.03544303797468357
0 0.15763291139240493 0.3035822784810126 0.03797468354430367 0.0367088607594937
0 0.37662025316455683 0.24345569620253166 0.025316455696202667 0.02784810126582274
0 0.3975063291139239 0.24218987341772152 0.0265822784810128 0.025316455696202528
0 0.5013037974683543 0.23522784810126585 0.021518987341772156 0.021518987341772156
0 0.517759493670886 0.2358607594936709 0.024050632911392644 0.02784810126582274
0 0.5468734177215188 0.22193670886075953 0.021518987341772045 0.0329113924050633
0 0.5652278481012657 0.22193670886075953 0.025316455696202445 0.027848101265822767
0 0.5842151898734176 0.22889873417721524 0.0227848101265824 0.018987341772151917
0 0.6019367088607595 0.23016455696202537 0.020253164556962133 0.021518987341772183