0 0.86973417721519 0.6074810126582278 0.06455696202531658 0.08354430379746836
0 0.8051772151898735 0.6049493670886076 0.06708860759493651 0.06075949367088618
0 0.7482151898734177 0.6562151898734178 0.05949367088607593 0.059493670886076044
0 0.5684683544303798 0.6359620253164557 0.059493670886076044 0.056962025316455556
0 0.4950506329113925 0.6353291139240507 0.05189873417721541 0.04556962025316458
0 0.7058101265822786 0.7530506329113924 0.03797468354430378 0.03544303797468351
0 0.6703670886075951 0.7524177215189873 0.037974683544303556 0.036708860759493644
0 0.45137974683544313 0.8125443037974683 0.025316455696202667 0.02784810126582271
0 0.43049367088607604 0.8138101265822785 0.026582278481012744 0.025316455696202445
0 0.32669620253164566 0.8207721518987341 0.021518987341772156 0.021518987341772156
0 0.31024050632911404 0.8201392405063291 0.024050632911392533 0.02784810126582271
0 0.2811265822784812 0.8340632911392405 0.0215189873417721 0.032911392405063356
0 0.2627721518987344 0.8340632911392405 0.025316455696202445 0.027848101265822822
0 0.2437848101265824 0.8271012658227848 0.022784810126582344 0.018987341772152
0 0.22606329113924056 0.8258354430379746 0.020253164556962133 0.021518987341772267