0 0.78173417721519 0.5994810126582278 0.06455696202531658 0.08354430379746836
0 0.7171772151898735 0.5969493670886076 0.06708860759493662 0.06075949367088618
0 0.6602151898734179 0.6482151898734178 0.05949367088607593 0.059493670886076044
0 0.4804683544303798 0.6279620253164557 0.05949367088607593 0.056962025316455556
0 0.40705063291139254 0.6273291139240507 0.051898734177215355 0.04556962025316458
0 0.6178101265822786 0.7450506329113924 0.03797468354430389 0.03544303797468362
0 0.5823670886075951 0.7444177215189873 0.03797468354430367 0.036708860759493755
0 0.36337974683544316 0.8045443037974683 0.02531645569620261 0.02784810126582271
0 0.3424936708860761 0.8058101265822785 0.02658227848101269 0.025316455696202445
0 0.23869620253164567 0.8127721518987341 0.0215189873417721 0.021518987341772156
0 0.22224050632911405 0.8121392405063291 0.024050632911392533 0.02784810126582271
0 0.19312658227848123 0.8260632911392405 0.021518987341772128 0.032911392405063356
0 0.17477215189873435 0.8260632911392405 0.025316455696202417 0.027848101265822822
0 0.1557848101265824 0.8191012658227848 0.022784810126582317 0.018987341772152
0 0.13806329113924057 0.8178354430379746 0.020253164556962133 0.021518987341772267