0 0.8624683544303797 0.5799620253164557 0.05949367088607593 0.056962025316455556
0 0.7890506329113925 0.5793291139240506 0.051898734177215466 0.04556962025316447
0 0.9904113924050633 0.6970506329113925 0.019177215189873364 0.03544303797468351
0 0.964367088607595 0.6964177215189874 0.03797468354430367 0.036708860759493644
0 0.7453797468354432 0.7565443037974684 0.025316455696202667 0.027848101265822822
0 0.7244936708860761 0.7578101265822785 0.0265822784810128 0.025316455696202556
0 0.6206962025316456 0.7647721518987342 0.021518987341772156 0.021518987341772045
0 0.6042405063291141 0.7641392405063291 0.024050632911392533 0.02784810126582271
0 0.5751265822784812 0.7780632911392404 0.021518987341772045 0.032911392405063356
0 0.5567721518987343 0.7780632911392404 0.025316455696202333 0.027848101265822822
0 0.5377848101265823 0.7711012658227847 0.02278481012658229 0.01898734177215189
0 0.5200632911392405 0.7698354430379746 0.020253164556962133 0.021518987341772156