0 0.89873417721519 0.4305189873417722 0.06455696202531658 0.0835443037974683
0 0.8341772151898735 0.4330506329113924 0.06708860759493662 0.06075949367088607
0 0.7772151898734179 0.3817848101265823 0.05949367088607593 0.05949367088607593
0 0.5974683544303798 0.4020379746835443 0.05949367088607593 0.05696202531645567
0 0.5240506329113925 0.40267088607594936 0.05189873417721541 0.04556962025316452
0 0.7348101265822786 0.2849493670886076 0.03797468354430389 0.03544303797468351
0 0.6993670886075951 0.2855822784810127 0.03797468354430367 0.0367088607594937
0 0.48037974683544316 0.22545569620253164 0.025316455696202667 0.02784810126582274
0 0.45949367088607607 0.22418987341772154 0.026582278481012744 0.0253164556962025
0 0.3556962025316457 0.21722784810126583 0.0215189873417721 0.021518987341772128
0 0.33924050632911407 0.2178607594936709 0.024050632911392533 0.027848101265822767
0 0.3101265822784812 0.20393670886075954 0.0215189873417721 0.0329113924050633
0 0.2917721518987344 0.20393670886075954 0.02531645569620239 0.027848101265822794
0 0.2727848101265824 0.21089873417721522 0.022784810126582344 0.018987341772151917
0 0.2550632911392406 0.21216455696202535 0.02025316455696216 0.021518987341772183