0 0.07626582278480998 0.39151898734177215 0.06455696202531658 0.08354430379746836
0 0.14082278481012644 0.3940506329113924 0.06708860759493662 0.06075949367088612
0 0.19778481012658222 0.34278481012658224 0.059493670886076044 0.05949367088607599
0 0.3775316455696202 0.36303797468354426 0.05949367088607593 0.05696202531645561
0 0.4509493670886075 0.36367088607594933 0.051898734177215355 0.04556962025316452
0 0.2401898734177214 0.2459493670886076 0.03797468354430389 0.03544303797468354
0 0.2756329113924049 0.24658227848101266 0.03797468354430367 0.03670886075949367
0 0.4946202531645568 0.18645569620253166 0.025316455696202667 0.02784810126582274
0 0.5155063291139239 0.18518987341772153 0.0265822784810128 0.0253164556962025
0 0.6193037974683543 0.17822784810126585 0.021518987341772045 0.021518987341772156
0 0.6357594936708859 0.17886075949367092 0.024050632911392533 0.02784810126582274
0 0.6648734177215188 0.16493670886075953 0.021518987341772267 0.0329113924050633
0 0.6832278481012656 0.1649367088607595 0.025316455696202445 0.027848101265822794
0 0.7022151898734177 0.17189873417721524 0.02278481012658229 0.018987341772151917
0 0.7199367088607594 0.17316455696202537 0.020253164556962133 0.021518987341772183