0 0.023772151898734162 0.44151898734177214 0.047544303797468324 0.08354430379746836
0 0.07982278481012645 0.44405063291139235 0.06708860759493651 0.06075949367088612
0 0.13678481012658222 0.3927848101265823 0.05949367088607593 0.05949367088607593
0 0.31653164556962016 0.4130379746835443 0.05949367088607593 0.05696202531645567
0 0.38994936708860745 0.4136708860759494 0.051898734177215355 0.04556962025316452
0 0.1791898734177214 0.2959493670886076 0.03797468354430378 0.03544303797468351
0 0.21463291139240492 0.29658227848101265 0.037974683544303556 0.036708860759493644
0 0.4336202531645569 0.23645569620253165 0.025316455696202667 0.02784810126582274
0 0.4545063291139239 0.23518987341772152 0.02658227848101269 0.0253164556962025
0 0.5583037974683543 0.22822784810126584 0.021518987341772045 0.021518987341772156
0 0.574759493670886 0.2288607594936709 0.024050632911392533 0.02784810126582274
0 0.6038734177215188 0.21493670886075955 0.021518987341772156 0.03291139240506333
0 0.6222278481012656 0.21493670886075952 0.025316455696202445 0.027848101265822767
0 0.6412151898734175 0.22189873417721523 0.02278481012658229 0.018987341772151917
0 0.6589367088607594 0.22316455696202536 0.020253164556962133 0.021518987341772156