0 0.21182278481012645 0.548886075949367 0.05316455696202549 0.050632911392405
0 0.2611898734177214 0.5507848101265822 0.055696202531645644 0.05696202531645567
0 0.39473417721518966 0.5261012658227848 0.03924050632911391 0.04810126582278473
0 0.43524050632911376 0.5242025316455696 0.04177215189873429 0.04936708860759498
0 0.48460759493670885 0.46154430379746836 0.03164556962025322 0.027848101265822767
0 0.5099240506329112 0.4621772151898734 0.029113924050633067 0.029113924050632956
0 0.5795443037974684 0.4469873417721518 0.02658227848101269 0.026582278481012633
0 0.5997974683544304 0.4501518987341772 0.026582278481012578 0.030379746835442978
0 0.6289113924050632 0.4855949367088608 0.03164556962025311 0.0329113924050633
0 0.6554936708860759 0.48686075949367086 0.029113924050632844 0.032911392405063356
0 0.7029620253164557 0.4685063291139241 0.03037974683544309 0.03417721518987332