0 0.8001772151898736 0.554886075949367 0.05316455696202549 0.050632911392405
0 0.7508101265822786 0.5567848101265822 0.055696202531645644 0.05696202531645567
0 0.6172658227848103 0.5321012658227848 0.03924050632911391 0.04810126582278473
0 0.5767594936708862 0.5302025316455696 0.04177215189873429 0.04936708860759498
0 0.5273924050632912 0.4675443037974683 0.03164556962025322 0.02784810126582271
0 0.5020759493670888 0.46817721518987343 0.029113924050633067 0.029113924050632956
0 0.43245569620253166 0.45298734177215183 0.026582278481012633 0.026582278481012633
0 0.41220253164556964 0.4561518987341772 0.026582278481012633 0.030379746835442978
0 0.3830886075949368 0.4915949367088608 0.03164556962025311 0.0329113924050633
0 0.3565063291139241 0.49286075949367086 0.029113924050632844 0.032911392405063356
0 0.3090379746835443 0.474506329113924 0.030379746835443033 0.03417721518987332