0 0.1288227848101265 0.39011392405063294 0.05316455696202549 0.05063291139240511
0 0.1781898734177214 0.3882151898734177 0.055696202531645644 0.05696202531645567
0 0.3117341772151897 0.4128987341772152 0.03924050632911391 0.04810126582278473
0 0.3522405063291138 0.41479746835443043 0.04177215189873429 0.04936708860759498
0 0.40160759493670883 0.4774556962025317 0.03164556962025333 0.02784810126582271
0 0.4269240506329113 0.4768227848101266 0.029113924050633067 0.029113924050632956
0 0.4965443037974683 0.4920126582278482 0.026582278481012578 0.02658227848101269
0 0.5167974683544303 0.4888481012658228 0.02658227848101269 0.030379746835442978
0 0.5459113924050633 0.4534050632911392 0.03164556962025311 0.032911392405063356
0 0.572493670886076 0.45213924050632914 0.029113924050632733 0.032911392405063244
0 0.6199620253164556 0.47049367088607597 0.030379746835442978 0.03417721518987338