0 0.32782278481012644 0.4241139240506329 0.05316455696202549 0.050632911392405
0 0.37718987341772137 0.4222151898734177 0.055696202531645644 0.05696202531645567
0 0.5107341772151897 0.4468987341772152 0.03924050632911402 0.04810126582278473
0 0.5512405063291138 0.4487974683544304 0.04177215189873418 0.04936708860759487
0 0.6006075949367089 0.5114556962025316 0.03164556962025322 0.027848101265822822
0 0.6259240506329112 0.5108227848101266 0.029113924050633067 0.029113924050632956
0 0.6955443037974683 0.5260126582278482 0.026582278481012578 0.02658227848101269
0 0.7157974683544304 0.5228481012658228 0.02658227848101269 0.030379746835442978
0 0.7449113924050632 0.48740506329113925 0.03164556962025311 0.032911392405063356
0 0.7714936708860759 0.4861392405063291 0.029113924050632844 0.032911392405063356
0 0.8189620253164557 0.504493670886076 0.030379746835442978 0.03417721518987338