0 0.7941772151898736 0.5578860759493671 0.05316455696202549 0.050632911392405
0 0.7448101265822786 0.5597848101265823 0.055696202531645644 0.05696202531645567
0 0.6112658227848103 0.5351012658227847 0.03924050632911391 0.04810126582278473
0 0.5707594936708862 0.5332025316455696 0.04177215189873429 0.04936708860759498
0 0.5213924050632912 0.4705443037974683 0.03164556962025322 0.02784810126582271
0 0.49607594936708876 0.47117721518987343 0.029113924050633067 0.029113924050632956
0 0.42645569620253165 0.45598734177215183 0.026582278481012633 0.026582278481012633
0 0.40620253164556963 0.45915189873417717 0.026582278481012633 0.030379746835442922
0 0.3770886075949368 0.4945949367088608 0.03164556962025311 0.0329113924050633
0 0.3505063291139241 0.49586075949367087 0.029113924050632844 0.032911392405063356
0 0.3030379746835443 0.477506329113924 0.030379746835443033 0.03417721518987332