0 0.7321772151898736 0.603886075949367 0.05316455696202538 0.05063291139240511
0 0.6828101265822786 0.6057848101265824 0.055696202531645644 0.05696202531645567
0 0.5492658227848103 0.5811012658227848 0.03924050632911391 0.04810126582278473
0 0.5087594936708862 0.5792025316455696 0.04177215189873423 0.04936708860759498
0 0.45939240506329115 0.5165443037974683 0.03164556962025322 0.02784810126582271
0 0.43407594936708876 0.5171772151898735 0.029113924050633067 0.029113924050632956
0 0.3644556962025317 0.5019873417721519 0.026582278481012633 0.026582278481012633
0 0.3442025316455697 0.5051518987341772 0.026582278481012633 0.030379746835442978
0 0.3150886075949368 0.5405949367088607 0.03164556962025311 0.032911392405063356
0 0.2885063291139241 0.5418607594936709 0.029113924050632844 0.032911392405063244
0 0.24103797468354435 0.523506329113924 0.030379746835443033 0.03417721518987338