0 0.6471772151898736 0.4261139240506329 0.05316455696202549 0.050632911392405
0 0.5978101265822786 0.4242151898734177 0.055696202531645644 0.05696202531645567
0 0.4642658227848103 0.4488987341772152 0.03924050632911391 0.04810126582278473
0 0.4237594936708862 0.4507974683544304 0.04177215189873429 0.04936708860759487
0 0.3743924050632912 0.5134556962025316 0.03164556962025328 0.027848101265822822
0 0.34907594936708874 0.5128227848101266 0.029113924050633067 0.029113924050632956
0 0.27945569620253163 0.5280126582278482 0.026582278481012633 0.02658227848101269
0 0.25920253164556967 0.5248481012658228 0.026582278481012606 0.030379746835442978
0 0.23008860759493677 0.48940506329113925 0.03164556962025314 0.032911392405063356
0 0.20350632911392408 0.4881392405063291 0.029113924050632817 0.032911392405063356
0 0.15603797468354436 0.506493670886076 0.030379746835443033 0.03417721518987338