0 0.5681772151898736 0.46111392405063295 0.05316455696202549 0.050632911392405
0 0.5188101265822787 0.45921518987341775 0.0556962025316457 0.05696202531645567
0 0.38526582278481036 0.4838987341772152 0.03924050632911397 0.04810126582278462
0 0.3447594936708862 0.4857974683544304 0.04177215189873423 0.04936708860759498
0 0.2953924050632912 0.5484556962025317 0.03164556962025322 0.02784810126582271
0 0.2700759493670888 0.5478227848101266 0.02911392405063301 0.029113924050632844
0 0.20045569620253167 0.5630126582278482 0.026582278481012633 0.026582278481012578
0 0.18020253164556965 0.5598481012658229 0.026582278481012633 0.030379746835442978
0 0.15108860759493678 0.5244050632911392 0.03164556962025311 0.032911392405063467
0 0.12450632911392409 0.5231392405063291 0.02911392405063283 0.032911392405063356
0 0.07703797468354434 0.5414936708860759 0.030379746835443026 0.03417721518987338