0 0.004234177215189816 0.4222278481012658 0.008468354430379632 0.036708860759493644
0 0.022392405063290988 0.4260253164556962 0.04303797468354453 0.044303797468354444
0 0.11226582278480995 0.4507088607594937 0.0354430379746834 0.0303797468354432
0 0.13758227848101262 0.4500759493670886 0.03037974683544309 0.0341772151898736
0 0.2936415094339623 0.4913584905660378 0.02452830188679256 0.029245283018867974
0 0.31345283018867925 0.48947169811320757 0.030188679245283123 0.03113207547169794
0 0.1969433962264152 0.4776792452830189 0.027358490566037785 0.028301886792452824
0 0.21769811320754717 0.47390566037735854 0.02169811320754733 0.0339622641509435
0 0.5738301886792453 0.533811320754717 0.016981132075471583 0.017924528301886844
0 0.5870377358490566 0.5356981132075471 0.016981132075471694 0.016037735849056767
0 0.5205283018867926 0.5446603773584906 0.016037735849056656 0.016981132075471805
0 0.5323207547169813 0.5427735849056604 0.015094339622641617 0.018867924528301883
0 0.37760377358490566 0.5257924528301887 0.016981132075471694 0.013207547169811207
0 0.3917547169811321 0.5243773584905661 0.018867924528301994 0.02169811320754733
0 0.4785471698113208 0.5347547169811322 0.01886792452830177 0.017924528301886844