0 0.007455696202531614 0.6079746835443038 0.014911392405063228 0.044303797468354444
0 0.08326582278480998 0.5832911392405062 0.03544303797468351 0.03037974683544309
0 0.10858227848101265 0.5839240506329114 0.030379746835442978 0.0341772151898736
0 0.2646415094339623 0.5426415094339623 0.024528301886792447 0.029245283018867974
0 0.2844528301886793 0.5445283018867924 0.030188679245283012 0.03113207547169805
0 0.1679433962264152 0.5563207547169811 0.027358490566037785 0.028301886792452824
0 0.18869811320754715 0.5600943396226414 0.02169811320754733 0.0339622641509435
0 0.5448301886792453 0.500188679245283 0.016981132075471805 0.01792452830188679
0 0.5580377358490567 0.4983018867924528 0.016981132075471805 0.016037735849056656
0 0.49152830188679253 0.4893396226415094 0.016037735849056656 0.016981132075471694
0 0.5033207547169811 0.4912264150943396 0.015094339622641506 0.018867924528301938
0 0.34860377358490574 0.5082075471698113 0.016981132075471694 0.013207547169811318
0 0.3627547169811321 0.5096226415094339 0.018867924528301994 0.021698113207547165
0 0.44954716981132076 0.4992452830188679 0.01886792452830177 0.017924528301886844