0 0.0797468354430379 0.5697721518987342 0.0354430379746834 0.036708860759493644
0 0.11139240506329101 0.5659746835443038 0.04303797468354442 0.044303797468354444
0 0.20126582278480998 0.5412911392405063 0.03544303797468351 0.0303797468354432
0 0.22658227848101264 0.5419240506329115 0.030379746835442978 0.03417721518987349
0 0.3826415094339623 0.5006415094339622 0.024528301886792447 0.029245283018867974
0 0.4024528301886793 0.5025283018867924 0.030188679245283012 0.031132075471697995
0 0.2859433962264152 0.514320754716981 0.027358490566037785 0.028301886792452824
0 0.3066981132075472 0.5180943396226414 0.02169811320754722 0.0339622641509435
0 0.6628301886792453 0.45818867924528295 0.016981132075471583 0.01792452830188679
0 0.6760377358490567 0.45630188679245276 0.016981132075471583 0.01603773584905671
0 0.6095283018867925 0.4473396226415094 0.016037735849056656 0.016981132075471694
0 0.6213207547169812 0.4492264150943396 0.015094339622641506 0.018867924528301994
0 0.46660377358490573 0.4662075471698113 0.016981132075471694 0.013207547169811318
0 0.4807547169811321 0.4676226415094339 0.018867924528301994 0.02169811320754722
0 0.5675471698113208 0.45724528301886785 0.01886792452830177 0.017924528301886844