0 0.04574683544303787 0.4412278481012658 0.0354430379746834 0.036708860759493644
0 0.07739240506329098 0.4450253164556962 0.04303797468354442 0.044303797468354444
0 0.16726582278481 0.4697088607594937 0.0354430379746834 0.0303797468354432
0 0.19258227848101261 0.4690759493670886 0.030379746835442978 0.03417721518987349
0 0.3486415094339623 0.5103584905660379 0.02452830188679256 0.029245283018867974
0 0.3684528301886793 0.5084716981132076 0.030188679245283123 0.03113207547169805
0 0.2519433962264152 0.49667924528301893 0.027358490566037674 0.028301886792452824
0 0.27269811320754717 0.49290566037735856 0.02169811320754722 0.0339622641509435
0 0.6288301886792453 0.5528113207547171 0.016981132075471694 0.017924528301886733
0 0.6420377358490567 0.5546981132075472 0.016981132075471583 0.016037735849056656
0 0.5755283018867925 0.5636603773584906 0.016037735849056656 0.016981132075471583
0 0.5873207547169812 0.5617735849056604 0.015094339622641506 0.018867924528301994
0 0.4326037735849057 0.5447924528301886 0.016981132075471694 0.013207547169811318
0 0.4467547169811321 0.5433773584905661 0.018867924528301883 0.02169811320754711
0 0.5335471698113208 0.5537547169811321 0.018867924528301883 0.017924528301886844