0 0.9163584905660377 0.5166415094339623 0.02452830188679256 0.029245283018867974
0 0.8965471698113208 0.5185283018867923 0.030188679245283123 0.03113207547169805
0 0.999688679245283 0.530320754716981 0.0006226415094340298 0.028301886792452824
0 0.9907264150943396 0.5340943396226414 0.018547169811320874 0.0339622641509435
0 0.6361698113207548 0.47418867924528296 0.016981132075471694 0.017924528301886733
0 0.6229622641509434 0.4723018867924528 0.016981132075471694 0.016037735849056656
0 0.6894716981132074 0.4633396226415094 0.016037735849056545 0.01698113207547164
0 0.6776792452830188 0.4652264150943396 0.015094339622641506 0.018867924528301938
0 0.8323962264150944 0.4822075471698113 0.016981132075471694 0.013207547169811262
0 0.8182452830188679 0.4836226415094339 0.018867924528301883 0.021698113207547165
0 0.7314528301886792 0.47324528301886787 0.018867924528301883 0.017924528301886844