0 0.7112531645569622 0.4422278481012658 0.0354430379746834 0.036708860759493644
0 0.6796075949367091 0.4460253164556962 0.04303797468354442 0.044303797468354444
0 0.5897341772151901 0.4707088607594937 0.0354430379746834 0.0303797468354432
0 0.5644177215189874 0.4700759493670886 0.030379746835442978 0.03417721518987349
0 0.4083584905660377 0.5113584905660378 0.02452830188679256 0.029245283018867974
0 0.38854716981132076 0.5094716981132076 0.030188679245283068 0.03113207547169794
0 0.5050566037735849 0.49767924528301893 0.027358490566037674 0.028301886792452824
0 0.4843018867924528 0.4939056603773585 0.021698113207547276 0.03396226415094339
0 0.12816981132075472 0.5538113207547171 0.016981132075471694 0.017924528301886844
0 0.11496226415094332 0.5556981132075471 0.016981132075471694 0.016037735849056656
0 0.18147169811320749 0.5646603773584906 0.0160377358490566 0.016981132075471805
0 0.1696792452830188 0.5627735849056604 0.015094339622641534 0.018867924528301883
0 0.3243962264150943 0.5457924528301887 0.016981132075471694 0.013207547169811207
0 0.3102452830188679 0.544377358490566 0.018867924528301994 0.02169811320754722
0 0.22345283018867923 0.5547547169811321 0.018867924528301827 0.017924528301886733