0 0.9022531645569621 0.5737721518987342 0.03544303797468351 0.036708860759493644
0 0.8706075949367089 0.5699746835443038 0.04303797468354442 0.044303797468354444
0 0.78073417721519 0.5452911392405063 0.03544303797468351 0.0303797468354432
0 0.7554177215189875 0.5459240506329115 0.03037974683544309 0.03417721518987349
0 0.5993584905660376 0.5046415094339622 0.024528301886792447 0.029245283018867974
0 0.5795471698113207 0.5065283018867924 0.030188679245283012 0.031132075471697995
0 0.6960566037735848 0.518320754716981 0.027358490566037785 0.028301886792452824
0 0.6753018867924528 0.5220943396226414 0.02169811320754733 0.0339622641509435
0 0.3191698113207547 0.46218867924528295 0.016981132075471694 0.01792452830188679
0 0.30596226415094335 0.46030188679245276 0.016981132075471694 0.01603773584905671
0 0.37247169811320746 0.4513396226415094 0.0160377358490566 0.016981132075471694
0 0.3606792452830188 0.4532264150943396 0.015094339622641506 0.018867924528301994
0 0.5153962264150943 0.4702075471698113 0.016981132075471583 0.013207547169811318
0 0.5012452830188678 0.4716226415094339 0.018867924528301994 0.02169811320754722
0 0.41445283018867923 0.46124528301886786 0.018867924528301883 0.017924528301886844