0 0.1296415094339623 0.4693584905660378 0.024528301886792447 0.029245283018867974
0 0.14945283018867928 0.4674716981132076 0.030188679245283012 0.03113207547169805
0 0.03294339622641518 0.4556792452830189 0.027358490566037785 0.028301886792452824
0 0.05369811320754719 0.4519056603773585 0.02169811320754722 0.0339622641509435
0 0.4098301886792453 0.511811320754717 0.016981132075471694 0.017924528301886733
0 0.42303773584905663 0.5136981132075472 0.016981132075471694 0.016037735849056656
0 0.3565283018867925 0.5226603773584906 0.016037735849056656 0.016981132075471694
0 0.36832075471698117 0.5207735849056604 0.015094339622641617 0.018867924528301883
0 0.21360377358490573 0.5037924528301887 0.016981132075471694 0.013207547169811207
0 0.2277547169811321 0.5023773584905662 0.018867924528301994 0.02169811320754722
0 0.3145471698113208 0.5127547169811322 0.018867924528301883 0.017924528301886844