0 0.011734177215189767 0.5687721518987342 0.023468354430379534 0.036708860759493644
0 0.037392405063291 0.5649746835443038 0.04303797468354453 0.044303797468354444
0 0.12726582278480997 0.5402911392405063 0.0354430379746834 0.0303797468354432
0 0.15258227848101263 0.5409240506329114 0.03037974683544309 0.03417721518987349
0 0.3086415094339623 0.4996415094339622 0.02452830188679256 0.029245283018867974
0 0.32845283018867927 0.5015283018867924 0.030188679245283123 0.031132075471697995
0 0.21194339622641517 0.5133207547169811 0.027358490566037674 0.028301886792452824
0 0.23269811320754719 0.5170943396226415 0.02169811320754733 0.0339622641509435
0 0.5888301886792453 0.45718867924528295 0.016981132075471805 0.01792452830188679
0 0.6020377358490567 0.45530188679245276 0.016981132075471694 0.01603773584905671
0 0.5355283018867925 0.4463396226415094 0.016037735849056656 0.016981132075471694
0 0.5473207547169812 0.4482264150943396 0.015094339622641506 0.018867924528301994
0 0.39260377358490567 0.4652075471698113 0.016981132075471694 0.013207547169811318
0 0.40675471698113214 0.4666226415094339 0.018867924528301994 0.02169811320754722
0 0.49354716981132074 0.45624528301886785 0.018867924528301883 0.017924528301886844