0 0.95273417721519 0.43970886075949367 0.0354430379746834 0.0303797468354432
0 0.9274177215189874 0.4390759493670886 0.030379746835442978 0.0341772151898736
0 0.7713584905660377 0.4803584905660378 0.02452830188679256 0.029245283018867974
0 0.7515471698113207 0.4784716981132076 0.030188679245283123 0.03113207547169805
0 0.8680566037735848 0.4666792452830189 0.027358490566037785 0.028301886792452824
0 0.8473018867924529 0.46290566037735853 0.02169811320754722 0.0339622641509435
0 0.4911698113207547 0.522811320754717 0.016981132075471694 0.017924528301886733
0 0.47796226415094334 0.5246981132075472 0.016981132075471694 0.016037735849056656
0 0.5444716981132075 0.5336603773584907 0.016037735849056656 0.016981132075471694
0 0.5326792452830188 0.5317735849056604 0.015094339622641506 0.018867924528301994
0 0.6873962264150943 0.5147924528301888 0.016981132075471694 0.013207547169811318
0 0.6732452830188679 0.5133773584905661 0.018867924528301883 0.02169811320754711
0 0.5864528301886792 0.5237547169811321 0.018867924528301883 0.017924528301886844