0 0.014955696202531621 0.5979746835443038 0.029911392405063242 0.044303797468354444
0 0.09826582278480994 0.5732911392405062 0.0354430379746834 0.03037974683544309
0 0.12358227848101261 0.5739240506329114 0.03037974683544309 0.0341772151898736
0 0.2796415094339623 0.5326415094339623 0.024528301886792447 0.029245283018867974
0 0.2994528301886793 0.5345283018867923 0.030188679245283012 0.03113207547169805
0 0.1829433962264152 0.546320754716981 0.027358490566037785 0.028301886792452824
0 0.20369811320754716 0.5500943396226414 0.02169811320754733 0.0339622641509435
0 0.5598301886792453 0.490188679245283 0.016981132075471583 0.017924528301886733
0 0.5730377358490566 0.4883018867924528 0.016981132075471694 0.016037735849056656
0 0.5065283018867925 0.47933962264150937 0.016037735849056656 0.016981132075471694
0 0.5183207547169812 0.4812264150943396 0.015094339622641506 0.018867924528301938
0 0.36360377358490564 0.4982075471698113 0.016981132075471694 0.013207547169811262
0 0.3777547169811321 0.4996226415094339 0.018867924528301994 0.021698113207547165
0 0.46454716981132077 0.4892452830188679 0.01886792452830177 0.017924528301886844