0 0.04126582278481 0.4647088607594937 0.0354430379746834 0.0303797468354432
0 0.06658227848101261 0.46407594936708857 0.030379746835442978 0.03417721518987349
0 0.22264150943396233 0.5053584905660378 0.02452830188679256 0.029245283018867974
0 0.2424528301886793 0.5034716981132076 0.030188679245283123 0.03113207547169794
0 0.1259433962264152 0.49167924528301893 0.027358490566037674 0.028301886792452824
0 0.14669811320754716 0.4879056603773585 0.02169811320754722 0.03396226415094339
0 0.5028301886792452 0.5478113207547171 0.016981132075471694 0.017924528301886844
0 0.5160377358490567 0.5496981132075471 0.016981132075471805 0.016037735849056767
0 0.4495283018867925 0.5586603773584906 0.016037735849056656 0.016981132075471805
0 0.4613207547169812 0.5567735849056604 0.015094339622641506 0.018867924528301883
0 0.3066037735849057 0.5397924528301887 0.016981132075471694 0.013207547169811207
0 0.3207547169811321 0.5383773584905661 0.018867924528301883 0.02169811320754733
0 0.4075471698113208 0.5487547169811322 0.018867924528301883 0.017924528301886844