0 0.11974683544303782 0.6097721518987342 0.0354430379746834 0.036708860759493644
0 0.151392405063291 0.6059746835443038 0.04303797468354453 0.044303797468354444
0 0.24126582278480996 0.5812911392405062 0.0354430379746834 0.03037974683544309
0 0.2665822784810126 0.5819240506329114 0.03037974683544309 0.0341772151898736
0 0.4226415094339623 0.5406415094339623 0.02452830188679256 0.029245283018867974
0 0.44245283018867926 0.5425283018867924 0.030188679245283123 0.03113207547169805
0 0.3259433962264152 0.5543207547169811 0.027358490566037785 0.028301886792452824
0 0.3466981132075472 0.5580943396226414 0.02169811320754733 0.0339622641509435
0 0.7028301886792453 0.498188679245283 0.016981132075471583 0.01792452830188679
0 0.7160377358490566 0.4963018867924528 0.016981132075471694 0.016037735849056656
0 0.6495283018867926 0.4873396226415094 0.016037735849056656 0.016981132075471694
0 0.6613207547169813 0.4892264150943396 0.015094339622641617 0.018867924528301938
0 0.5066037735849056 0.5062075471698113 0.016981132075471694 0.013207547169811262
0 0.5207547169811321 0.5076226415094339 0.018867924528301883 0.021698113207547165
0 0.6075471698113207 0.4972452830188679 0.018867924528301883 0.017924528301886844