0 0.3247468354430379 0.4482278481012658 0.0354430379746834 0.036708860759493644
0 0.356392405063291 0.4520253164556962 0.04303797468354442 0.044303797468354444
0 0.44626582278481003 0.4767088607594937 0.0354430379746834 0.0303797468354432
0 0.47158227848101264 0.4760759493670886 0.030379746835442978 0.03417721518987349
0 0.6276415094339622 0.5173584905660378 0.024528301886792447 0.029245283018867974
0 0.6474528301886793 0.5154716981132076 0.030188679245283012 0.03113207547169794
0 0.5309433962264152 0.503679245283019 0.027358490566037674 0.028301886792452824
0 0.5516981132075471 0.4999056603773585 0.02169811320754722 0.03396226415094339
0 0.9078301886792453 0.5598113207547171 0.016981132075471694 0.017924528301886844
0 0.9210377358490567 0.5616981132075471 0.016981132075471694 0.016037735849056656
0 0.8545283018867925 0.5706603773584906 0.016037735849056656 0.016981132075471805
0 0.8663207547169811 0.5687735849056604 0.015094339622641617 0.018867924528301883
0 0.7116037735849057 0.5517924528301887 0.016981132075471805 0.013207547169811207
0 0.7257547169811321 0.550377358490566 0.018867924528301883 0.02169811320754722
0 0.8125471698113208 0.5607547169811321 0.018867924528301883 0.017924528301886733