0 0.7902531645569622 0.3812278481012658 0.0354430379746834 0.03670886075949353
0 0.758607594936709 0.38502531645569626 0.04303797468354442 0.044303797468354444
0 0.66873417721519 0.4097088607594937 0.03544303797468351 0.03037974683544309
0 0.6434177215189874 0.4090759493670886 0.030379746835442978 0.0341772151898736
0 0.4873584905660377 0.4503584905660378 0.02452830188679256 0.029245283018867974
0 0.4675471698113207 0.4484716981132076 0.030188679245283123 0.03113207547169805
0 0.5840566037735848 0.4366792452830189 0.027358490566037785 0.028301886792452824
0 0.5633018867924529 0.4329056603773585 0.02169811320754733 0.0339622641509435
0 0.2071698113207547 0.492811320754717 0.016981132075471694 0.017924528301886733
0 0.19396226415094334 0.4946981132075472 0.016981132075471694 0.016037735849056656
0 0.2604716981132075 0.5036603773584907 0.016037735849056656 0.016981132075471694
0 0.24867924528301882 0.5017735849056604 0.015094339622641534 0.018867924528301994
0 0.4033962264150943 0.48479245283018874 0.016981132075471694 0.013207547169811318
0 0.38924528301886785 0.4833773584905661 0.018867924528301938 0.02169811320754722
0 0.3024528301886792 0.4937547169811321 0.018867924528301827 0.017924528301886844