0 0.007993670886075832 0.4517088607594937 0.015987341772151664 0.0303797468354432
0 0.02358227848101263 0.4510759493670886 0.03037974683544309 0.0341772151898736
0 0.1796415094339623 0.4923584905660378 0.02452830188679256 0.029245283018867974
0 0.19945283018867926 0.4904716981132076 0.030188679245283123 0.03113207547169805
0 0.08294339622641522 0.4786792452830189 0.027358490566037785 0.028301886792452824
0 0.10369811320754718 0.47490566037735854 0.02169811320754733 0.0339622641509435
0 0.45983018867924524 0.534811320754717 0.016981132075471694 0.017924528301886733
0 0.4730377358490567 0.5366981132075472 0.016981132075471694 0.016037735849056656
0 0.4065283018867925 0.5456603773584906 0.016037735849056545 0.016981132075471583
0 0.41832075471698116 0.5437735849056604 0.015094339622641506 0.018867924528302105
0 0.26360377358490567 0.5267924528301887 0.016981132075471694 0.013207547169811429
0 0.27775471698113213 0.5253773584905661 0.018867924528301994 0.02169811320754711
0 0.36454716981132074 0.5357547169811321 0.018867924528301883 0.017924528301886844