0 0.7502531645569621 0.36922784810126585 0.0354430379746834 0.036708860759493644
0 0.718607594936709 0.37302531645569625 0.04303797468354453 0.044303797468354444
0 0.62873417721519 0.3977088607594937 0.0354430379746834 0.03037974683544309
0 0.6034177215189873 0.39707594936708857 0.03037974683544309 0.0341772151898736
0 0.4473584905660377 0.4383584905660378 0.024528301886792503 0.029245283018868085
0 0.4275471698113207 0.4364716981132076 0.030188679245283068 0.03113207547169805
0 0.5440566037735848 0.424679245283019 0.027358490566037785 0.028301886792452824
0 0.5233018867924528 0.4209056603773585 0.02169811320754733 0.0339622641509435
0 0.16716981132075473 0.480811320754717 0.016981132075471694 0.017924528301886733
0 0.15396226415094333 0.4826981132075472 0.016981132075471694 0.016037735849056656
0 0.2204716981132075 0.4916603773584906 0.016037735849056628 0.016981132075471694
0 0.20867924528301882 0.4897735849056604 0.015094339622641562 0.018867924528301994
0 0.3633962264150943 0.4727924528301887 0.016981132075471694 0.013207547169811318
0 0.3492452830188679 0.4713773584905661 0.018867924528301938 0.02169811320754722
0 0.26245283018867926 0.4817547169811321 0.018867924528301827 0.017924528301886844