0 0.3227468354430379 0.4352278481012658 0.0354430379746834 0.036708860759493644
0 0.354392405063291 0.4390253164556962 0.04303797468354442 0.044303797468354444
0 0.44426582278481 0.4637088607594937 0.0354430379746834 0.0303797468354432
0 0.46958227848101264 0.46307594936708857 0.030379746835442978 0.03417721518987349
0 0.6256415094339622 0.5043584905660379 0.024528301886792447 0.029245283018867974
0 0.6454528301886793 0.5024716981132076 0.030188679245283012 0.03113207547169805
0 0.5289433962264152 0.4906792452830189 0.027358490566037674 0.028301886792452824
0 0.5496981132075471 0.48690566037735855 0.02169811320754722 0.0339622641509435
0 0.9058301886792453 0.5468113207547171 0.016981132075471694 0.017924528301886733
0 0.9190377358490567 0.5486981132075472 0.016981132075471694 0.016037735849056656
0 0.8525283018867925 0.5576603773584906 0.016037735849056656 0.016981132075471583
0 0.8643207547169811 0.5557735849056604 0.015094339622641617 0.018867924528301994
0 0.7096037735849057 0.5387924528301887 0.016981132075471805 0.013207547169811429
0 0.7237547169811321 0.5373773584905661 0.018867924528301883 0.02169811320754711
0 0.8105471698113208 0.5477547169811321 0.018867924528301883 0.017924528301886844