0 0.8312531645569621 0.5897721518987342 0.0354430379746834 0.036708860759493644
0 0.799607594936709 0.5859746835443038 0.04303797468354442 0.044303797468354444
0 0.7097341772151899 0.5612911392405063 0.0354430379746834 0.0303797468354432
0 0.6844177215189874 0.5619240506329114 0.030379746835442978 0.0341772151898736
0 0.5283584905660377 0.5206415094339623 0.02452830188679256 0.029245283018867974
0 0.5085471698113208 0.5225283018867923 0.030188679245283068 0.03113207547169805
0 0.6250566037735847 0.534320754716981 0.027358490566037674 0.028301886792452824
0 0.6043018867924528 0.5380943396226414 0.02169811320754722 0.0339622641509435
0 0.24816981132075472 0.47818867924528297 0.016981132075471694 0.017924528301886733
0 0.23496226415094332 0.4763018867924528 0.016981132075471694 0.016037735849056656
0 0.3014716981132075 0.46733962264150936 0.0160377358490566 0.016981132075471694
0 0.2896792452830188 0.4692264150943396 0.015094339622641562 0.018867924528301938
0 0.4443962264150943 0.4862075471698113 0.016981132075471694 0.013207547169811262
0 0.4302452830188679 0.4876226415094339 0.018867924528301938 0.021698113207547165
0 0.3434528301886792 0.47724528301886787 0.018867924528301883 0.017924528301886844