0 0.11364150943396234 0.4926415094339622 0.02452830188679256 0.029245283018867974
0 0.13345283018867932 0.4945283018867924 0.030188679245283123 0.031132075471697995
0 0.016943396226415164 0.506320754716981 0.027358490566037785 0.028301886792452824
0 0.03769811320754718 0.5100943396226415 0.02169811320754722 0.033962264150943444
0 0.3938301886792453 0.45018867924528294 0.016981132075471694 0.01792452830188679
0 0.4070377358490567 0.4483018867924528 0.016981132075471694 0.016037735849056656
0 0.3405283018867925 0.4393396226415094 0.016037735849056656 0.016981132075471694
0 0.3523207547169812 0.4412264150943396 0.015094339622641506 0.018867924528301938
0 0.19760377358490572 0.45820754716981127 0.016981132075471694 0.013207547169811262
0 0.21175471698113207 0.4596226415094339 0.018867924528301994 0.021698113207547165
0 0.2985471698113208 0.4492452830188679 0.018867924528301883 0.01792452830188679