0 0.04582278481012658 0.044613924050632914 0.09164556962025316 0.08922784810126583
0 0.17286824745944013 0.040816455696202514 0.1565419860937779 0.08163291139240503
0 0.03443037974683533 0.31897468354430386 0.06886075949367065 0.08227848101265811
0 0.11569620253164548 0.31581012658227847 0.08101265822784809 0.08860759493670889
0 0.37075949367088595 0.4569493670886076 0.05949367088607571 0.07215189873417727
0 0.46886075949367084 0.411379746835443 0.06835443037974687 0.07215189873417716
0 0.541645569620253 0.4094810126582279 0.06455696202531658 0.06329113924050622
0 0.6637974683544302 0.5126455696202532 0.04556962025316458 0.0544303797468354
0 0.7802531645569619 0.4069493670886076 0.060759493670885956 0.06835443037974676
0 0.8321518987341772 0.4050506329113924 0.05822784810126591 0.07468354430379742
0 0.17012658227848093 0.501253164556962 0.0354430379746834 0.04177215189873418
0 0.020506329113924027 0.5480886075949367 0.04101265822784805 0.04177215189873429
0 0.9283544303797469 0.5120126582278481 0.04556962025316447 0.04303797468354431
0 0.9669620253164557 0.5120126582278481 0.04430379746835433 0.04303797468354431
0 0.5967088607594935 0.5341645569620254 0.0430379746835442 0.04936708860759498
0 0.2099999999999999 0.4999873417721519 0.0544303797468354 0.05189873417721513