0 0.9854810126582279 0.34437974683544303 0.029037974683544188 0.07215189873417716
0 0.932354430379747 0.3424810126582279 0.06455696202531658 0.06329113924050633
0 0.8102025316455699 0.4456455696202532 0.04556962025316469 0.0544303797468354
0 0.6937468354430381 0.3399493670886077 0.06075949367088607 0.06835443037974676
0 0.6418481012658228 0.3380506329113924 0.05822784810126591 0.07468354430379731
0 0.5456455696202531 0.44501265822784813 0.04556962025316447 0.04303797468354442
0 0.5070379746835443 0.44501265822784813 0.04430379746835433 0.04303797468354442
0 0.35007594936708863 0.45134177215189875 0.044303797468354444 0.05316455696202538
0 0.31400000000000006 0.45324050632911395 0.04303797468354431 0.051898734177215244
0 0.19881012658227853 0.43425316455696206 0.04303797468354434 0.05443037974683551
0 0.15956962025316462 0.43868354430379747 0.04556962025316455 0.0582278481012658
0 0.06969620253164567 0.45513924050632915 0.043037974683544235 0.04303797468354431
0 0.8772911392405065 0.46716455696202536 0.0430379746835442 0.04936708860759487