0 0.04556962025316452 0.042816455696202516 0.09113924050632904 0.08563291139240503
0 0.21075949367088592 0.4609493670886076 0.05949367088607571 0.07215189873417727
0 0.3088607594936708 0.415379746835443 0.06835443037974687 0.07215189873417716
0 0.381645569620253 0.4134810126582279 0.06455696202531658 0.06329113924050622
0 0.5037974683544302 0.5166455696202532 0.04556962025316469 0.0544303797468354
0 0.6202531645569619 0.41094936708860763 0.06075949367088618 0.06835443037974676
0 0.6721518987341771 0.40905063291139243 0.05822784810126591 0.07468354430379742
0 0.0139240506329113 0.505253164556962 0.0278481012658226 0.04177215189873418
0 0.7683544303797468 0.5160126582278481 0.04556962025316458 0.04303797468354431
0 0.8069620253164556 0.5160126582278481 0.04430379746835433 0.04303797468354431
0 0.9639240506329113 0.5223417721518987 0.044303797468354444 0.05316455696202538
0 0.9892405063291139 0.524240506329114 0.021518987341772267 0.05189873417721513
0 0.4367088607594935 0.5381645569620254 0.0430379746835442 0.04936708860759498
0 0.04999999999999988 0.5039873417721519 0.0544303797468354 0.05189873417721513