0 0.9659810126582279 0.38437974683544307 0.06803797468354422 0.07215189873417716
0 0.8933544303797469 0.38248101265822787 0.06455696202531658 0.06329113924050622
0 0.7712025316455697 0.4856455696202532 0.04556962025316469 0.05443037974683551
0 0.6547468354430381 0.3799493670886076 0.06075949367088607 0.06835443037974676
0 0.6028481012658229 0.3780506329113924 0.0582278481012658 0.07468354430379742
0 0.5066455696202532 0.4850126582278481 0.04556962025316458 0.04303797468354431
0 0.46803797468354436 0.4850126582278481 0.04430379746835433 0.04303797468354431
0 0.31107594936708866 0.4913417721518988 0.044303797468354444 0.05316455696202538
0 0.275 0.4932405063291139 0.04303797468354437 0.05189873417721513
0 0.15981012658227856 0.47425316455696204 0.04303797468354434 0.0544303797468354
0 0.1205696202531646 0.47868354430379745 0.04556962025316455 0.05822784810126591
0 0.030696202531645667 0.4951392405063292 0.043037974683544235 0.04303797468354431
0 0.8382911392405065 0.5071645569620253 0.04303797468354431 0.04936708860759498