0 0.022253164556961913 0.6050506329113923 0.044506329113923826 0.07215189873417727
0 0.11286075949367075 0.650620253164557 0.06835443037974687 0.07215189873417716
0 0.18564556962025303 0.652518987341772 0.06455696202531658 0.06329113924050633
0 0.30779746835443017 0.5493544303797468 0.04556962025316469 0.0544303797468354
0 0.4242531645569619 0.6550506329113923 0.06075949367088607 0.06835443037974676
0 0.4761518987341772 0.6569493670886075 0.05822784810126591 0.07468354430379731
0 0.5723544303797469 0.5499873417721519 0.04556962025316458 0.04303797468354442
0 0.6109620253164556 0.5499873417721519 0.04430379746835433 0.04303797468354442
0 0.7679240506329114 0.5436582278481012 0.044303797468354444 0.05316455696202538
0 0.8039999999999999 0.541759493670886 0.04303797468354431 0.05189873417721513
0 0.9191898734177215 0.5607468354430379 0.04303797468354442 0.05443037974683551
0 0.9584303797468354 0.5563164556962026 0.04556962025316458 0.0582278481012658
0 0.24070886075949355 0.5278354430379746 0.0430379746835442 0.04936708860759487