0 0.009569620253164546 0.9791835443037975 0.01913924050632909 0.0416329113924051
0 0.13875949367088597 0.5830506329113924 0.05949367088607571 0.07215189873417738
0 0.23686075949367075 0.6286202531645569 0.06835443037974687 0.07215189873417716
0 0.309645569620253 0.6305189873417721 0.06455696202531658 0.06329113924050622
0 0.43179746835443017 0.5273544303797468 0.04556962025316469 0.05443037974683551
0 0.5482531645569619 0.6330506329113924 0.060759493670885956 0.06835443037974676
0 0.6001518987341772 0.6349493670886075 0.0582278481012658 0.07468354430379731
0 0.6963544303797468 0.5279873417721519 0.04556962025316458 0.04303797468354431
0 0.7349620253164557 0.5279873417721519 0.04430379746835433 0.04303797468354431
0 0.8919240506329114 0.5216582278481012 0.044303797468354444 0.05316455696202532
0 0.9279999999999999 0.519759493670886 0.04303797468354431 0.05189873417721519
0 0.36470886075949355 0.5058354430379747 0.0430379746835442 0.04936708860759498
0 0.002607594936708757 0.5400126582278482 0.005215189873417514 0.05189873417721513