0 0.07267170803879652 0.034113924050632904 0.14394772316291315 0.06822784810126581
0 0.22586824745944012 0.030316455696202504 0.156541986093778 0.06063291139240501
0 0.08198734177215172 0.29797468354430384 0.07974683544303796 0.08227848101265811
0 0.1686962025316454 0.29481012658227845 0.08101265822784809 0.08860759493670889
0 0.42375949367088594 0.4359493670886076 0.05949367088607582 0.07215189873417727
0 0.5218607594936708 0.3903797468354431 0.06835443037974687 0.07215189873417716
0 0.594645569620253 0.3884810126582279 0.06455696202531658 0.06329113924050622
0 0.7167974683544301 0.4916455696202532 0.04556962025316458 0.05443037974683551
0 0.8332531645569619 0.3859493670886076 0.06075949367088607 0.06835443037974676
0 0.8851518987341771 0.3840506329113924 0.0582278481012658 0.07468354430379742
0 0.22312658227848087 0.480253164556962 0.0354430379746834 0.04177215189873418
0 0.07186075949367082 0.5270886075949367 0.044303797468354555 0.04177215189873418
0 0.9792848101265823 0.4910126582278481 0.0414303797468355 0.04303797468354431
0 0.9989050632911393 0.4910126582278481 0.0021898734177214774 0.04303797468354431
0 0.6497088607594935 0.5131645569620253 0.04303797468354431 0.04936708860759498
0 0.2629999999999999 0.4789873417721519 0.05443037974683529 0.05189873417721513