0 0.984481012658228 0.38437974683544307 0.03103797468354419 0.07215189873417716
0 0.930354430379747 0.38248101265822787 0.06455696202531658 0.06329113924050622
0 0.8082025316455699 0.4856455696202532 0.04556962025316469 0.05443037974683551
0 0.691746835443038 0.3799493670886076 0.06075949367088607 0.06835443037974676
0 0.6398481012658228 0.3780506329113924 0.05822784810126591 0.07468354430379742
0 0.5436455696202531 0.4850126582278481 0.04556962025316447 0.04303797468354431
0 0.5050379746835443 0.4850126582278481 0.04430379746835433 0.04303797468354431
0 0.34807594936708863 0.4913417721518988 0.044303797468354444 0.05316455696202538
0 0.31200000000000006 0.4932405063291139 0.04303797468354431 0.05189873417721513
0 0.19681012658227853 0.47425316455696204 0.04303797468354434 0.0544303797468354
0 0.15756962025316462 0.47868354430379745 0.04556962025316455 0.05822784810126591
0 0.06769620253164567 0.4951392405063292 0.043037974683544235 0.04303797468354431
0 0.8752911392405065 0.5071645569620253 0.0430379746835442 0.04936708860759498