0 0.011322784810126552 0.015613924050632944 0.022645569620253103 0.031227848101265887
0 0.10386824745944012 0.011816455696202544 0.156541986093778 0.023632911392405087
0 0.046696202531645414 0.25781012658227853 0.08101265822784809 0.08860759493670889
0 0.30175949367088595 0.3989493670886077 0.05949367088607582 0.07215189873417727
0 0.3998607594936708 0.35337974683544304 0.06835443037974687 0.07215189873417716
0 0.47264556962025306 0.3514810126582279 0.06455696202531658 0.06329113924050633
0 0.5947974683544301 0.4546455696202532 0.04556962025316469 0.0544303797468354
0 0.711253164556962 0.34894936708860763 0.06075949367088607 0.06835443037974687
0 0.7631518987341772 0.34705063291139243 0.0582278481012658 0.07468354430379731
0 0.10112658227848087 0.443253164556962 0.0354430379746834 0.04177215189873407
0 0.8593544303797468 0.45401265822784814 0.04556962025316458 0.04303797468354442
0 0.8979620253164557 0.45401265822784814 0.04430379746835433 0.04303797468354442
0 0.5277088607594935 0.47616455696202536 0.04303797468354409 0.04936708860759487
0 0.1409999999999999 0.4419873417721519 0.05443037974683529 0.05189873417721513