0 0.04606962025316452 0.009316455696202541 0.09213924050632905 0.018632911392405083
0 0.21175949367088592 0.39394936708860767 0.05949367088607571 0.07215189873417727
0 0.3098607594936708 0.34837974683544304 0.06835443037974687 0.07215189873417716
0 0.382645569620253 0.3464810126582279 0.06455696202531658 0.06329113924050633
0 0.5047974683544302 0.4496455696202532 0.04556962025316458 0.0544303797468354
0 0.6212531645569619 0.3439493670886077 0.060759493670885956 0.06835443037974676
0 0.6731518987341771 0.3420506329113924 0.0582278481012658 0.07468354430379731
0 0.0144240506329113 0.438253164556962 0.0288481012658226 0.04177215189873407
0 0.7693544303797468 0.44901265822784814 0.04556962025316458 0.04303797468354442
0 0.8079620253164557 0.44901265822784814 0.04430379746835433 0.04303797468354442
0 0.9649240506329113 0.45534177215189875 0.044303797468354444 0.05316455696202538
0 0.9897405063291138 0.4572405063291139 0.020518987341772266 0.05189873417721513
0 0.4377088607594935 0.47116455696202536 0.0430379746835442 0.04936708860759487
0 0.05099999999999988 0.4369873417721519 0.0544303797468354 0.051898734177215244