0 0.09875949367088593 0.5750506329113925 0.05949367088607571 0.07215189873417727
0 0.19686075949367082 0.6206202531645569 0.06835443037974687 0.07215189873417716
0 0.269645569620253 0.6225189873417721 0.06455696202531658 0.06329113924050622
0 0.3917974683544302 0.5193544303797468 0.04556962025316458 0.05443037974683551
0 0.5082531645569619 0.6250506329113924 0.060759493670885956 0.06835443037974676
0 0.5601518987341771 0.6269493670886075 0.0582278481012658 0.07468354430379731
0 0.6563544303797468 0.5199873417721519 0.04556962025316447 0.04303797468354437
0 0.6949620253164557 0.5199873417721519 0.04430379746835422 0.04303797468354437
0 0.8519240506329113 0.5136582278481012 0.044303797468354444 0.05316455696202532
0 0.8879999999999999 0.511759493670886 0.04303797468354442 0.05189873417721513
0 0.9908354430379747 0.5307468354430379 0.018329113924050677 0.05443037974683551
0 0.3247088607594935 0.49783544303797467 0.0430379746835442 0.04936708860759498