0 0.9959303797468355 0.030316455696202504 0.008139240506329082 0.06063291139240501
0 0.8722405063291141 0.4359493670886076 0.05949367088607571 0.07215189873417727
0 0.7741392405063292 0.3903797468354431 0.06835443037974687 0.07215189873417716
0 0.701354430379747 0.3884810126582279 0.06455696202531658 0.06329113924050622
0 0.5792025316455698 0.4916455696202532 0.04556962025316469 0.05443037974683551
0 0.4627468354430381 0.3859493670886076 0.06075949367088607 0.06835443037974676
0 0.41084810126582283 0.3840506329113924 0.058227848101265856 0.07468354430379742
0 0.31464556962025314 0.4910126582278481 0.04556962025316452 0.04303797468354431
0 0.27603797468354435 0.4910126582278481 0.04430379746835433 0.04303797468354431
0 0.11907594936708865 0.4973417721518988 0.04430379746835446 0.05316455696202538
0 0.08300000000000006 0.49924050632911393 0.043037974683544346 0.05189873417721513
0 0.6462911392405064 0.5131645569620253 0.0430379746835442 0.04936708860759498