0 0.9203282919612035 0.033613924050632904 0.14394772316291327 0.06722784810126581
0 0.7671317525405599 0.029816455696202504 0.156541986093778 0.05963291139240501
0 0.9110126582278483 0.29697468354430384 0.07974683544303796 0.08227848101265811
0 0.8243037974683546 0.29381012658227845 0.08101265822784809 0.08860759493670889
0 0.569240506329114 0.4349493670886076 0.05949367088607582 0.07215189873417727
0 0.4711392405063292 0.3893797468354431 0.06835443037974687 0.07215189873417716
0 0.398354430379747 0.3874810126582279 0.06455696202531658 0.06329113924050622
0 0.27620253164556985 0.49064556962025313 0.04556962025316463 0.0544303797468354
0 0.15974683544303808 0.3849493670886076 0.06075949367088604 0.06835443037974676
0 0.10784810126582284 0.3830506329113924 0.05822784810126587 0.07468354430379742
0 0.7698734177215192 0.479253164556962 0.0354430379746834 0.04177215189873418
0 0.9211392405063292 0.5260886075949367 0.044303797468354555 0.04177215189873418
0 0.01721518987341773 0.4900126582278482 0.03443037974683546 0.04303797468354442
0 0.34329113924050647 0.5121645569620253 0.043037974683544256 0.04936708860759498
0 0.7300000000000001 0.4779873417721519 0.05443037974683529 0.05189873417721513