0 0.0478607594936708 0.34437974683544303 0.06835443037974687 0.07215189873417716
0 0.12064556962025297 0.3424810126582279 0.06455696202531658 0.06329113924050633
0 0.24279746835443017 0.4456455696202532 0.04556962025316458 0.0544303797468354
0 0.35925316455696193 0.3399493670886077 0.06075949367088607 0.06835443037974676
0 0.4111518987341772 0.3380506329113924 0.0582278481012658 0.07468354430379731
0 0.5073544303797468 0.44501265822784813 0.04556962025316458 0.04303797468354442
0 0.5459620253164557 0.44501265822784813 0.04430379746835422 0.04303797468354442
0 0.7029240506329114 0.45134177215189875 0.044303797468354444 0.05316455696202538
0 0.739 0.45324050632911395 0.04303797468354431 0.051898734177215244
0 0.8541898734177215 0.43425316455696206 0.04303797468354431 0.05443037974683551
0 0.8934303797468354 0.43868354430379747 0.04556962025316458 0.0582278481012658
0 0.9808924050632911 0.45513924050632915 0.038215189873417765 0.04303797468354431
0 0.1757088607594935 0.46716455696202536 0.0430379746835442 0.04936708860759487