0 0.9924810126582279 0.39937974683544303 0.015037974683544286 0.07215189873417727
0 0.946354430379747 0.3974810126582279 0.06455696202531658 0.06329113924050622
0 0.8242025316455699 0.5006455696202532 0.04556962025316469 0.0544303797468354
0 0.7077468354430381 0.3949493670886076 0.06075949367088607 0.06835443037974676
0 0.6558481012658228 0.3930506329113924 0.05822784810126591 0.07468354430379742
0 0.5596455696202531 0.5000126582278481 0.04556962025316447 0.04303797468354431
0 0.5210379746835443 0.5000126582278481 0.04430379746835433 0.04303797468354431
0 0.36407594936708865 0.5063417721518988 0.044303797468354444 0.05316455696202527
0 0.32800000000000007 0.508240506329114 0.04303797468354437 0.05189873417721513
0 0.21281012658227855 0.4892531645569621 0.04303797468354434 0.05443037974683551
0 0.17356962025316458 0.49368354430379746 0.04556962025316455 0.05822784810126591
0 0.08369620253164567 0.5101392405063291 0.043037974683544235 0.04303797468354431
0 0.8912911392405065 0.5221645569620254 0.0430379746835442 0.04936708860759498