0 0.9955379746835443 0.6105189873417721 0.008924050632911351 0.06329113924050622
0 0.9012025316455698 0.5073544303797468 0.04556962025316469 0.054430379746835456
0 0.784746835443038 0.6130506329113924 0.06075949367088607 0.06835443037974676
0 0.7328481012658228 0.6149493670886076 0.0582278481012658 0.07468354430379742
0 0.6366455696202532 0.5079873417721519 0.04556962025316458 0.04303797468354437
0 0.5980379746835442 0.5079873417721519 0.04430379746835433 0.04303797468354437
0 0.44107594936708866 0.5016582278481012 0.044303797468354444 0.05316455696202532
0 0.405 0.49975949367088607 0.04303797468354437 0.05189873417721513
0 0.28981012658227856 0.5187468354430379 0.04303797468354437 0.054430379746835456
0 0.2505696202531646 0.5143164556962025 0.04556962025316455 0.05822784810126591
0 0.16069620253164568 0.49786075949367087 0.04303797468354423 0.04303797468354442
0 0.9682911392405065 0.48583544303797466 0.04303797468354431 0.04936708860759498