0 0.8211139240506331 0.5035316455696203 0.04050632911392393 0.04303797468354431
0 0.7812405063291141 0.5016329113924052 0.03924050632911402 0.0468354430379746
0 0.6059240506329114 0.4927721518987342 0.04303797468354431 0.04936708860759487
0 0.562253164556962 0.4921392405063291 0.044303797468354555 0.04810126582278473
0 0.9255443037974684 0.5744177215189873 0.026582278481012467 0.03797468354430378
0 0.9008607594936711 0.5744177215189873 0.027848101265822822 0.032911392405063244
0 0.8673164556962026 0.6047974683544304 0.02405063291139231 0.03037974683544309
0 0.8486666666666667 0.6021111111111112 0.024444444444444602 0.026666666666666616
0 0.7914444444444445 0.6065555555555555 0.02111111111111108 0.022222222222222254
0 0.7892222222222222 0.6054444444444445 0.0277777777777779 0.03111111111111109
0 0.7664444444444445 0.6065555555555555 0.024444444444444602 0.0311111111111112
0 0.9614444444444443 0.6176666666666667 0.02777777777777779 0.02444444444444449
0 0.9948888888888889 0.6204444444444445 0.010222222222222133 0.0277777777777779
0 0.7358888888888888 0.6198888888888889 0.025555555555555665 0.020000000000000018
0 0.7158888888888889 0.6182222222222222 0.0277777777777779 0.025555555555555554
0 0.692 0.6265000000000001 0.019999999999999907 0.019000000000000017
0 0.6755 0.624 0.017000000000000015 0.018000000000000016
0 0.5495000000000001 0.625 0.02100000000000002 0.020000000000000018
0 0.532 0.6255 0.02200000000000002 0.019000000000000128
0 0.6074999999999999 0.623 0.019000000000000017 0.020000000000000018
0 0.5920000000000001 0.624 0.019999999999999907 0.02200000000000002
0 0.8234999999999999 0.632 0.019000000000000017 0.018000000000000016
0 0.6365000000000001 0.626 0.02100000000000002 0.02200000000000002