0 0.8851139240506332 0.48553164556962025 0.040506329113924044 0.04303797468354431
0 0.8452405063291142 0.4836329113924051 0.03924050632911391 0.0468354430379746
0 0.6699240506329115 0.4747721518987342 0.04303797468354431 0.04936708860759487
0 0.626253164556962 0.4741392405063291 0.044303797468354555 0.04810126582278473
0 0.988126582278481 0.5564177215189873 0.023746835443037795 0.03797468354430378
0 0.9648607594936711 0.5564177215189874 0.027848101265822822 0.032911392405063356
0 0.9313164556962026 0.5867974683544304 0.024050632911392422 0.03037974683544309
0 0.9126666666666666 0.5841111111111111 0.02444444444444449 0.026666666666666616
0 0.8554444444444445 0.5885555555555555 0.02111111111111108 0.022222222222222254
0 0.8532222222222221 0.5874444444444444 0.02777777777777779 0.03111111111111109
0 0.8304444444444445 0.5885555555555555 0.024444444444444602 0.0311111111111112
0 0.7998888888888889 0.6018888888888889 0.025555555555555665 0.020000000000000018
0 0.7798888888888889 0.6002222222222222 0.02777777777777779 0.025555555555555554
0 0.756 0.6085 0.020000000000000018 0.019000000000000017
0 0.7395 0.606 0.017000000000000015 0.018000000000000016
0 0.6134999999999999 0.607 0.02100000000000002 0.020000000000000018
0 0.596 0.6074999999999999 0.02200000000000002 0.019000000000000128
0 0.6715 0.605 0.019000000000000017 0.020000000000000018
0 0.6560000000000001 0.606 0.019999999999999907 0.02200000000000002
0 0.8875 0.614 0.019000000000000017 0.018000000000000016
0 0.7004999999999999 0.608 0.02100000000000002 0.02200000000000002