0 0.11488607594936684 0.46753164556962024 0.040506329113924044 0.04303797468354431
0 0.15475949367088582 0.4656329113924051 0.03924050632911391 0.0468354430379746
0 0.3300759493670885 0.45677215189873416 0.04303797468354431 0.04936708860759487
0 0.37374683544303794 0.45613924050632915 0.044303797468354555 0.048101265822784844
0 0.011873417721518897 0.5384177215189874 0.023746835443037795 0.03797468354430378
0 0.03513924050632894 0.5384177215189874 0.027848101265822822 0.032911392405063356
0 0.06868354430379736 0.5687974683544305 0.024050632911392422 0.030379746835442978
0 0.08733333333333337 0.5661111111111111 0.02444444444444449 0.026666666666666616
0 0.14455555555555555 0.5705555555555555 0.02111111111111108 0.022222222222222254
0 0.14677777777777784 0.5694444444444444 0.02777777777777779 0.03111111111111109
0 0.16955555555555551 0.5705555555555555 0.024444444444444602 0.0311111111111112
0 0.20011111111111107 0.5838888888888889 0.025555555555555665 0.020000000000000018
0 0.2201111111111111 0.5822222222222222 0.02777777777777779 0.025555555555555554
0 0.244 0.5905 0.020000000000000018 0.019000000000000017
0 0.2605 0.588 0.017000000000000015 0.018000000000000016
0 0.3865 0.589 0.02100000000000002 0.020000000000000018
0 0.404 0.5894999999999999 0.02200000000000002 0.019000000000000017
0 0.32849999999999996 0.587 0.019000000000000017 0.020000000000000018
0 0.3439999999999999 0.588 0.019999999999999907 0.02200000000000002
0 0.11249999999999999 0.596 0.019000000000000017 0.018000000000000016
0 0.29950000000000004 0.59 0.02100000000000002 0.02200000000000002