0 0.9151139240506332 0.4724683544303797 0.040506329113924044 0.04303797468354437
0 0.8752405063291142 0.4743670886075949 0.03924050632911402 0.046835443037974656
0 0.6999240506329114 0.48322784810126584 0.04303797468354442 0.04936708860759481
0 0.656253164556962 0.48386075949367086 0.044303797468354555 0.04810126582278473
0 0.9904683544303798 0.4015822784810127 0.019063291139240435 0.0329113924050633
0 0.9613164556962026 0.3712025316455696 0.02405063291139231 0.030379746835443033
0 0.9426666666666665 0.3738888888888889 0.024444444444444602 0.026666666666666727
0 0.8854444444444445 0.36944444444444446 0.02111111111111108 0.0222222222222222
0 0.8832222222222221 0.3705555555555555 0.02777777777777779 0.03111111111111109
0 0.8604444444444445 0.36944444444444446 0.02444444444444449 0.031111111111111145
0 0.8298888888888889 0.3561111111111111 0.025555555555555665 0.020000000000000018
0 0.8098888888888889 0.35777777777777775 0.02777777777777779 0.025555555555555554
0 0.786 0.34950000000000003 0.020000000000000018 0.01899999999999996
0 0.7695000000000001 0.352 0.017000000000000015 0.01799999999999996
0 0.6435 0.351 0.02100000000000002 0.019999999999999962
0 0.626 0.35050000000000003 0.02200000000000002 0.019000000000000017
0 0.7015 0.353 0.019000000000000017 0.019999999999999962
0 0.686 0.352 0.019999999999999796 0.021999999999999964
0 0.9175 0.344 0.019000000000000017 0.01799999999999996
0 0.7304999999999999 0.35 0.02100000000000002 0.021999999999999964