0 0.9964240506329114 0.44068354430379747 0.007151898734177209 0.0430379746835442
0 0.7941139240506332 0.46853164556962024 0.040506329113924044 0.04303797468354431
0 0.7542405063291142 0.4666329113924051 0.03924050632911402 0.0468354430379746
0 0.5789240506329114 0.45777215189873416 0.04303797468354442 0.04936708860759487
0 0.535253164556962 0.45713924050632915 0.044303797468354555 0.048101265822784844
0 0.8985443037974685 0.5394177215189874 0.026582278481012467 0.03797468354430378
0 0.8738607594936709 0.5394177215189874 0.027848101265822822 0.032911392405063244
0 0.8403164556962026 0.5697974683544305 0.02405063291139231 0.03037974683544309
0 0.8216666666666665 0.5671111111111111 0.024444444444444602 0.026666666666666727
0 0.7644444444444445 0.5715555555555556 0.02111111111111108 0.022222222222222143
0 0.7622222222222221 0.5704444444444445 0.02777777777777779 0.03111111111111109
0 0.7394444444444445 0.5715555555555556 0.02444444444444449 0.03111111111111109
0 0.9344444444444444 0.5826666666666667 0.02777777777777779 0.02444444444444438
0 0.9744444444444444 0.5854444444444444 0.023333333333333206 0.02777777777777779
0 0.7088888888888889 0.5848888888888889 0.025555555555555665 0.020000000000000018
0 0.6888888888888889 0.5832222222222223 0.02777777777777779 0.025555555555555443
0 0.665 0.5915 0.020000000000000018 0.018999999999999906
0 0.6485000000000001 0.589 0.017000000000000015 0.017999999999999905
0 0.5225 0.5900000000000001 0.02100000000000002 0.019999999999999907
0 0.505 0.5905 0.02200000000000002 0.019000000000000017
0 0.5805 0.5880000000000001 0.019000000000000017 0.019999999999999907
0 0.5650000000000001 0.589 0.019999999999999796 0.02199999999999991
0 0.7965 0.597 0.019000000000000017 0.017999999999999905
0 0.6094999999999999 0.591 0.02100000000000002 0.02199999999999991