0 0.3507341772151898 0.48398734177215186 0.04556962025316469 0.036708860759493644
0 0.3652911392405062 0.5428481012658228 0.04430379746835433 0.04810126582278473
0 0.40516455696202525 0.5403164556962026 0.03797468354430378 0.0430379746835442
0 0.6228860759493668 0.5124683544303797 0.040506329113924044 0.04303797468354431
0 0.6627594936708858 0.5143670886075948 0.03924050632911391 0.0468354430379746
0 0.8380759493670885 0.5232278481012658 0.04303797468354431 0.04936708860759487
0 0.881746835443038 0.5238607594936708 0.044303797468354555 0.04810126582278479
0 0.5184556962025315 0.44158227848101267 0.026582278481012467 0.03797468354430378
0 0.5431392405063289 0.4415822784810126 0.027848101265822822 0.0329113924050633
0 0.5766835443037973 0.41120253164556964 0.02405063291139231 0.030379746835443033
0 0.5953333333333334 0.41388888888888886 0.02444444444444449 0.026666666666666672
0 0.6525555555555556 0.4094444444444444 0.02111111111111108 0.0222222222222222
0 0.6547777777777778 0.41055555555555556 0.0277777777777779 0.03111111111111109
0 0.6775555555555556 0.4094444444444444 0.02444444444444449 0.031111111111111145
0 0.4825555555555557 0.3983333333333333 0.02777777777777779 0.02444444444444449
0 0.44255555555555554 0.39555555555555555 0.023333333333333317 0.02777777777777779
0 0.7081111111111111 0.3961111111111111 0.025555555555555665 0.020000000000000018
0 0.728111111111111 0.3977777777777778 0.0277777777777779 0.025555555555555554
0 0.752 0.3895 0.020000000000000018 0.019000000000000017
0 0.7685 0.392 0.017000000000000015 0.018000000000000016
0 0.8945000000000001 0.391 0.02100000000000002 0.020000000000000018
0 0.912 0.39050000000000007 0.02200000000000002 0.019000000000000072
0 0.8365 0.393 0.019000000000000017 0.020000000000000018
0 0.8519999999999999 0.392 0.019999999999999907 0.02200000000000002
0 0.6205 0.384 0.019000000000000017 0.018000000000000016
0 0.8075 0.39 0.02100000000000013 0.02200000000000002