0 0.05488607594936684 0.46253164556962023 0.04050632911392393 0.04303797468354431
0 0.09475949367088582 0.4606329113924051 0.03924050632911402 0.0468354430379746
0 0.2700759493670885 0.45177215189873415 0.04303797468354442 0.04936708860759487
0 0.313746835443038 0.45113924050632914 0.044303797468354555 0.048101265822784844
0 0.01035443037974676 0.5637974683544305 0.02070886075949352 0.03037974683544309
0 0.027333333333333376 0.5611111111111111 0.024444444444444602 0.02666666666666684
0 0.0845555555555555 0.5655555555555556 0.02111111111111108 0.022222222222222143
0 0.08677777777777784 0.5644444444444445 0.0277777777777779 0.03111111111111109
0 0.10955555555555557 0.5655555555555556 0.024444444444444602 0.03111111111111109
0 0.14011111111111113 0.5788888888888889 0.025555555555555665 0.020000000000000018
0 0.1601111111111111 0.5772222222222223 0.0277777777777779 0.025555555555555554
0 0.184 0.5855 0.019999999999999907 0.018999999999999906
0 0.20049999999999996 0.5830000000000001 0.017000000000000015 0.018000000000000016
0 0.32649999999999996 0.5840000000000001 0.02100000000000002 0.019999999999999907
0 0.344 0.5845 0.02200000000000002 0.019000000000000017
0 0.2685 0.5820000000000001 0.019000000000000017 0.020000000000000018
0 0.284 0.583 0.019999999999999907 0.02199999999999991
0 0.05250000000000005 0.591 0.019000000000000017 0.017999999999999905
0 0.2395 0.585 0.02100000000000002 0.02199999999999991