0 0.8459240506329115 0.46677215189873417 0.04303797468354442 0.04936708860759487
0 0.8022531645569619 0.4661392405063291 0.044303797468354555 0.04810126582278473
0 0.9971111111111111 0.5805555555555555 0.005777777777777882 0.0311111111111112
0 0.9758888888888889 0.5938888888888889 0.025555555555555554 0.020000000000000018
0 0.9558888888888889 0.5922222222222222 0.0277777777777779 0.025555555555555554
0 0.9319999999999999 0.6005 0.019999999999999907 0.019000000000000017
0 0.9155 0.598 0.017000000000000015 0.018000000000000016
0 0.7895000000000001 0.599 0.02100000000000002 0.020000000000000018
0 0.772 0.5994999999999999 0.02200000000000002 0.019000000000000017
0 0.8474999999999999 0.597 0.019000000000000017 0.020000000000000018
0 0.8320000000000001 0.598 0.019999999999999907 0.02200000000000002
0 0.8765000000000001 0.6 0.02100000000000002 0.02200000000000002