0 0.8521139240506331 0.5115316455696203 0.040506329113924044 0.04303797468354431
0 0.8122405063291142 0.5096329113924052 0.03924050632911391 0.0468354430379746
0 0.6369240506329115 0.5007721518987343 0.04303797468354431 0.04936708860759487
0 0.5932531645569621 0.5001392405063292 0.044303797468354555 0.04810126582278473
0 0.9565443037974686 0.5824177215189873 0.026582278481012467 0.03797468354430378
0 0.931860759493671 0.5824177215189873 0.027848101265822822 0.032911392405063244
0 0.8983164556962027 0.6127974683544304 0.02405063291139231 0.03037974683544309
0 0.8796666666666666 0.6101111111111112 0.024444444444444602 0.026666666666666616
0 0.8224444444444444 0.6145555555555555 0.02111111111111108 0.022222222222222254
0 0.8202222222222222 0.6134444444444445 0.0277777777777779 0.03111111111111109
0 0.7974444444444444 0.6145555555555555 0.024444444444444602 0.03111111111111109
0 0.9892777777777777 0.6256666666666667 0.0214444444444446 0.02444444444444449
0 0.766888888888889 0.6278888888888889 0.025555555555555665 0.020000000000000018
0 0.7468888888888889 0.6262222222222222 0.02777777777777779 0.025555555555555554
0 0.723 0.6345000000000001 0.020000000000000018 0.019000000000000017
0 0.7064999999999999 0.632 0.017000000000000015 0.018000000000000016
0 0.5805 0.633 0.02100000000000002 0.020000000000000018
0 0.563 0.6335 0.02199999999999991 0.019000000000000128
0 0.6385000000000001 0.631 0.019000000000000017 0.020000000000000018
0 0.623 0.632 0.019999999999999907 0.02200000000000002
0 0.8545 0.64 0.019000000000000017 0.018000000000000016
0 0.6675 0.634 0.02100000000000002 0.02200000000000002