0 0.6652658227848103 0.43098734177215187 0.04556962025316469 0.036708860759493644
0 0.6507088607594937 0.4898481012658228 0.04430379746835422 0.04810126582278468
0 0.6108354430379748 0.4873164556962025 0.03797468354430378 0.043037974683544256
0 0.39311392405063317 0.45946835443037976 0.040506329113924044 0.04303797468354431
0 0.3532405063291142 0.4613670886075949 0.03924050632911397 0.0468354430379746
0 0.17792405063291147 0.47022784810126583 0.04303797468354437 0.04936708860759481
0 0.134253164556962 0.47086075949367084 0.044303797468354555 0.04810126582278473
0 0.4975443037974685 0.3885822784810127 0.026582278481012522 0.03797468354430383
0 0.472860759493671 0.3885822784810127 0.027848101265822822 0.0329113924050633
0 0.43931645569620265 0.3582025316455696 0.02405063291139231 0.030379746835443033
0 0.42066666666666663 0.3608888888888889 0.024444444444444602 0.026666666666666672
0 0.36344444444444446 0.35644444444444445 0.02111111111111108 0.0222222222222222
0 0.36122222222222217 0.3575555555555555 0.02777777777777779 0.031111111111111034
0 0.33844444444444444 0.35644444444444445 0.024444444444444546 0.031111111111111145
0 0.5334444444444444 0.34533333333333327 0.02777777777777779 0.024444444444444435
0 0.5734444444444444 0.3425555555555555 0.023333333333333317 0.027777777777777846
0 0.30788888888888893 0.3431111111111111 0.025555555555555665 0.020000000000000018
0 0.2878888888888889 0.34477777777777774 0.02777777777777779 0.025555555555555498
0 0.264 0.3365 0.020000000000000018 0.01899999999999996
0 0.2475 0.33899999999999997 0.017000000000000015 0.01799999999999996
0 0.1215 0.33799999999999997 0.021000000000000005 0.019999999999999962
0 0.10400000000000001 0.3375 0.022000000000000006 0.019000000000000017
0 0.1795 0.33999999999999997 0.01899999999999999 0.019999999999999962
0 0.16400000000000003 0.33899999999999997 0.01999999999999988 0.021999999999999964
0 0.3955 0.331 0.019000000000000017 0.018000000000000016
0 0.20850000000000002 0.33699999999999997 0.02099999999999999 0.021999999999999964