0 0.9191139240506332 0.5015316455696203 0.040506329113924044 0.04303797468354431
0 0.8792405063291142 0.4996329113924051 0.03924050632911402 0.0468354430379746
0 0.7039240506329114 0.4907721518987342 0.04303797468354442 0.04936708860759487
0 0.660253164556962 0.4901392405063291 0.044303797468354555 0.04810126582278473
0 0.9924683544303798 0.5724177215189873 0.015063291139240431 0.032911392405063244
0 0.9653164556962026 0.6027974683544304 0.02405063291139231 0.03037974683544309
0 0.9466666666666665 0.6001111111111112 0.024444444444444602 0.026666666666666616
0 0.8894444444444445 0.6045555555555555 0.02111111111111108 0.022222222222222254
0 0.8872222222222221 0.6034444444444444 0.02777777777777779 0.03111111111111109
0 0.8644444444444445 0.6045555555555555 0.02444444444444449 0.0311111111111112
0 0.8338888888888889 0.6178888888888889 0.025555555555555665 0.020000000000000018
0 0.8138888888888889 0.6162222222222222 0.02777777777777779 0.025555555555555554
0 0.79 0.6245 0.020000000000000018 0.019000000000000017
0 0.7735000000000001 0.622 0.017000000000000015 0.018000000000000016
0 0.6475 0.623 0.02100000000000002 0.020000000000000018
0 0.63 0.6234999999999999 0.02200000000000002 0.019000000000000128
0 0.7055 0.621 0.019000000000000017 0.020000000000000018
0 0.6900000000000001 0.622 0.019999999999999796 0.02200000000000002
0 0.9215 0.63 0.019000000000000017 0.018000000000000016
0 0.7344999999999999 0.624 0.02100000000000002 0.02200000000000002