0 0.17805063291139228 0.4804303797468354 0.04556962025316447 0.04430379746835433
0 0.2191898734177214 0.47789873417721523 0.04430379746835433 0.0468354430379746
0 0.4312151898734176 0.456379746835443 0.04303797468354442 0.051898734177215244
0 0.4704556962025316 0.4519493670886076 0.04303797468354409 0.04810126582278473
0 0.6293164556962025 0.4835949367088607 0.03924050632911391 0.04810126582278473
0 0.6698227848101265 0.48296202531645566 0.044303797468354444 0.0392405063291138
0 0.535012658227848 0.5304303797468355 0.0354430379746834 0.032911392405063356
0 0.5647594936708861 0.5272658227848102 0.03924050632911391 0.029113924050632956
0 0.40210126582278466 0.5380253164556962 0.03544303797468362 0.04303797468354431
0 0.3660253164556961 0.5715696202531646 0.029113924050632956 0.029113924050632956
0 0.3096962025316454 0.5760000000000001 0.025316455696202445 0.025316455696202556
0 0.32931645569620244 0.5728354430379747 0.026582278481012467 0.021518987341772045
0 0.5957721518987341 0.5791645569620254 0.022784810126582178 0.021518987341772156
0 0.4729873417721519 0.5905569620253164 0.025316455696202556 0.01898734177215189