0 0.8687848101265824 0.487379746835443 0.04303797468354431 0.05189873417721513
0 0.8295443037974685 0.48294936708860764 0.04303797468354409 0.04810126582278473
0 0.6706835443037975 0.5145949367088607 0.03924050632911391 0.04810126582278473
0 0.6301772151898735 0.5139620253164557 0.044303797468354444 0.03924050632911391
0 0.764987341772152 0.5614303797468354 0.0354430379746834 0.032911392405063356
0 0.735240506329114 0.5582658227848102 0.03924050632911391 0.029113924050632844
0 0.8978987341772153 0.5690253164556962 0.03544303797468362 0.0430379746835442
0 0.9339746835443039 0.6025696202531646 0.029113924050632956 0.029113924050632844
0 0.9888227848101268 0.607 0.022354430379746604 0.025316455696202556
0 0.9706835443037976 0.6038354430379748 0.026582278481012467 0.021518987341772045
0 0.7042278481012658 0.6101645569620253 0.02278481012658229 0.021518987341772267
0 0.8270126582278481 0.6215569620253165 0.025316455696202556 0.01898734177215189