0 0.2560506329113923 0.4804303797468354 0.045569620253164356 0.04430379746835433
0 0.29718987341772135 0.47789873417721523 0.04430379746835433 0.0468354430379746
0 0.5092151898734176 0.456379746835443 0.04303797468354431 0.051898734177215244
0 0.5484556962025315 0.4519493670886076 0.04303797468354409 0.04810126582278473
0 0.7073164556962025 0.4835949367088607 0.03924050632911391 0.04810126582278473
0 0.7478227848101265 0.48296202531645566 0.044303797468354444 0.0392405063291138
0 0.6130126582278481 0.5304303797468355 0.0354430379746834 0.032911392405063356
0 0.642759493670886 0.5272658227848102 0.03924050632911402 0.029113924050632956
0 0.4801012658227846 0.5380253164556962 0.03544303797468362 0.04303797468354431
0 0.44402531645569604 0.5715696202531646 0.029113924050632956 0.029113924050632956
0 0.38769620253164544 0.5760000000000001 0.025316455696202333 0.025316455696202556
0 0.4073164556962024 0.5728354430379747 0.026582278481012467 0.021518987341772045
0 0.6737721518987342 0.5791645569620254 0.022784810126582178 0.021518987341772156
0 0.5509873417721518 0.5905569620253164 0.025316455696202556 0.01898734177215189