0 0.4619493670886077 0.47143037974683544 0.04556962025316441 0.044303797468354444
0 0.4208101265822786 0.4688987341772152 0.04430379746835433 0.0468354430379746
0 0.2087848101265824 0.44737974683544307 0.04303797468354434 0.05189873417721513
0 0.16954430379746843 0.4429493670886076 0.04303797468354412 0.04810126582278473
0 0.015151898734177223 0.4745949367088607 0.030303797468354446 0.04810126582278473
0 0.10498734177215192 0.5214303797468355 0.03544303797468343 0.032911392405063244
0 0.07524050632911394 0.5182658227848101 0.03924050632911394 0.029113924050632844
0 0.23789873417721538 0.5290253164556963 0.03544303797468368 0.04303797468354431
0 0.273974683544304 0.5625696202531646 0.0291139240506329 0.029113924050632844
0 0.3303037974683546 0.567 0.02531645569620239 0.025316455696202556
0 0.31068354430379763 0.5638354430379747 0.026582278481012522 0.021518987341772045
0 0.044227848101265864 0.5701645569620253 0.02278481012658222 0.021518987341772156
0 0.1670126582278481 0.5815569620253165 0.025316455696202528 0.018987341772152