0 0.6389493670886077 0.4844303797468354 0.04556962025316447 0.04430379746835433
0 0.5978101265822786 0.48189873417721524 0.04430379746835433 0.0468354430379746
0 0.3857848101265824 0.460379746835443 0.04303797468354431 0.051898734177215244
0 0.3465443037974685 0.4559493670886076 0.043037974683544145 0.04810126582278473
0 0.18768354430379747 0.4875949367088607 0.03924050632911394 0.04810126582278473
0 0.1471772151898735 0.48696202531645566 0.044303797468354444 0.0392405063291138
0 0.2819873417721519 0.5344303797468355 0.035443037974683456 0.032911392405063356
0 0.25224050632911393 0.5312658227848102 0.03924050632911391 0.029113924050632956
0 0.41489873417721534 0.5420253164556962 0.03544303797468368 0.04303797468354431
0 0.4509746835443039 0.5755696202531646 0.0291139240506329 0.029113924050632956
0 0.5073037974683545 0.58 0.02531645569620239 0.025316455696202445
0 0.48768354430379757 0.5768354430379747 0.026582278481012522 0.021518987341772045
0 0.22122784810126586 0.5831645569620254 0.022784810126582233 0.021518987341772156
0 0.3440126582278481 0.5945569620253164 0.0253164556962025 0.01898734177215189