0 0.3920506329113923 0.48656962025316464 0.045569620253164356 0.0443037974683545
0 0.43318987341772136 0.4891012658227848 0.04430379746835433 0.046835443037974656
0 0.6452151898734176 0.510620253164557 0.04303797468354431 0.05189873417721519
0 0.6844556962025315 0.5150506329113924 0.04303797468354409 0.04810126582278473
0 0.8433164556962025 0.48340506329113925 0.03924050632911391 0.04810126582278473
0 0.8838227848101265 0.48403797468354426 0.044303797468354555 0.039240506329113856
0 0.749012658227848 0.43656962025316454 0.0354430379746834 0.032911392405063356
0 0.778759493670886 0.43973417721518987 0.03924050632911391 0.029113924050632844
0 0.6161012658227847 0.4289746835443038 0.03544303797468362 0.043037974683544256
0 0.5800253164556961 0.3954303797468354 0.029113924050632956 0.029113924050632844
0 0.5236962025316455 0.391 0.025316455696202445 0.0253164556962025
0 0.5433164556962025 0.3941645569620253 0.026582278481012467 0.021518987341772045
0 0.8097721518987342 0.3878354430379747 0.02278481012658229 0.021518987341772156
0 0.6869873417721519 0.37644303797468354 0.025316455696202556 0.01898734177215189