0 0.3170506329113923 0.4675696202531646 0.04556962025316447 0.044303797468354444
0 0.3581898734177214 0.4701012658227848 0.04430379746835433 0.046835443037974656
0 0.5702151898734176 0.491620253164557 0.04303797468354442 0.05189873417721513
0 0.6094556962025315 0.49605063291139234 0.0430379746835442 0.04810126582278473
0 0.7683164556962025 0.46440506329113923 0.03924050632911402 0.04810126582278473
0 0.8088227848101265 0.4650379746835443 0.044303797468354444 0.0392405063291138
0 0.6740126582278481 0.4175696202531646 0.0354430379746834 0.0329113924050633
0 0.7037594936708861 0.4207341772151899 0.03924050632911391 0.0291139240506329
0 0.5411012658227846 0.4099746835443038 0.03544303797468351 0.04303797468354431
0 0.505025316455696 0.37643037974683546 0.029113924050632844 0.0291139240506329
0 0.44869620253164544 0.372 0.025316455696202445 0.025316455696202556
0 0.4683164556962024 0.3751645569620253 0.026582278481012578 0.021518987341772045
0 0.7347721518987341 0.36883544303797466 0.022784810126582178 0.021518987341772156
0 0.6119873417721519 0.3574430379746836 0.025316455696202445 0.018987341772151944