0 0.39694936708860773 0.5345696202531646 0.04556962025316441 0.044303797468354444
0 0.3558101265822786 0.5371012658227847 0.04430379746835433 0.0468354430379746
0 0.1437848101265824 0.558620253164557 0.04303797468354434 0.05189873417721513
0 0.10454430379746844 0.5630506329113925 0.04303797468354412 0.04810126582278473
0 0.03998734177215192 0.4845696202531646 0.03544303797468343 0.032911392405063356
0 0.014930379746835455 0.48773417721518986 0.02986075949367091 0.029113924050632844
0 0.17289873417721535 0.4769746835443037 0.03544303797468365 0.043037974683544256
0 0.20897468354430396 0.4434303797468354 0.029113924050632956 0.0291139240506329
0 0.26530379746835453 0.439 0.02531645569620239 0.025316455696202556
0 0.2456835443037976 0.4421645569620253 0.026582278481012522 0.021518987341772045
0 0.10201265822784814 0.4244430379746835 0.025316455696202528 0.01898734177215189