0 0.9179493670886076 0.48543037974683545 0.04556962025316447 0.044303797468354444
0 0.8768101265822785 0.4828987341772152 0.04430379746835433 0.04683544303797471
0 0.6647848101265824 0.461379746835443 0.04303797468354431 0.051898734177215244
0 0.6255443037974684 0.4569493670886076 0.0430379746835442 0.04810126582278473
0 0.46668354430379744 0.4885949367088608 0.03924050632911397 0.048101265822784844
0 0.4261772151898735 0.4879620253164557 0.044303797468354444 0.03924050632911391
0 0.5609873417721519 0.5354303797468354 0.03544303797468351 0.032911392405063356
0 0.5312405063291139 0.5322658227848102 0.03924050632911391 0.029113924050632844
0 0.6938987341772154 0.5430253164556963 0.03544303797468373 0.04303797468354431
0 0.729974683544304 0.5765696202531646 0.029113924050632844 0.029113924050632844
0 0.7863037974683545 0.581 0.025316455696202445 0.025316455696202556
0 0.7666835443037976 0.5778354430379747 0.026582278481012578 0.021518987341772045
0 0.5002278481012659 0.5841645569620253 0.022784810126582178 0.021518987341772267
0 0.6230126582278481 0.5955569620253165 0.025316455696202445 0.018987341772152