0 0.22605063291139232 0.48756962025316464 0.04556962025316447 0.0443037974683545
0 0.26718987341772144 0.4901012658227848 0.04430379746835433 0.046835443037974656
0 0.47921518987341766 0.511620253164557 0.04303797468354442 0.05189873417721519
0 0.5184556962025315 0.5160506329113923 0.04303797468354409 0.04810126582278473
0 0.6773164556962025 0.48440506329113925 0.03924050632911391 0.04810126582278473
0 0.7178227848101265 0.48503797468354426 0.044303797468354444 0.039240506329113856
0 0.5830126582278481 0.43756962025316454 0.03544303797468329 0.032911392405063356
0 0.6127594936708861 0.44073417721518987 0.03924050632911391 0.029113924050632844
0 0.4501012658227846 0.4299746835443038 0.03544303797468362 0.043037974683544256
0 0.414025316455696 0.3964303797468354 0.029113924050632956 0.029113924050632844
0 0.35769620253164547 0.392 0.025316455696202445 0.0253164556962025
0 0.3773164556962024 0.39516455696202524 0.026582278481012578 0.0215189873417721
0 0.6437721518987342 0.3888354430379747 0.022784810126582178 0.021518987341772156
0 0.5209873417721519 0.37744303797468354 0.025316455696202445 0.01898734177215189