0 0.9309493670886078 0.5125696202531645 0.04556962025316447 0.04430379746835439
0 0.8898101265822786 0.5151012658227848 0.04430379746835433 0.04683544303797471
0 0.6777848101265824 0.536620253164557 0.04303797468354442 0.051898734177215244
0 0.6385443037974685 0.5410506329113924 0.0430379746835442 0.04810126582278473
0 0.47968354430379745 0.5094050632911392 0.03924050632911397 0.04810126582278479
0 0.4391772151898735 0.5100379746835443 0.044303797468354444 0.039240506329113856
0 0.5739873417721519 0.46256962025316456 0.0354430379746834 0.032911392405063356
0 0.5442405063291139 0.46573417721518984 0.03924050632911391 0.0291139240506329
0 0.7068987341772154 0.45497468354430376 0.03544303797468373 0.04303797468354431
0 0.742974683544304 0.4214303797468354 0.029113924050632844 0.0291139240506329
0 0.7993037974683546 0.41700000000000004 0.025316455696202445 0.0253164556962025
0 0.7796835443037976 0.42016455696202526 0.026582278481012578 0.021518987341772045
0 0.5132278481012659 0.4138354430379747 0.022784810126582178 0.02151898734177221
0 0.6360126582278481 0.4024430379746835 0.025316455696202445 0.018987341772151944