0 0.44894936708860766 0.5154303797468354 0.04556962025316441 0.044303797468354555
0 0.4078101265822786 0.5128987341772152 0.04430379746835433 0.04683544303797471
0 0.1957848101265824 0.491379746835443 0.04303797468354437 0.05189873417721513
0 0.15654430379746842 0.48694936708860764 0.04303797468354412 0.04810126582278473
0 0.008651898734177222 0.5185949367088607 0.017303797468354445 0.04810126582278473
0 0.09198734177215193 0.5654303797468354 0.035443037974683414 0.032911392405063356
0 0.062240506329113945 0.5622658227848102 0.039240506329113946 0.029113924050632844
0 0.2248987341772154 0.5730253164556962 0.03544303797468365 0.0430379746835442
0 0.260974683544304 0.6065696202531646 0.0291139240506329 0.029113924050632844
0 0.3173037974683546 0.611 0.02531645569620239 0.025316455696202556
0 0.2976835443037976 0.6078354430379748 0.026582278481012522 0.021518987341772045
0 0.031227848101265863 0.6141645569620253 0.022784810126582213 0.021518987341772267
0 0.15401265822784815 0.6255569620253165 0.025316455696202528 0.01898734177215189