0 0.4420506329113923 0.5444303797468354 0.04556962025316447 0.044303797468354444
0 0.4831898734177214 0.5418987341772152 0.04430379746835433 0.0468354430379746
0 0.6952151898734176 0.520379746835443 0.04303797468354442 0.05189873417721513
0 0.7344556962025315 0.5159493670886077 0.0430379746835442 0.04810126582278473
0 0.8933164556962025 0.5475949367088608 0.03924050632911391 0.04810126582278473
0 0.9338227848101265 0.5469620253164558 0.044303797468354444 0.0392405063291138
0 0.7990126582278481 0.5944303797468354 0.0354430379746834 0.032911392405063244
0 0.8287594936708861 0.5912658227848101 0.03924050632911391 0.029113924050632844
0 0.6661012658227846 0.6020253164556962 0.03544303797468351 0.04303797468354431
0 0.630025316455696 0.6355696202531645 0.029113924050632844 0.029113924050632844
0 0.5736962025316454 0.64 0.025316455696202445 0.025316455696202445
0 0.5933164556962024 0.6368354430379747 0.026582278481012578 0.021518987341772045
0 0.8597721518987341 0.6431645569620253 0.022784810126582178 0.021518987341772045
0 0.7369873417721519 0.6545569620253164 0.025316455696202445 0.018987341772152