0 0.8847974683544305 0.6666708860759494 0.10126582278481 0.12151898734177224
0 0.7917594936708862 0.6704683544303798 0.09493670886075933 0.10886075949367091
0 0.7012531645569622 0.23629113924050632 0.027848101265822822 0.03797468354430375
0 0.6759367088607595 0.23565822784810125 0.0278481012658226 0.03924050632911391
0 0.6158101265822786 0.20844303797468355 0.02405063291139231 0.03544303797468354
0 0.5923924050632912 0.21160759493670886 0.027848101265822822 0.03417721518987338
0 0.5335316455696204 0.21667088607594936 0.036708860759493755 0.03924050632911388
0 0.4980886075949369 0.2198354430379747 0.0291139240506329 0.03544303797468351
0 0.43289873417721536 0.20654430379746835 0.022784810126582233 0.024050632911392367
0 0.390493670886076 0.1888227848101266 0.026582278481012855 0.024050632911392367
0 0.3715063291139242 0.1888227848101266 0.02151898734177199 0.021518987341772128