0 0.06020253164556949 0.31832911392405067 0.10126582278481011 0.12151898734177224
0 0.15324050632911385 0.31453164556962027 0.09493670886075944 0.10886075949367091
0 0.24374683544303782 0.7487088607594937 0.027848101265822822 0.03797468354430378
0 0.2690632911392404 0.7493417721518988 0.0278481012658226 0.03924050632911391
0 0.32918987341772143 0.7765569620253164 0.02405063291139231 0.03544303797468351
0 0.35260759493670873 0.7733924050632911 0.027848101265822822 0.03417721518987338
0 0.4114683544303796 0.7683291139240506 0.036708860759493755 0.03924050632911391
0 0.4469113924050631 0.7651645569620253 0.029113924050632956 0.03544303797468362
0 0.5121012658227846 0.7784556962025316 0.02278481012658229 0.02405063291139231
0 0.5545063291139241 0.7961772151898734 0.02658227848101291 0.024050632911392422
0 0.5734936708860758 0.7961772151898734 0.021518987341771934 0.021518987341772156