0 0.05920253164556949 0.27832911392405063 0.10126582278481011 0.12151898734177224
0 0.15224050632911384 0.27453164556962034 0.09493670886075944 0.10886075949367091
0 0.24274683544303782 0.7087088607594937 0.027848101265822822 0.03797468354430378
0 0.2680632911392404 0.7093417721518988 0.0278481012658226 0.03924050632911391
0 0.32818987341772143 0.7365569620253165 0.02405063291139231 0.03544303797468362
0 0.35160759493670873 0.7333924050632912 0.027848101265822822 0.03417721518987349
0 0.4104683544303796 0.7283291139240506 0.036708860759493755 0.03924050632911391
0 0.4459113924050631 0.7251645569620253 0.029113924050632956 0.03544303797468351
0 0.5111012658227846 0.7384556962025317 0.022784810126582178 0.024050632911392422
0 0.553506329113924 0.7561772151898734 0.0265822784810128 0.024050632911392422
0 0.5724936708860758 0.7561772151898734 0.021518987341772045 0.021518987341772156