0 0.6087974683544306 0.6576708860759493 0.10126582278481011 0.12151898734177224
0 0.5157594936708862 0.6614683544303797 0.09493670886075944 0.10886075949367091
0 0.42525316455696216 0.22729113924050634 0.027848101265822878 0.03797468354430378
0 0.3999367088607596 0.22665822784810125 0.0278481012658226 0.03924050632911394
0 0.3398101265822786 0.19944303797468355 0.02405063291139231 0.03544303797468354
0 0.31639240506329125 0.20260759493670885 0.027848101265822878 0.03417721518987338
0 0.25753164556962044 0.20767088607594936 0.036708860759493755 0.03924050632911388
0 0.22208860759493687 0.2108354430379747 0.029113924050632928 0.03544303797468354
0 0.1568987341772154 0.19754430379746835 0.022784810126582206 0.024050632911392394
0 0.11449367088607601 0.1798227848101266 0.02658227848101284 0.024050632911392367
0 0.0955063291139242 0.17982278481012662 0.021518987341772003 0.0215189873417721