0 0.9745822784810128 0.31732911392405067 0.05083544303797449 0.12151898734177224
0 0.9067594936708862 0.31353164556962027 0.09493670886075933 0.10886075949367091
0 0.8162531645569622 0.7477088607594936 0.027848101265822822 0.03797468354430378
0 0.7909367088607595 0.7483417721518988 0.0278481012658226 0.03924050632911402
0 0.7308101265822786 0.7755569620253164 0.02405063291139231 0.03544303797468362
0 0.7073924050632912 0.7723924050632911 0.027848101265822822 0.03417721518987338
0 0.6485316455696204 0.7673291139240507 0.036708860759493755 0.03924050632911391
0 0.6130886075949369 0.7641645569620253 0.029113924050632844 0.03544303797468351
0 0.5478987341772154 0.7774556962025316 0.022784810126582178 0.02405063291139231
0 0.505493670886076 0.7951772151898734 0.0265822784810128 0.02405063291139231
0 0.4865063291139242 0.7951772151898734 0.02151898734177199 0.021518987341772045