0 0.8827974683544305 0.28532911392405064 0.10126582278481 0.12151898734177224
0 0.7897594936708862 0.28153164556962035 0.09493670886075933 0.10886075949367091
0 0.6992531645569622 0.7157088607594937 0.027848101265822822 0.03797468354430389
0 0.6739367088607595 0.7163417721518988 0.0278481012658226 0.03924050632911402
0 0.6138101265822786 0.7435569620253165 0.02405063291139231 0.03544303797468351
0 0.5903924050632912 0.7403924050632912 0.027848101265822822 0.03417721518987338
0 0.5315316455696204 0.7353291139240506 0.036708860759493755 0.03924050632911391
0 0.4960886075949369 0.7321645569620253 0.0291139240506329 0.03544303797468351
0 0.43089873417721536 0.7454556962025316 0.022784810126582233 0.024050632911392422
0 0.388493670886076 0.7631772151898735 0.026582278481012855 0.024050632911392422
0 0.3695063291139242 0.7631772151898734 0.02151898734177199 0.021518987341772045