0 0.8437974683544305 0.30832911392405066 0.10126582278481011 0.12151898734177224
0 0.7507594936708861 0.30453164556962026 0.09493670886075944 0.10886075949367091
0 0.660253164556962 0.7387088607594937 0.027848101265822822 0.03797468354430378
0 0.6349367088607596 0.7393417721518988 0.0278481012658226 0.03924050632911391
0 0.5748101265822786 0.7665569620253164 0.02405063291139231 0.03544303797468351
0 0.5513924050632912 0.7633924050632911 0.027848101265822822 0.03417721518987338
0 0.4925316455696204 0.7583291139240507 0.036708860759493755 0.0392405063291138
0 0.45708860759493686 0.7551645569620253 0.0291139240506329 0.03544303797468362
0 0.3918987341772154 0.7684556962025316 0.022784810126582178 0.02405063291139231
0 0.34949367088607597 0.7861772151898734 0.026582278481012855 0.024050632911392422
0 0.3305063291139242 0.7861772151898734 0.02151898734177199 0.021518987341772045