0 0.8517974683544305 0.6646708860759494 0.10126582278481011 0.12151898734177224
0 0.7587594936708861 0.6684683544303798 0.09493670886075944 0.10886075949367091
0 0.668253164556962 0.23429113924050632 0.027848101265822822 0.03797468354430375
0 0.6429367088607596 0.23365822784810125 0.0278481012658226 0.03924050632911391
0 0.5828101265822786 0.20644303797468355 0.02405063291139231 0.03544303797468354
0 0.5593924050632912 0.20960759493670886 0.027848101265822822 0.03417721518987338
0 0.5005316455696205 0.21467088607594936 0.036708860759493755 0.03924050632911388
0 0.46508860759493686 0.2178354430379747 0.0291139240506329 0.03544303797468351
0 0.39989873417721533 0.20454430379746835 0.022784810126582233 0.024050632911392367
0 0.357493670886076 0.1868227848101266 0.026582278481012855 0.024050632911392367
0 0.3385063291139242 0.18682278481012662 0.02151898734177199 0.0215189873417721