0 0.7507974683544305 0.30932911392405066 0.10126582278481011 0.12151898734177224
0 0.6577594936708862 0.30553164556962026 0.09493670886075933 0.10886075949367091
0 0.5672531645569621 0.7397088607594936 0.027848101265822822 0.03797468354430378
0 0.5419367088607596 0.7403417721518988 0.0278481012658226 0.03924050632911402
0 0.4818101265822786 0.7675569620253165 0.02405063291139231 0.03544303797468351
0 0.4583924050632912 0.7643924050632912 0.027848101265822822 0.03417721518987338
0 0.3995316455696204 0.7593291139240507 0.0367088607594937 0.03924050632911391
0 0.3640886075949369 0.7561645569620253 0.029113924050632956 0.03544303797468351
0 0.29889873417721535 0.7694556962025316 0.022784810126582233 0.024050632911392422
0 0.256493670886076 0.7871772151898734 0.026582278481012855 0.02405063291139231
0 0.23750632911392422 0.7871772151898734 0.021518987341772017 0.021518987341772045