0 0.09820253164556952 0.6676708860759493 0.10126582278481011 0.12151898734177224
0 0.19124050632911382 0.6714683544303797 0.09493670886075933 0.10886075949367091
0 0.28174683544303786 0.23729113924050632 0.027848101265822822 0.03797468354430378
0 0.3070632911392404 0.23665822784810125 0.0278481012658226 0.03924050632911391
0 0.36718987341772136 0.20944303797468355 0.02405063291139231 0.03544303797468354
0 0.39060759493670877 0.21260759493670886 0.027848101265822822 0.03417721518987338
0 0.4494683544303796 0.21767088607594937 0.036708860759493644 0.03924050632911388
0 0.48491139240506315 0.2208354430379747 0.029113924050632956 0.03544303797468351
0 0.5501012658227846 0.20754430379746835 0.022784810126582178 0.024050632911392367
0 0.592506329113924 0.1898227848101266 0.0265822784810128 0.024050632911392367
0 0.6114936708860758 0.1898227848101266 0.021518987341772045 0.021518987341772128