0 0.3326329113924049 0.4521518987341772 0.05063291139240511 0.05316455696202538
0 0.24592405063291128 0.3907594936708861 0.04177215189873407 0.04683544303797471
0 0.28326582278481 0.3932911392405063 0.04556962025316469 0.03924050632911397
0 0.38010126582278464 0.49898734177215187 0.05949367088607593 0.06582278481012654
0 0.4351645569620252 0.5027848101265823 0.06075949367088607 0.06835443037974676
0 0.5693417721518985 0.36227848101265825 0.032911392405063467 0.040506329113924044
0 0.6307341772151897 0.4084810126582279 0.04177215189873418 0.05189873417721519
0 0.6636455696202531 0.40594936708860757 0.03417721518987338 0.044303797468354444
0 0.7471898734177215 0.39772151898734176 0.04177215189873418 0.05316455696202538
0 0.8035189873417722 0.44645569620253167 0.040506329113924044 0.06962025316455694
0 0.8655443037974683 0.44139240506329114 0.05063291139240511 0.062025316455696144
0 0.9834050632911393 0.35848101265822785 0.033189873417721505 0.03797468354430378
0 0.9047848101265823 0.3293670886075949 0.025316455696202556 0.027848101265822767