0 0.24463291139240495 0.5188481012658228 0.05063291139240511 0.05316455696202527
0 0.15792405063291132 0.580240506329114 0.04177215189873407 0.04683544303797471
0 0.19526582278480997 0.5777088607594937 0.04556962025316458 0.03924050632911391
0 0.2921012658227846 0.4720126582278481 0.059493670886076044 0.06582278481012649
0 0.34716455696202525 0.4682151898734177 0.06075949367088607 0.06835443037974676
0 0.48134177215189855 0.6087215189873417 0.032911392405063467 0.040506329113924044
0 0.5427341772151897 0.5625189873417722 0.04177215189873407 0.05189873417721513
0 0.575645569620253 0.5650506329113923 0.03417721518987338 0.044303797468354444
0 0.6591898734177215 0.5732784810126582 0.04177215189873429 0.05316455696202538
0 0.7155189873417721 0.5245443037974684 0.040506329113924044 0.069620253164557
0 0.7775443037974683 0.529607594936709 0.050632911392405 0.0620253164556962
0 0.8990632911392406 0.6125189873417721 0.040506329113924044 0.03797468354430378
0 0.8167848101265822 0.6416329113924051 0.025316455696202556 0.027848101265822933