0 0.867367088607595 0.4601518987341772 0.050632911392405 0.05316455696202538
0 0.9540759493670887 0.3987594936708861 0.04177215189873418 0.04683544303797471
0 0.91673417721519 0.4012911392405063 0.04556962025316458 0.03924050632911391
0 0.8198987341772154 0.5069873417721519 0.059493670886076044 0.06582278481012654
0 0.7648354430379747 0.5107848101265823 0.06075949367088607 0.06835443037974676
0 0.6306582278481014 0.37027848101265826 0.032911392405063467 0.040506329113924044
0 0.5692658227848103 0.4164810126582279 0.04177215189873418 0.05189873417721519
0 0.536354430379747 0.4139493670886076 0.03417721518987338 0.044303797468354444
0 0.45281012658227854 0.40572151898734177 0.04177215189873429 0.05316455696202538
0 0.3964810126582279 0.4544556962025317 0.040506329113924044 0.06962025316455694
0 0.3344556962025317 0.44939240506329114 0.050632911392405056 0.062025316455696144
0 0.2129367088607595 0.36648101265822786 0.040506329113924044 0.03797468354430378
0 0.2952151898734177 0.3373670886075949 0.025316455696202556 0.027848101265822767