0 0.7373670886075951 0.5528481012658227 0.050632911392405 0.05316455696202538
0 0.8240759493670887 0.614240506329114 0.04177215189873418 0.04683544303797471
0 0.78673417721519 0.6117088607594937 0.04556962025316458 0.03924050632911391
0 0.6898987341772154 0.5060126582278481 0.059493670886076044 0.06582278481012649
0 0.6348354430379748 0.5022151898734177 0.06075949367088607 0.06835443037974676
0 0.5006582278481014 0.6427215189873418 0.032911392405063467 0.040506329113924044
0 0.4392658227848103 0.5965189873417721 0.04177215189873412 0.051898734177215244
0 0.40635443037974694 0.5990506329113924 0.03417721518987343 0.044303797468354444
0 0.32281012658227853 0.6072784810126582 0.04177215189873429 0.05316455696202538
0 0.2664810126582279 0.5585443037974684 0.040506329113924044 0.069620253164557
0 0.20445569620253173 0.563607594936709 0.050632911392405056 0.0620253164556962
0 0.08293670886075949 0.6465189873417722 0.04050632911392403 0.03797468354430378
0 0.1652151898734177 0.6756329113924051 0.025316455696202528 0.027848101265822822