0 0.012544303797468292 0.6045189873417721 0.025088607594936585 0.06202531645569609
0 0.05103797468354426 0.5975569620253165 0.0620253164556962 0.06329113924050633
0 0.02077215189873416 0.503253164556962 0.04154430379746832 0.07215189873417716
0 0.508632911392405 0.5051518987341772 0.05063291139240511 0.05316455696202538
0 0.4219240506329113 0.4437594936708861 0.04177215189873418 0.04683544303797471
0 0.45926582278481 0.44629113924050634 0.04556962025316458 0.03924050632911397
0 0.5561012658227846 0.5519873417721519 0.05949367088607582 0.0658227848101266
0 0.6111645569620252 0.5557848101265823 0.06075949367088607 0.06835443037974676
0 0.7453417721518986 0.41527848101265824 0.032911392405063467 0.040506329113924044
0 0.8067341772151897 0.46148101265822783 0.04177215189873407 0.05189873417721519
0 0.839645569620253 0.45894936708860756 0.03417721518987338 0.044303797468354444
0 0.9231898734177215 0.45072151898734175 0.04177215189873429 0.05316455696202538
0 0.9795189873417721 0.4994556962025316 0.040506329113924044 0.06962025316455689