0 0.7733670886075951 0.5128481012658228 0.05063291139240511 0.05316455696202527
0 0.8600759493670886 0.5742405063291139 0.04177215189873407 0.04683544303797471
0 0.8227341772151899 0.5717088607594937 0.04556962025316469 0.03924050632911391
0 0.7258987341772154 0.46601265822784815 0.05949367088607593 0.0658227848101266
0 0.6708354430379748 0.4622151898734177 0.06075949367088607 0.06835443037974676
0 0.5366582278481015 0.6027215189873417 0.032911392405063467 0.040506329113924044
0 0.47526582278481033 0.5565189873417722 0.04177215189873418 0.05189873417721513
0 0.442354430379747 0.5590506329113925 0.03417721518987343 0.044303797468354444
0 0.3588101265822785 0.5672784810126582 0.04177215189873423 0.05316455696202538
0 0.3024810126582279 0.5185443037974684 0.04050632911392399 0.069620253164557
0 0.24045569620253174 0.5236075949367089 0.050632911392405056 0.0620253164556962
0 0.1189367088607595 0.6065189873417721 0.040506329113924044 0.03797468354430378
0 0.20121518987341774 0.6356329113924051 0.025316455696202528 0.027848101265822933