0 0.41363291139240493 0.5318481012658228 0.050632911392405 0.05316455696202538
0 0.3269240506329113 0.5932405063291138 0.04177215189873418 0.04683544303797471
0 0.36426582278480996 0.5907088607594937 0.04556962025316469 0.03924050632911391
0 0.4611012658227846 0.48501265822784817 0.05949367088607593 0.0658227848101266
0 0.5161645569620252 0.4812151898734177 0.060759493670885956 0.06835443037974676
0 0.6503417721518985 0.6217215189873417 0.032911392405063356 0.04050632911392393
0 0.7117341772151897 0.5755189873417722 0.04177215189873407 0.051898734177215244
0 0.7446455696202531 0.5780506329113925 0.03417721518987338 0.044303797468354444
0 0.8281898734177214 0.5862784810126582 0.04177215189873418 0.05316455696202538
0 0.8845189873417721 0.5375443037974683 0.040506329113924044 0.06962025316455689
0 0.9465443037974683 0.5426075949367088 0.050632911392405 0.06202531645569609
0 0.9857848101265823 0.6546329113924051 0.025316455696202556 0.02784810126582271