0 0.03791139240506308 0.531518987341772 0.06835443037974687 0.0620253164556962
0 0.09803797468354425 0.5245569620253163 0.06202531645569609 0.06329113924050633
0 0.01705696202531637 0.43060191496267447 0.03411392405063274 0.05765952612788039
0 0.058164556962025216 0.430253164556962 0.06075949367088607 0.07215189873417716
0 0.5556329113924049 0.43215189873417725 0.05063291139240511 0.05316455696202532
0 0.4689240506329113 0.3707594936708861 0.04177215189873418 0.046835443037974656
0 0.50626582278481 0.3732911392405063 0.04556962025316469 0.03924050632911397
0 0.6031012658227846 0.47898734177215185 0.05949367088607593 0.06582278481012649
0 0.6581645569620252 0.48278481012658225 0.06075949367088618 0.06835443037974676
0 0.7923417721518986 0.34227848101265823 0.032911392405063467 0.040506329113924044
0 0.8537341772151896 0.3884810126582279 0.04177215189873407 0.05189873417721519
0 0.8866455696202531 0.38594936708860755 0.03417721518987349 0.044303797468354444
0 0.9701898734177214 0.37772151898734174 0.04177215189873418 0.05316455696202532