0 0.017974683544303705 0.5148481012658228 0.03594936708860741 0.05316455696202527
0 0.05810126582278463 0.4680126582278481 0.059493670886076044 0.06582278481012649
0 0.11316455696202526 0.4642151898734177 0.06075949367088607 0.06835443037974676
0 0.24734177215189856 0.6047215189873417 0.032911392405063467 0.040506329113924044
0 0.3087341772151897 0.5585189873417722 0.04177215189873418 0.05189873417721513
0 0.34164556962025305 0.5610506329113925 0.03417721518987338 0.044303797468354555
0 0.42518987341772146 0.5692784810126582 0.04177215189873429 0.05316455696202538
0 0.4815189873417721 0.5205443037974684 0.040506329113924044 0.069620253164557
0 0.5435443037974683 0.5256075949367089 0.050632911392405 0.0620253164556962
0 0.6650632911392406 0.6085189873417721 0.040506329113924044 0.03797468354430378
0 0.5827848101265822 0.6376329113924051 0.025316455696202556 0.027848101265822933