0 0.014474683544303757 0.5358481012658228 0.028949367088607514 0.05316455696202538
0 0.051101265822784625 0.4890126582278482 0.059493670886076044 0.0658227848101266
0 0.10616455696202526 0.4852151898734177 0.06075949367088607 0.06835443037974676
0 0.24034177215189856 0.6257215189873417 0.032911392405063467 0.04050632911392393
0 0.3017341772151897 0.5795189873417722 0.04177215189873418 0.051898734177215244
0 0.33464556962025305 0.5820506329113925 0.03417721518987338 0.044303797468354444
0 0.41818987341772146 0.5902784810126582 0.04177215189873429 0.05316455696202538
0 0.4745189873417721 0.5415443037974683 0.040506329113924044 0.06962025316455689
0 0.5365443037974683 0.5466075949367089 0.05063291139240511 0.06202531645569609
0 0.6580632911392404 0.6295189873417721 0.040506329113924044 0.03797468354430378
0 0.5757848101265823 0.6586329113924051 0.025316455696202556 0.02784810126582271