0 0.7147468354430381 0.2485443037974684 0.09620253164556947 0.08987341772151902
0 0.6312025316455698 0.24411392405063298 0.0936708860759492 0.10886075949367091
0 0.966867088607595 0.41436708860759497 0.06626582278481008 0.07215189873417716
0 0.9115822784810128 0.40613924050632916 0.069620253164557 0.07088607594936691
0 0.2932278481012659 0.39917721518987337 0.0556962025316457 0.06962025316455689
0 0.4052531645569622 0.45613924050632915 0.036708860759493644 0.051898734177215244
0 0.36411392405063303 0.4605696202531645 0.05063291139240517 0.048101265822784844
0 0.23879746835443044 0.4036075949367089 0.06582278481012657 0.06835443037974687
0 0.13626582278481014 0.3985443037974684 0.04556962025316455 0.05569620253164542
0 0.09322784810126586 0.395379746835443 0.04810126582278486 0.0620253164556962
0 0.03332278481012662 0.3067721518987342 0.06664556962025324 0.0974683544303796