0 0.796746835443038 0.7984556962025317 0.09620253164556958 0.08987341772151902
0 0.7132025316455699 0.802886075949367 0.09367088607594931 0.10886075949367091
0 0.9793860759493671 0.6408607594936708 0.041227848101265674 0.07088607594936691
0 0.37522784810126586 0.6478227848101266 0.055696202531645644 0.06962025316455678
0 0.4872531645569622 0.5908607594936709 0.036708860759493644 0.051898734177215244
0 0.446113924050633 0.5864303797468354 0.05063291139240517 0.048101265822784844
0 0.32079746835443046 0.6433924050632911 0.0658227848101266 0.06835443037974687
0 0.21826582278481016 0.6484556962025316 0.04556962025316455 0.05569620253164542
0 0.17522784810126585 0.651620253164557 0.04810126582278487 0.06202531645569609
0 0.11383544303797476 0.7402278481012659 0.06962025316455697 0.09746835443037971
0 0.025588607594936717 0.741493670886076 0.051177215189873435 0.08987341772151902