0 0.7857468354430381 0.2465443037974684 0.09620253164556947 0.08987341772151902
0 0.7022025316455698 0.24211392405063298 0.09367088607594931 0.10886075949367091
0 0.9738860759493672 0.40413924050632916 0.052227848101265684 0.07088607594936691
0 0.36422784810126585 0.39717721518987337 0.055696202531645644 0.06962025316455689
0 0.4762531645569622 0.45413924050632914 0.036708860759493644 0.051898734177215244
0 0.435113924050633 0.4585696202531645 0.05063291139240517 0.048101265822784844
0 0.30979746835443045 0.4016075949367089 0.06582278481012654 0.06835443037974687
0 0.20726582278481015 0.3965443037974684 0.04556962025316455 0.05569620253164542
0 0.16422784810126587 0.393379746835443 0.048101265822784844 0.0620253164556962
0 0.10283544303797476 0.3047721518987342 0.06962025316455696 0.0974683544303796
0 0.02008860759493672 0.30350632911392406 0.04017721518987344 0.08987341772151902