0 0.7727468354430381 0.7334556962025316 0.09620253164556947 0.08987341772151902
0 0.6892025316455699 0.7378860759493671 0.09367088607594931 0.10886075949367091
0 0.9958670886075949 0.567632911392405 0.00826582278481014 0.07215189873417716
0 0.9673860759493672 0.5758607594936709 0.06522784810126558 0.07088607594936691
0 0.35122784810126584 0.5828227848101266 0.0556962025316457 0.06962025316455689
0 0.4632531645569622 0.5258607594936708 0.036708860759493644 0.051898734177215244
0 0.42211392405063297 0.5214303797468355 0.05063291139240517 0.0481012658227849
0 0.29679746835443044 0.5783924050632911 0.06582278481012654 0.06835443037974687
0 0.19426582278481014 0.5834556962025316 0.04556962025316455 0.05569620253164542
0 0.15122784810126585 0.586620253164557 0.048101265822784844 0.0620253164556962
0 0.08983544303797475 0.6752278481012659 0.06962025316455697 0.09746835443037971
0 0.013588607594936719 0.6764936708860759 0.027177215189873438 0.08987341772151902