0 0.19425316455696195 0.1945443037974684 0.09620253164556947 0.08987341772151891
0 0.27779746835443014 0.19011392405063293 0.09367088607594931 0.10886075949367091
0 0.016113924050632833 0.35213924050632917 0.032227848101265666 0.07088607594936702
0 0.6157721518987341 0.3451772151898734 0.055696202531645644 0.06962025316455678
0 0.5037468354430378 0.4021392405063291 0.036708860759493644 0.051898734177215244
0 0.544886075949367 0.40656962025316457 0.05063291139240522 0.048101265822784844
0 0.6702025316455695 0.34960759493670884 0.06582278481012649 0.06835443037974687
0 0.7727341772151899 0.34454430379746837 0.04556962025316447 0.05569620253164542
0 0.8157721518987341 0.34137974683544303 0.048101265822784844 0.06202531645569609
0 0.8771645569620252 0.2527721518987342 0.069620253164557 0.09746835443037971
0 0.9699113924050633 0.251506329113924 0.0601772151898734 0.08987341772151902