0 0.2052531645569619 0.2525443037974684 0.09620253164556958 0.08987341772151902
0 0.28879746835443015 0.24811392405063298 0.09367088607594931 0.10886075949367091
0 0.021613924050632838 0.41013924050632916 0.043227848101265676 0.07088607594936691
0 0.6267721518987341 0.4031772151898734 0.055696202531645644 0.06962025316455689
0 0.5147468354430378 0.46013924050632915 0.036708860759493644 0.051898734177215244
0 0.555886075949367 0.4645696202531645 0.05063291139240511 0.048101265822784844
0 0.6812025316455695 0.4076075949367089 0.06582278481012671 0.06835443037974687
0 0.7837341772151899 0.4025443037974684 0.04556962025316458 0.05569620253164542
0 0.8267721518987341 0.39937974683544303 0.048101265822784955 0.0620253164556962
0 0.8881645569620253 0.3107721518987342 0.069620253164557 0.0974683544303796
0 0.9754113924050634 0.30950632911392406 0.04917721518987339 0.08987341772151902