0 0.5934303797468353 0.5079367088607595 0.036708860759493644 0.036708860759493644
0 0.6269746835443037 0.502240506329114 0.0430379746835442 0.0430379746835442
0 0.26558227848101257 0.5370506329113924 0.031645569620253555 0.02658227848101269
0 0.2921645569620251 0.5345189873417722 0.03670886075949353 0.03164556962025322
0 0.7750759493670886 0.5579367088607595 0.02784810126582271 0.03544303797468351
0 0.8029240506329114 0.5554050632911393 0.032911392405063356 0.02784810126582271
0 0.6649493670886075 0.5756582278481013 0.0227848101265824 0.027848101265822822
0 0.6871012658227849 0.5750253164556962 0.024050632911392422 0.021518987341772267
0 0.5339367088607595 0.5750253164556962 0.029113924050632844 0.026582278481012578
0 0.559253164556962 0.573126582278481 0.026582278481012578 0.025316455696202667
0 0.378873417721519 0.5832531645569621 0.020253164556962022 0.017721518987341867
0 0.4060886075949367 0.581987341772152 0.02405063291139231 0.027848101265822822
0 0.4750759493670885 0.5876835443037974 0.025316455696202445 0.026582278481012578
0 0.4953291139240506 0.5876835443037975 0.025316455696202556 0.029113924050632956
0 0.8611518987341771 0.5838860759493671 0.017721518987341756 0.01898734177215189
0 0.8776075949367088 0.5832531645569621 0.015189873417721489 0.02278481012658229