0 0.0655696202531646 0.5179367088607595 0.03670886075949363 0.036708860759493644
0 0.03202531645569627 0.512240506329114 0.04303797468354423 0.0430379746835442
0 0.39341772151898746 0.5470506329113924 0.0316455696202535 0.02658227848101269
0 0.3668354430379749 0.5445189873417722 0.03670886075949353 0.03164556962025322
0 0.0027215189873418238 0.5856582278481013 0.0054430379746836476 0.027848101265822933
0 0.12506329113924056 0.5850253164556962 0.02911392405063283 0.02658227848101269
0 0.09974683544303803 0.583126582278481 0.02658227848101262 0.025316455696202667
0 0.28012658227848103 0.5932531645569621 0.020253164556962022 0.017721518987341756
0 0.25291139240506333 0.591987341772152 0.02405063291139231 0.027848101265822822
0 0.18392405063291145 0.5976835443037974 0.025316455696202528 0.026582278481012578
0 0.16367088607594943 0.5976835443037974 0.025316455696202528 0.029113924050632844