0 0.5455696202531646 0.4890632911392405 0.036708860759493644 0.036708860759493644
0 0.5120253164556963 0.49475949367088606 0.043037974683544256 0.0430379746835442
0 0.8734177215189874 0.4599493670886076 0.031645569620253555 0.02658227848101269
0 0.8468354430379749 0.46248101265822783 0.03670886075949342 0.03164556962025317
0 0.36392405063291144 0.4390632911392405 0.027848101265822767 0.03544303797468357
0 0.3360759493670886 0.44159493670886074 0.032911392405063356 0.027848101265822767
0 0.4740506329113925 0.4213417721518987 0.02278481012658229 0.027848101265822767
0 0.4518987341772152 0.4219746835443038 0.024050632911392422 0.021518987341772156
0 0.6050632911392406 0.4219746835443038 0.029113924050632733 0.026582278481012578
0 0.5797468354430381 0.423873417721519 0.026582278481012578 0.025316455696202556
0 0.7601265822784811 0.4137468354430379 0.020253164556962022 0.01772151898734181
0 0.7329113924050633 0.4150126582278481 0.02405063291139231 0.027848101265822822
0 0.6639240506329115 0.40931645569620256 0.025316455696202445 0.026582278481012633
0 0.6436708860759495 0.40931645569620256 0.025316455696202445 0.0291139240506329
0 0.2778481012658228 0.4131139240506329 0.01772151898734181 0.01898734177215189
0 0.2613924050632912 0.4137468354430379 0.015189873417721433 0.022784810126582233