0 0.5335696202531646 0.5779367088607594 0.036708860759493644 0.036708860759493755
0 0.5000253164556963 0.5722405063291139 0.043037974683544256 0.04303797468354431
0 0.8614177215189874 0.6070506329113924 0.031645569620253555 0.026582278481012578
0 0.834835443037975 0.6045189873417721 0.03670886075949353 0.03164556962025311
0 0.3519240506329115 0.6279367088607595 0.02784810126582271 0.03544303797468362
0 0.3240759493670886 0.6254050632911393 0.0329113924050633 0.02784810126582271
0 0.4620506329113925 0.6456582278481013 0.02278481012658229 0.027848101265822822
0 0.4398987341772152 0.6450253164556963 0.024050632911392422 0.021518987341772156
0 0.5930632911392406 0.6450253164556962 0.029113924050632733 0.026582278481012578
0 0.5677468354430381 0.6431265822784811 0.026582278481012578 0.025316455696202556
0 0.7481265822784811 0.653253164556962 0.020253164556962022 0.017721518987341645
0 0.7209113924050633 0.6519873417721519 0.02405063291139231 0.02784810126582271
0 0.6519240506329115 0.6576835443037975 0.025316455696202445 0.026582278481012578
0 0.6316708860759495 0.6576835443037975 0.025316455696202445 0.029113924050632844
0 0.2658481012658228 0.6538860759493671 0.01772151898734181 0.018987341772151778
0 0.24939240506329124 0.653253164556962 0.015189873417721406 0.022784810126582178