0 0.3925696202531646 0.5669367088607594 0.036708860759493644 0.036708860759493644
0 0.35902531645569624 0.5612405063291139 0.043037974683544256 0.0430379746835442
0 0.7204177215189875 0.5960506329113924 0.031645569620253444 0.02658227848101269
0 0.693835443037975 0.5935189873417721 0.03670886075949353 0.03164556962025322
0 0.21092405063291148 0.6169367088607595 0.02784810126582271 0.03544303797468351
0 0.18307594936708865 0.6144050632911393 0.03291139240506333 0.027848101265822822
0 0.32105063291139246 0.6346582278481013 0.022784810126582344 0.02784810126582271
0 0.2988987341772152 0.6340253164556962 0.024050632911392422 0.021518987341772156
0 0.4520632911392406 0.6340253164556963 0.02911392405063279 0.026582278481012578
0 0.42674683544303804 0.632126582278481 0.026582278481012578 0.025316455696202556
0 0.607126582278481 0.642253164556962 0.020253164556962022 0.017721518987341867
0 0.5799113924050633 0.6409873417721519 0.02405063291139231 0.027848101265822822
0 0.5109240506329115 0.6466835443037975 0.0253164556962025 0.02658227848101269
0 0.49067088607594944 0.6466835443037975 0.025316455696202445 0.029113924050633067
0 0.12484810126582284 0.6428860759493671 0.01772151898734184 0.018987341772152
0 0.10839240506329122 0.642253164556962 0.015189873417721406 0.02278481012658229