0 0.2675696202531646 0.5109367088607595 0.036708860759493644 0.036708860759493644
0 0.23402531645569627 0.5052405063291139 0.043037974683544256 0.0430379746835442
0 0.5954177215189875 0.5400506329113923 0.031645569620253444 0.02658227848101269
0 0.568835443037975 0.5375189873417722 0.03670886075949353 0.03164556962025311
0 0.08592405063291148 0.5609367088607595 0.02784810126582271 0.03544303797468362
0 0.05807594936708864 0.5584050632911393 0.032911392405063335 0.027848101265822822
0 0.19605063291139246 0.5786582278481013 0.022784810126582317 0.02784810126582271
0 0.17389873417721521 0.5780253164556962 0.024050632911392422 0.021518987341772045
0 0.3270632911392406 0.5780253164556962 0.02911392405063279 0.026582278481012578
0 0.30174683544303804 0.576126582278481 0.026582278481012578 0.025316455696202445
0 0.482126582278481 0.586253164556962 0.020253164556962022 0.017721518987341756
0 0.45491139240506334 0.5849873417721518 0.02405063291139231 0.027848101265822822
0 0.38592405063291146 0.5906835443037974 0.025316455696202556 0.02658227848101269
0 0.36567088607594944 0.5906835443037974 0.0253164556962025 0.029113924050632956
0 0.004354430379746873 0.586886075949367 0.008708860759493746 0.01898734177215189