0 0.34243037974683543 0.5589367088607594 0.036708860759493644 0.036708860759493644
0 0.37597468354430374 0.5532405063291139 0.04303797468354431 0.0430379746835442
0 0.015202531645569672 0.5880506329113924 0.030405063291139345 0.02658227848101269
0 0.04116455696202509 0.5855189873417721 0.03670886075949353 0.03164556962025322
0 0.5240759493670885 0.6089367088607595 0.02784810126582271 0.03544303797468351
0 0.5519240506329114 0.6064050632911393 0.032911392405063244 0.027848101265822822
0 0.4139493670886075 0.6266582278481013 0.0227848101265824 0.02784810126582271
0 0.4361012658227848 0.6260253164556963 0.024050632911392422 0.021518987341772045
0 0.28293670886075944 0.6260253164556963 0.029113924050632733 0.026582278481012578
0 0.30825316455696194 0.624126582278481 0.026582278481012578 0.025316455696202556
0 0.127873417721519 0.634253164556962 0.020253164556962022 0.017721518987341756
0 0.1550886075949367 0.6329873417721519 0.02405063291139231 0.027848101265822822
0 0.22407594936708852 0.6386835443037975 0.025316455696202445 0.026582278481012578
0 0.24432911392405054 0.6386835443037975 0.025316455696202445 0.029113924050633067
0 0.6101518987341772 0.6348860759493671 0.017721518987341867 0.01898734177215189
0 0.6266075949367088 0.634253164556962 0.015189873417721378 0.02278481012658229