0 0.5045696202531645 0.4750632911392405 0.03670886075949359 0.0367088607594937
0 0.47102531645569623 0.48075949367088605 0.043037974683544256 0.0430379746835442
0 0.8324177215189874 0.4459493670886076 0.031645569620253444 0.02658227848101269
0 0.8058354430379748 0.4484810126582278 0.03670886075949353 0.03164556962025317
0 0.32292405063291146 0.4250632911392405 0.02784810126582271 0.03544303797468351
0 0.29507594936708864 0.42759493670886073 0.032911392405063356 0.027848101265822822
0 0.43305063291139245 0.4073417721518987 0.022784810126582344 0.027848101265822822
0 0.41089873417721523 0.4079746835443038 0.024050632911392478 0.0215189873417721
0 0.5640632911392406 0.4079746835443038 0.029113924050632844 0.026582278481012633
0 0.538746835443038 0.409873417721519 0.026582278481012578 0.0253164556962025
0 0.7191265822784809 0.39974683544303796 0.020253164556962022 0.017721518987341756
0 0.6919113924050634 0.40101265822784815 0.02405063291139231 0.027848101265822767
0 0.6229240506329115 0.39531645569620255 0.025316455696202556 0.026582278481012633
0 0.6026708860759495 0.39531645569620255 0.025316455696202556 0.0291139240506329
0 0.23684810126582284 0.3991139240506329 0.01772151898734184 0.01898734177215189
0 0.22039240506329122 0.39974683544303796 0.015189873417721378 0.02278481012658229