0 0.47756962025316463 0.41506329113924056 0.03670886075949359 0.0367088607594937
0 0.44402531645569626 0.42075949367088605 0.0430379746835442 0.0430379746835442
0 0.8054177215189875 0.3859493670886076 0.031645569620253444 0.02658227848101269
0 0.7788354430379749 0.3884810126582279 0.03670886075949353 0.03164556962025317
0 0.2959240506329115 0.3650632911392405 0.02784810126582271 0.03544303797468351
0 0.2680759493670887 0.36759493670886073 0.0329113924050633 0.027848101265822822
0 0.4060506329113925 0.3473417721518987 0.02278481012658229 0.027848101265822822
0 0.3838987341772152 0.34797468354430383 0.024050632911392422 0.0215189873417721
0 0.5370632911392406 0.34797468354430383 0.029113924050632844 0.026582278481012633
0 0.511746835443038 0.34987341772151903 0.026582278481012578 0.0253164556962025
0 0.692126582278481 0.33974683544303796 0.020253164556962022 0.017721518987341756
0 0.6649113924050634 0.3410126582278481 0.02405063291139231 0.027848101265822767
0 0.5959240506329115 0.3353164556962025 0.025316455696202556 0.026582278481012633
0 0.5756708860759494 0.3353164556962025 0.025316455696202556 0.0291139240506329
0 0.20984810126582282 0.3391139240506329 0.01772151898734184 0.01898734177215189
0 0.19339240506329122 0.33974683544303796 0.015189873417721378 0.02278481012658229