0 0.5264303797468354 0.4320632911392406 0.036708860759493644 0.0367088607594937
0 0.5599746835443037 0.43775949367088607 0.04303797468354431 0.0430379746835442
0 0.19858227848101256 0.4029493670886076 0.031645569620253444 0.02658227848101269
0 0.22516455696202514 0.4054810126582279 0.03670886075949353 0.03164556962025317
0 0.7080759493670885 0.38206329113924054 0.02784810126582271 0.03544303797468357
0 0.7359240506329114 0.3845949367088607 0.032911392405063356 0.027848101265822767
0 0.5979493670886076 0.36434177215189867 0.02278481012658229 0.027848101265822767
0 0.6201012658227848 0.3649746835443038 0.02405063291139231 0.021518987341772156
0 0.46693670886075944 0.3649746835443038 0.029113924050632844 0.026582278481012578
0 0.49225316455696194 0.366873417721519 0.02658227848101269 0.025316455696202556
0 0.31187341772151894 0.356746835443038 0.020253164556962022 0.01772151898734181
0 0.33908860759493664 0.3580126582278481 0.02405063291139231 0.027848101265822767
0 0.4080759493670885 0.3523164556962025 0.025316455696202556 0.026582278481012633
0 0.42832911392405054 0.3523164556962025 0.025316455696202556 0.029113924050632956
0 0.7941518987341771 0.3561139240506329 0.017721518987341867 0.01898734177215189
0 0.8106075949367088 0.356746835443038 0.015189873417721378 0.022784810126582233