0 0.5265696202531646 0.5459367088607595 0.036708860759493644 0.036708860759493644
0 0.49302531645569625 0.5402405063291139 0.043037974683544256 0.04303797468354431
0 0.8544177215189874 0.5750506329113925 0.031645569620253555 0.02658227848101269
0 0.8278354430379748 0.5725189873417722 0.03670886075949353 0.03164556962025322
0 0.3449240506329115 0.5959367088607596 0.02784810126582271 0.03544303797468351
0 0.3170759493670886 0.5934050632911393 0.0329113924050633 0.02784810126582271
0 0.45505063291139247 0.6136582278481013 0.022784810126582344 0.027848101265822822
0 0.4328987341772152 0.6130253164556962 0.024050632911392422 0.021518987341772156
0 0.5860632911392405 0.6130253164556962 0.029113924050632733 0.02658227848101269
0 0.560746835443038 0.611126582278481 0.026582278481012578 0.025316455696202556
0 0.7411265822784809 0.6212531645569621 0.020253164556962022 0.017721518987341756
0 0.7139113924050633 0.6199873417721519 0.02405063291139231 0.02784810126582271
0 0.6449240506329115 0.6256835443037975 0.025316455696202445 0.026582278481012578
0 0.6246708860759494 0.6256835443037975 0.025316455696202445 0.029113924050632844
0 0.2588481012658228 0.6218860759493671 0.01772151898734181 0.018987341772151778
0 0.24239240506329124 0.6212531645569621 0.015189873417721406 0.02278481012658229