0 0.07197468354430375 0.43820253164556966 0.050632911392405 0.051898734177215244
0 0.11817721518987334 0.43946835443037974 0.05443037974683551 0.0544303797468354
0 0.3567848101265822 0.4090886075949367 0.0582278481012658 0.051898734177215244
0 0.40868354430379744 0.3995949367088608 0.0582278481012658 0.060759493670885956
0 0.594759493670886 0.4837721518987342 0.03797468354430367 0.04177215189873429
0 0.6238734177215188 0.48187341772151904 0.03037974683544309 0.03544303797468351
0 0.4112151898734177 0.5451645569620254 0.027848101265822822 0.027848101265822822
0 0.434632911392405 0.5432658227848102 0.026582278481012578 0.024050632911392422
0 0.2783037974683544 0.5666835443037974 0.025316455696202556 0.020253164556962022
0 0.2979240506329113 0.5635189873417721 0.029113924050633067 0.021518987341772156
0 0.24159493670886062 0.5774430379746835 0.022784810126582067 0.021518987341772267
0 0.17956962025316442 0.5774430379746835 0.0278481012658226 0.024050632911392422
0 0.19602531645569604 0.5768101265822785 0.02278481012658251 0.020253164556962133
0 0.501 0.5474999999999999 0.030000000000000027 0.027000000000000024
0 0.5215 0.5469999999999999 0.02299999999999991 0.028000000000000025
0 0.6479999999999999 0.568 0.019999999999999907 0.018000000000000016
0 0.663 0.566 0.020000000000000018 0.02200000000000002
0 0.6859999999999999 0.5315000000000001 0.02400000000000002 0.025000000000000022
0 0.71 0.532 0.028000000000000025 0.025999999999999912
0 0.737 0.5695 0.020000000000000018 0.017000000000000126