0 0.3319746835443037 0.4642025316455697 0.05063291139240511 0.051898734177215244
0 0.3781772151898733 0.46546835443037976 0.05443037974683562 0.0544303797468354
0 0.6167848101265823 0.4350886075949367 0.0582278481012658 0.051898734177215244
0 0.6686835443037975 0.4255949367088608 0.0582278481012658 0.06075949367088607
0 0.854759493670886 0.5097721518987341 0.03797468354430378 0.04177215189873429
0 0.883873417721519 0.5078734177215191 0.0303797468354432 0.03544303797468351
0 0.6712151898734177 0.5711645569620253 0.02784810126582271 0.02784810126582271
0 0.694632911392405 0.5692658227848101 0.02658227848101269 0.02405063291139231
0 0.5383037974683544 0.5926835443037974 0.025316455696202556 0.020253164556962022
0 0.5579240506329113 0.5895189873417721 0.029113924050633067 0.021518987341772156
0 0.5015949367088607 0.6034430379746836 0.022784810126582178 0.021518987341772267
0 0.43956962025316443 0.6034430379746836 0.0278481012658226 0.024050632911392422
0 0.45602531645569605 0.6028101265822785 0.02278481012658251 0.020253164556962133
0 0.761 0.5734999999999999 0.030000000000000027 0.027000000000000024
0 0.7815000000000001 0.573 0.02300000000000002 0.028000000000000025
0 0.908 0.594 0.020000000000000018 0.018000000000000016
0 0.923 0.592 0.020000000000000018 0.02200000000000002
0 0.946 0.5575 0.02400000000000002 0.025000000000000133
0 0.97 0.5579999999999999 0.028000000000000025 0.026000000000000023
0 0.9935 0.5954999999999999 0.013000000000000012 0.017000000000000015