0 0.4059746835443037 0.5187974683544304 0.050632911392405 0.0518987341772153
0 0.4521772151898733 0.5175316455696203 0.05443037974683551 0.05443037974683551
0 0.6907848101265822 0.5479113924050633 0.05822784810126591 0.051898734177215244
0 0.7426835443037973 0.5574050632911391 0.0582278481012658 0.06075949367088607
0 0.9287594936708861 0.47322784810126584 0.03797468354430367 0.04177215189873423
0 0.9578734177215189 0.4751265822784809 0.0303797468354432 0.03544303797468357
0 0.7452151898734176 0.4118354430379747 0.027848101265822822 0.027848101265822767
0 0.768632911392405 0.4137341772151899 0.026582278481012578 0.024050632911392367
0 0.6123037974683544 0.39031645569620255 0.025316455696202445 0.020253164556962022
0 0.6319240506329112 0.3934810126582279 0.029113924050633067 0.02151898734177221
0 0.5755949367088606 0.3795569620253164 0.022784810126581956 0.02151898734177221
0 0.5135696202531644 0.3795569620253164 0.02784810126582271 0.024050632911392367
0 0.5300253164556961 0.38018987341772154 0.0227848101265824 0.020253164556962022
0 0.835 0.40950000000000003 0.029999999999999916 0.027000000000000024
0 0.8554999999999999 0.41000000000000003 0.02300000000000002 0.02799999999999997
0 0.982 0.389 0.020000000000000018 0.018000000000000016
0 0.9935 0.391 0.013000000000000012 0.02200000000000002