0 0.49702531645569625 0.5607974683544303 0.050632911392405056 0.051898734177215244
0 0.4508227848101267 0.5595316455696202 0.05443037974683557 0.0544303797468354
0 0.21221518987341778 0.5899113924050633 0.058227848101265856 0.051898734177215244
0 0.1603164556962026 0.5994050632911392 0.058227848101265745 0.060759493670885956
0 0.15778481012658233 0.45383544303797463 0.027848101265822822 0.027848101265822767
0 0.134367088607595 0.45573417721518983 0.02658227848101262 0.024050632911392367
0 0.29069620253164563 0.43231645569620253 0.0253164556962025 0.020253164556962022
0 0.2710759493670888 0.43548101265822786 0.02911392405063301 0.021518987341772156
0 0.3274050632911394 0.42155696202531645 0.022784810126582122 0.021518987341772156
0 0.3894303797468356 0.42155696202531645 0.0278481012658226 0.024050632911392367
0 0.37297468354430396 0.4221898734177215 0.022784810126582455 0.020253164556962022
0 0.068 0.4515 0.030000000000000006 0.02700000000000008
0 0.0475 0.452 0.023 0.028000000000000025