0 0.7760253164556963 0.5867974683544304 0.05063291139240511 0.051898734177215244
0 0.7298227848101266 0.5855316455696202 0.05443037974683562 0.05443037974683551
0 0.4912151898734178 0.6159113924050633 0.0582278481012658 0.051898734177215244
0 0.4393164556962026 0.6254050632911392 0.058227848101265745 0.06075949367088607
0 0.253240506329114 0.5412278481012658 0.03797468354430375 0.04177215189873429
0 0.22412658227848106 0.543126582278481 0.030379746835443144 0.03544303797468351
0 0.4367848101265823 0.47983544303797465 0.027848101265822822 0.027848101265822767
0 0.41336708860759497 0.48173417721518985 0.026582278481012633 0.024050632911392367
0 0.5696962025316457 0.4583164556962025 0.025316455696202556 0.020253164556961967
0 0.5500759493670888 0.46148101265822783 0.029113924050632956 0.02151898734177221
0 0.6064050632911393 0.4475569620253165 0.022784810126582067 0.02151898734177221
0 0.6684303797468356 0.4475569620253165 0.0278481012658226 0.024050632911392367
0 0.651974683544304 0.44818987341772154 0.0227848101265824 0.020253164556962022
0 0.347 0.47750000000000004 0.02999999999999997 0.027000000000000024
0 0.3265 0.478 0.02300000000000002 0.02799999999999997
0 0.2 0.457 0.01999999999999999 0.018000000000000016
0 0.185 0.45899999999999996 0.020000000000000018 0.021999999999999964
0 0.16199999999999998 0.4935 0.023999999999999994 0.025000000000000022
0 0.138 0.493 0.027999999999999997 0.026000000000000023
0 0.111 0.4555 0.01999999999999999 0.017000000000000015