0 0.8370253164556962 0.42220253164556965 0.050632911392405 0.051898734177215244
0 0.7908227848101267 0.4234683544303797 0.05443037974683551 0.0544303797468354
0 0.5522151898734178 0.3930886075949367 0.05822784810126591 0.051898734177215244
0 0.5003164556962025 0.38359493670886086 0.0582278481012658 0.06075949367088607
0 0.31424050632911404 0.46777215189873417 0.03797468354430372 0.04177215189873429
0 0.2851265822784811 0.465873417721519 0.030379746835443144 0.03544303797468351
0 0.4977848101265823 0.5291645569620254 0.027848101265822822 0.027848101265822822
0 0.474367088607595 0.5272658227848102 0.026582278481012633 0.024050632911392422
0 0.6306962025316456 0.5506835443037974 0.025316455696202445 0.020253164556962022
0 0.6110759493670888 0.5475189873417721 0.029113924050633067 0.021518987341772156
0 0.6674050632911394 0.5614430379746835 0.022784810126582178 0.021518987341772267
0 0.7294303797468356 0.5614430379746835 0.0278481012658226 0.024050632911392422
0 0.7129746835443039 0.5608101265822785 0.0227848101265824 0.020253164556962133
0 0.40800000000000003 0.5315 0.02999999999999997 0.026999999999999913
0 0.3875 0.5309999999999999 0.02300000000000002 0.027999999999999914
0 0.261 0.5519999999999999 0.020000000000000018 0.018000000000000016
0 0.246 0.5499999999999999 0.020000000000000018 0.02200000000000002
0 0.22299999999999998 0.5155000000000001 0.023999999999999994 0.025000000000000022
0 0.199 0.516 0.027999999999999997 0.026000000000000023
0 0.172 0.5535 0.01999999999999999 0.017000000000000126