0 0.6790253164556963 0.5697974683544303 0.050632911392405 0.051898734177215244
0 0.6328227848101267 0.5685316455696203 0.05443037974683551 0.0544303797468354
0 0.39421518987341775 0.5989113924050633 0.058227848101265856 0.051898734177215244
0 0.3423164556962026 0.6084050632911391 0.058227848101265745 0.06075949367088607
0 0.15624050632911402 0.5242278481012659 0.03797468354430375 0.04177215189873429
0 0.12712658227848106 0.526126582278481 0.03037974683544313 0.03544303797468351
0 0.33978481012658235 0.46283544303797464 0.027848101265822822 0.027848101265822767
0 0.316367088607595 0.46473417721518984 0.026582278481012633 0.024050632911392367
0 0.47269620253164557 0.44131645569620254 0.0253164556962025 0.020253164556962022
0 0.4530759493670887 0.44448101265822787 0.02911392405063301 0.021518987341772156
0 0.5094050632911393 0.43055696202531646 0.022784810126582122 0.02151898734177221
0 0.5714303797468356 0.43055696202531646 0.0278481012658226 0.024050632911392367
0 0.5549746835443039 0.4311898734177215 0.02278481012658251 0.020253164556962022
0 0.25 0.4605 0.030000000000000027 0.027000000000000024
0 0.22949999999999998 0.46099999999999997 0.022999999999999993 0.02799999999999997
0 0.10300000000000001 0.44 0.020000000000000004 0.018000000000000016
0 0.088 0.442 0.020000000000000004 0.02200000000000002
0 0.065 0.47650000000000003 0.024 0.024999999999999967
0 0.041 0.476 0.028 0.025999999999999968
0 0.014 0.4385 0.02 0.017000000000000015