0 0.9530253164556963 0.42820253164556965 0.050632911392405 0.051898734177215244
0 0.9068227848101267 0.42946835443037973 0.05443037974683551 0.0544303797468354
0 0.6682151898734178 0.3990886075949367 0.05822784810126591 0.051898734177215244
0 0.6163164556962026 0.38959493670886086 0.0582278481012658 0.06075949367088607
0 0.43024050632911404 0.4737721518987342 0.03797468354430372 0.04177215189873429
0 0.4011265822784811 0.47187341772151903 0.030379746835443144 0.03544303797468351
0 0.6137848101265824 0.5351645569620254 0.027848101265822822 0.027848101265822822
0 0.590367088607595 0.5332658227848102 0.026582278481012578 0.024050632911392422
0 0.7466962025316457 0.5566835443037974 0.025316455696202556 0.020253164556962022
0 0.7270759493670887 0.5535189873417721 0.029113924050633067 0.021518987341772156
0 0.7834050632911393 0.5674430379746835 0.022784810126582178 0.021518987341772267
0 0.8454303797468357 0.5674430379746835 0.0278481012658226 0.024050632911392422
0 0.8289746835443039 0.5668101265822785 0.0227848101265824 0.020253164556962133
0 0.524 0.5375 0.030000000000000027 0.026999999999999913
0 0.5035000000000001 0.5369999999999999 0.02300000000000002 0.027999999999999914
0 0.377 0.5579999999999999 0.020000000000000018 0.018000000000000016
0 0.362 0.5559999999999999 0.020000000000000018 0.02200000000000002
0 0.33899999999999997 0.5215000000000001 0.023999999999999966 0.025000000000000022
0 0.315 0.522 0.028000000000000025 0.025999999999999912
0 0.28800000000000003 0.5595 0.019999999999999962 0.017000000000000126