0 0.49802531645569625 0.4812025316455696 0.050632911392405056 0.051898734177215244
0 0.4518227848101267 0.4824683544303797 0.05443037974683557 0.05443037974683551
0 0.21321518987341778 0.45208860759493674 0.058227848101265856 0.051898734177215244
0 0.16131645569620257 0.4425949367088608 0.05822784810126577 0.06075949367088607
0 0.15878481012658233 0.5881645569620253 0.027848101265822822 0.027848101265822822
0 0.135367088607595 0.5862658227848101 0.02658227848101262 0.024050632911392422
0 0.29169620253164563 0.6096835443037975 0.0253164556962025 0.02025316455696191
0 0.2720759493670888 0.6065189873417722 0.02911392405063301 0.021518987341772156
0 0.3284050632911394 0.6204430379746835 0.022784810126582122 0.021518987341772156
0 0.3904303797468356 0.6204430379746836 0.0278481012658226 0.02405063291139231
0 0.37397468354430397 0.6198101265822784 0.022784810126582455 0.020253164556962022
0 0.069 0.5905 0.030000000000000006 0.027000000000000024
0 0.0485 0.5900000000000001 0.023 0.027999999999999914