0 0.36497468354430374 0.5307974683544303 0.05063291139240511 0.051898734177215244
0 0.4111772151898733 0.5295316455696202 0.05443037974683562 0.0544303797468354
0 0.6497848101265822 0.5599113924050633 0.0582278481012658 0.051898734177215244
0 0.7016835443037974 0.5694050632911392 0.05822784810126569 0.06075949367088607
0 0.887759493670886 0.48522784810126585 0.03797468354430378 0.04177215189873423
0 0.916873417721519 0.48712658227848094 0.03037974683544309 0.03544303797468351
0 0.7042151898734177 0.4238354430379747 0.027848101265822933 0.027848101265822767
0 0.727632911392405 0.4257341772151899 0.026582278481012578 0.024050632911392367
0 0.5713037974683544 0.4023164556962025 0.025316455696202556 0.020253164556962022
0 0.5909240506329112 0.4054810126582279 0.029113924050633067 0.02151898734177221
0 0.5345949367088606 0.3915569620253164 0.022784810126582178 0.021518987341772156
0 0.47256962025316446 0.3915569620253164 0.0278481012658226 0.024050632911392367
0 0.4890253164556961 0.3921898734177215 0.02278481012658251 0.020253164556962022
0 0.794 0.4215 0.029999999999999916 0.02700000000000008
0 0.8145 0.422 0.02300000000000013 0.028000000000000025
0 0.9410000000000001 0.401 0.019999999999999907 0.01799999999999996
0 0.956 0.403 0.020000000000000018 0.021999999999999964
0 0.979 0.4375 0.02400000000000002 0.025000000000000022
0 0.9944999999999999 0.437 0.01100000000000001 0.026000000000000023