0 0.8832151898734177 0.5429113924050633 0.0582278481012658 0.051898734177215244
0 0.8313164556962026 0.5524050632911393 0.05822784810126569 0.06075949367088607
0 0.645240506329114 0.46822784810126583 0.03797468354430378 0.04177215189873423
0 0.616126582278481 0.4701265822784809 0.0303797468354432 0.03544303797468357
0 0.8287848101265822 0.4068354430379747 0.027848101265822822 0.027848101265822767
0 0.805367088607595 0.4087341772151899 0.026582278481012578 0.024050632911392367
0 0.9616962025316456 0.38531645569620254 0.025316455696202556 0.020253164556962022
0 0.9420759493670887 0.3884810126582279 0.029113924050633067 0.02151898734177221
0 0.9935063291139241 0.3745569620253164 0.012987341772151662 0.02151898734177221
0 0.739 0.4045 0.030000000000000027 0.027000000000000024
0 0.7184999999999999 0.405 0.02300000000000002 0.02799999999999997
0 0.592 0.384 0.020000000000000018 0.018000000000000016
0 0.577 0.386 0.020000000000000018 0.02200000000000002
0 0.554 0.4205 0.02399999999999991 0.025000000000000022
0 0.53 0.42 0.028000000000000025 0.026000000000000023
0 0.503 0.3825 0.020000000000000018 0.017000000000000015