0 0.8980253164556963 0.44620253164556967 0.05063291139240511 0.051898734177215244
0 0.8518227848101267 0.44746835443037974 0.05443037974683562 0.0544303797468354
0 0.6132151898734177 0.4170886075949367 0.0582278481012658 0.051898734177215244
0 0.5613164556962026 0.40759493670886077 0.05822784810126569 0.06075949367088607
0 0.375240506329114 0.4917721518987342 0.03797468354430372 0.04177215189873429
0 0.34612658227848103 0.48987341772151904 0.030379746835443144 0.03544303797468351
0 0.5587848101265824 0.5531645569620254 0.027848101265822822 0.027848101265822822
0 0.535367088607595 0.5512658227848102 0.02658227848101269 0.024050632911392422
0 0.6916962025316455 0.5746835443037974 0.025316455696202556 0.020253164556962022
0 0.6720759493670887 0.5715189873417721 0.029113924050632956 0.021518987341772156
0 0.7284050632911394 0.5854430379746836 0.022784810126582067 0.021518987341772267
0 0.7904303797468355 0.5854430379746836 0.0278481012658226 0.024050632911392422
0 0.773974683544304 0.5848101265822785 0.0227848101265824 0.020253164556962133
0 0.469 0.5554999999999999 0.02999999999999997 0.027000000000000024
0 0.4485 0.5549999999999999 0.02300000000000002 0.028000000000000025
0 0.322 0.576 0.020000000000000018 0.018000000000000016
0 0.307 0.574 0.020000000000000018 0.02200000000000002
0 0.28400000000000003 0.5395000000000001 0.023999999999999966 0.025000000000000022
0 0.26 0.54 0.028000000000000025 0.025999999999999912
0 0.23299999999999998 0.5775 0.01999999999999999 0.017000000000000126