0 0.24312658227848088 0.6035189873417721 0.04683544303797482 0.0544303797468354
0 0.2855316455696201 0.6066835443037975 0.04303797468354453 0.05316455696202538
0 0.5203417721518987 0.5997215189873417 0.05443037974683551 0.044303797468354444
0 0.5570506329113923 0.6073164556962025 0.04683544303797471 0.04683544303797471
0 0.6988227848101266 0.5345316455696203 0.03924050632911391 0.04303797468354442
0 0.724139240506329 0.5383291139240507 0.03417721518987338 0.0430379746835442
0 0.6127468354430379 0.49402531645569614 0.02658227848101269 0.030379746835442922
0 0.5899620253164557 0.4908607594936708 0.029113924050632956 0.03670886075949359
0 0.7684430379746835 0.48263291139240505 0.01645569620253151 0.0177215189873417
0 0.7848181818181819 0.4824545454545454 0.0181818181818183 0.01727272727272733
0 0.5707272727272729 0.4656363636363636 0.024545454545454648 0.016363636363636302
0 0.643 0.46472727272727266 0.018181818181818077 0.014545454545454417
0 0.6552727272727272 0.466090909090909 0.013636363636363558 0.015454545454545443