0 0.014272151898734153 0.5885189873417722 0.028544303797468307 0.0544303797468354
0 0.047531645569620085 0.5916835443037974 0.04303797468354453 0.05316455696202538
0 0.2823417721518987 0.5847215189873418 0.05443037974683551 0.044303797468354444
0 0.3190506329113923 0.5923164556962025 0.04683544303797482 0.04683544303797471
0 0.46082278481012656 0.5195316455696203 0.03924050632911402 0.04303797468354437
0 0.486139240506329 0.5233291139240506 0.03417721518987349 0.0430379746835442
0 0.37474683544303794 0.4790253164556962 0.02658227848101269 0.030379746835442978
0 0.35196202531645565 0.47586075949367085 0.029113924050632956 0.036708860759493644
0 0.5304430379746835 0.4676329113924051 0.01645569620253151 0.017721518987341645
0 0.5468181818181819 0.4674545454545454 0.0181818181818183 0.01727272727272733
0 0.3327272727272728 0.4506363636363636 0.024545454545454537 0.016363636363636302
0 0.4050000000000001 0.44972727272727264 0.018181818181818188 0.014545454545454473
0 0.4172727272727273 0.451090909090909 0.013636363636363558 0.015454545454545443