0 0.5228734177215191 0.5365189873417722 0.04683544303797471 0.05443037974683551
0 0.4804683544303799 0.5396835443037974 0.04303797468354442 0.05316455696202538
0 0.24565822784810132 0.5327215189873418 0.054430379746835594 0.044303797468354444
0 0.20894936708860767 0.5403164556962026 0.04683544303797474 0.04683544303797482
0 0.06717721518987343 0.46753164556962024 0.03924050632911394 0.04303797468354437
0 0.04186075949367097 0.47132911392405064 0.03417721518987343 0.043037974683544256
0 0.15325316455696208 0.4270253164556962 0.026582278481012606 0.030379746835442978
0 0.17603797468354437 0.42386075949367086 0.029113924050632928 0.036708860759493644
0 0.002892405063291164 0.4156329113924051 0.005784810126582328 0.0177215189873417
0 0.1952727272727272 0.39863636363636357 0.02454545454545462 0.016363636363636302
0 0.12299999999999994 0.39772727272727265 0.018181818181818132 0.014545454545454417
0 0.1107272727272727 0.39909090909090905 0.013636363636363627 0.015454545454545443