0 0.8308734177215191 0.4474810126582278 0.04683544303797471 0.05443037974683551
0 0.7884683544303799 0.4443164556962026 0.04303797468354442 0.05316455696202538
0 0.5536582278481013 0.4512784810126582 0.05443037974683562 0.044303797468354444
0 0.5169493670886077 0.4436835443037975 0.04683544303797477 0.04683544303797482
0 0.37517721518987346 0.5164683544303798 0.03924050632911397 0.04303797468354431
0 0.349860759493671 0.5126708860759495 0.03417721518987343 0.0430379746835442
0 0.4612531645569621 0.5569746835443038 0.026582278481012578 0.030379746835442978
0 0.48403797468354437 0.5601392405063291 0.0291139240506329 0.036708860759493644
0 0.3055569620253165 0.568367088607595 0.016455696202531622 0.017721518987341645
0 0.2891818181818181 0.5685454545454546 0.018181818181818243 0.01727272727272733
0 0.5032727272727272 0.5853636363636364 0.024545454545454648 0.016363636363636358
0 0.43099999999999994 0.5862727272727274 0.018181818181818132 0.014545454545454417
0 0.4187272727272727 0.5849090909090909 0.013636363636363613 0.015454545454545388