0 0.2651265822784809 0.42548101265822785 0.04683544303797482 0.0544303797468354
0 0.3075316455696201 0.4223164556962026 0.04303797468354453 0.05316455696202538
0 0.5423417721518987 0.4292784810126582 0.05443037974683551 0.044303797468354444
0 0.5790506329113924 0.4216835443037975 0.04683544303797471 0.04683544303797471
0 0.7208227848101266 0.49446835443037973 0.03924050632911391 0.04303797468354431
0 0.7461392405063291 0.4906708860759494 0.03417721518987338 0.0430379746835442
0 0.6347468354430379 0.5349746835443038 0.02658227848101269 0.030379746835442978
0 0.6119620253164557 0.5381392405063291 0.029113924050632956 0.036708860759493644
0 0.7904430379746834 0.546367088607595 0.016455696202531622 0.017721518987341645
0 0.8068181818181819 0.5465454545454546 0.0181818181818183 0.01727272727272733
0 0.5927272727272728 0.5633636363636364 0.024545454545454537 0.016363636363636358
0 0.665 0.5642727272727274 0.018181818181818077 0.014545454545454417
0 0.6772727272727272 0.5629090909090909 0.013636363636363669 0.015454545454545388