0 0.4621265822784809 0.3964810126582278 0.04683544303797471 0.0544303797468354
0 0.50453164556962 0.39331645569620255 0.04303797468354442 0.05316455696202538
0 0.7393417721518987 0.4002784810126583 0.05443037974683562 0.044303797468354444
0 0.7760506329113923 0.3926835443037975 0.04683544303797471 0.04683544303797471
0 0.9178227848101266 0.46546835443037976 0.03924050632911391 0.04303797468354442
0 0.943139240506329 0.46167088607594936 0.03417721518987338 0.0430379746835442
0 0.831746835443038 0.5059746835443039 0.02658227848101269 0.030379746835442978
0 0.8089620253164557 0.5091392405063292 0.029113924050632844 0.036708860759493644
0 0.9874430379746835 0.517367088607595 0.016455696202531622 0.017721518987341756
0 0.9973636363636365 0.5175454545454546 0.005272727272727207 0.01727272727272733
0 0.7897272727272728 0.5343636363636364 0.024545454545454537 0.016363636363636247
0 0.8620000000000001 0.5352727272727273 0.018181818181818077 0.014545454545454417
0 0.8742727272727273 0.533909090909091 0.013636363636363669 0.015454545454545388