0 0.8606582278481013 0.5957215189873417 0.05443037974683551 0.044303797468354444
0 0.8239493670886077 0.6033164556962025 0.04683544303797471 0.04683544303797471
0 0.6821772151898734 0.5305316455696203 0.03924050632911391 0.04303797468354442
0 0.656860759493671 0.5343291139240507 0.03417721518987338 0.0430379746835442
0 0.7682531645569621 0.49002531645569614 0.02658227848101269 0.030379746835442922
0 0.7910379746835443 0.4868607594936708 0.029113924050632956 0.03670886075949359
0 0.6125569620253166 0.47863291139240505 0.016455696202531622 0.0177215189873417
0 0.5961818181818181 0.4784545454545454 0.0181818181818183 0.01727272727272733
0 0.8102727272727273 0.4616363636363636 0.024545454545454537 0.016363636363636302
0 0.738 0.46072727272727265 0.018181818181818188 0.014545454545454417
0 0.7257272727272727 0.462090909090909 0.013636363636363669 0.015454545454545443