0 0.3771265822784809 0.5375189873417722 0.04683544303797482 0.05443037974683551
0 0.4195316455696201 0.5406835443037974 0.04303797468354453 0.05316455696202538
0 0.6543417721518987 0.5337215189873418 0.05443037974683562 0.044303797468354444
0 0.6910506329113923 0.5413164556962025 0.04683544303797482 0.04683544303797482
0 0.8328227848101266 0.46853164556962024 0.03924050632911402 0.04303797468354437
0 0.8581392405063291 0.47232911392405064 0.03417721518987349 0.043037974683544256
0 0.7467468354430379 0.4280253164556962 0.026582278481012578 0.030379746835442978
0 0.7239620253164556 0.42486075949367086 0.029113924050632956 0.036708860759493644
0 0.9024430379746835 0.4166329113924051 0.016455696202531622 0.0177215189873417
0 0.9188181818181819 0.4164545454545454 0.0181818181818183 0.01727272727272733
0 0.7047272727272728 0.39963636363636357 0.024545454545454648 0.016363636363636302
0 0.7770000000000001 0.39872727272727265 0.018181818181818188 0.014545454545454417
0 0.7892727272727273 0.40009090909090905 0.013636363636363669 0.015454545454545443