0 0.8528734177215191 0.4564810126582278 0.04683544303797482 0.05443037974683551
0 0.8104683544303799 0.4533164556962026 0.04303797468354453 0.05316455696202538
0 0.5756582278481013 0.4602784810126582 0.05443037974683562 0.044303797468354444
0 0.5389493670886076 0.4526835443037975 0.04683544303797482 0.04683544303797482
0 0.3971772151898735 0.5254683544303798 0.03924050632911397 0.04303797468354442
0 0.3718607594936709 0.5216708860759494 0.03417721518987343 0.0430379746835442
0 0.4832531645569621 0.5659746835443038 0.026582278481012633 0.030379746835442978
0 0.5060379746835444 0.5691392405063291 0.029113924050632956 0.036708860759493644
0 0.32755696202531653 0.5773670886075949 0.016455696202531622 0.017721518987341645
0 0.3111818181818181 0.5775454545454546 0.018181818181818243 0.01727272727272733
0 0.5252727272727272 0.5943636363636364 0.024545454545454648 0.016363636363636247
0 0.45299999999999996 0.5952727272727273 0.018181818181818132 0.014545454545454417
0 0.4407272727272727 0.5939090909090909 0.013636363636363669 0.015454545454545499