0 0.8298734177215191 0.5775189873417721 0.04683544303797471 0.0544303797468354
0 0.78746835443038 0.5806835443037974 0.04303797468354442 0.05316455696202538
0 0.5526582278481014 0.5737215189873418 0.05443037974683562 0.044303797468354444
0 0.5159493670886077 0.5813164556962025 0.04683544303797477 0.04683544303797471
0 0.37417721518987346 0.5085316455696203 0.03924050632911397 0.04303797468354437
0 0.348860759493671 0.5123291139240506 0.03417721518987343 0.043037974683544256
0 0.4602531645569621 0.46802531645569617 0.026582278481012578 0.030379746835442978
0 0.48303797468354437 0.46486075949367084 0.0291139240506329 0.036708860759493644
0 0.3045569620253165 0.4566329113924051 0.016455696202531622 0.017721518987341645
0 0.2881818181818181 0.45645454545454545 0.018181818181818243 0.017272727272727273
0 0.5022727272727272 0.4396363636363636 0.024545454545454648 0.016363636363636358
0 0.42999999999999994 0.43872727272727263 0.018181818181818132 0.014545454545454473
0 0.4177272727272727 0.4400909090909091 0.013636363636363613 0.015454545454545443