0 0.2801265822784809 0.46848101265822784 0.04683544303797482 0.05443037974683551
0 0.32253164556962005 0.4653164556962026 0.04303797468354442 0.05316455696202538
0 0.5573417721518987 0.47227848101265824 0.05443037974683562 0.044303797468354444
0 0.5940506329113923 0.4646835443037975 0.04683544303797471 0.04683544303797482
0 0.7358227848101265 0.5374683544303798 0.03924050632911391 0.04303797468354442
0 0.7611392405063291 0.5336708860759494 0.03417721518987349 0.0430379746835442
0 0.6497468354430379 0.5779746835443038 0.026582278481012578 0.030379746835442978
0 0.6269620253164556 0.5811392405063291 0.029113924050632956 0.036708860759493644
0 0.8054430379746835 0.5893670886075949 0.016455696202531622 0.017721518987341645
0 0.8218181818181819 0.5895454545454546 0.0181818181818183 0.01727272727272733
0 0.6077272727272728 0.6063636363636364 0.024545454545454648 0.016363636363636247
0 0.6800000000000002 0.6072727272727273 0.018181818181818188 0.014545454545454417
0 0.6922727272727274 0.605909090909091 0.013636363636363558 0.015454545454545499