0 0.7718734177215191 0.4364810126582278 0.04683544303797471 0.05443037974683551
0 0.7294683544303799 0.4333164556962026 0.04303797468354442 0.05316455696202538
0 0.4946582278481013 0.4402784810126582 0.05443037974683551 0.044303797468354444
0 0.4579493670886077 0.43268354430379746 0.04683544303797477 0.04683544303797482
0 0.3161772151898734 0.5054683544303797 0.03924050632911397 0.04303797468354431
0 0.29086075949367096 0.5016708860759493 0.03417721518987343 0.0430379746835442
0 0.40225316455696203 0.5459746835443038 0.026582278481012633 0.030379746835442867
0 0.4250379746835443 0.5491392405063291 0.0291139240506329 0.03670886075949353
0 0.24655696202531652 0.5573670886075949 0.016455696202531622 0.017721518987341645
0 0.23018181818181813 0.5575454545454546 0.018181818181818243 0.017272727272727217
0 0.44427272727272715 0.5743636363636364 0.024545454545454592 0.016363636363636358
0 0.372 0.5752727272727274 0.018181818181818132 0.014545454545454528
0 0.3597272727272727 0.5739090909090909 0.013636363636363613 0.015454545454545499