0 0.012772151898734152 0.4394810126582278 0.025544303797468304 0.05443037974683551
0 0.04453164556962008 0.4363164556962026 0.04303797468354453 0.05316455696202538
0 0.2793417721518987 0.4432784810126582 0.05443037974683551 0.044303797468354444
0 0.3160506329113923 0.43568354430379747 0.04683544303797482 0.04683544303797482
0 0.45782278481012656 0.5084683544303797 0.03924050632911402 0.04303797468354431
0 0.483139240506329 0.5046708860759495 0.03417721518987349 0.0430379746835442
0 0.37174683544303794 0.5489746835443038 0.02658227848101269 0.030379746835442978
0 0.34896202531645565 0.5521392405063291 0.029113924050632956 0.036708860759493644
0 0.5274430379746835 0.560367088607595 0.016455696202531622 0.017721518987341645
0 0.5438181818181819 0.5605454545454546 0.0181818181818183 0.01727272727272733
0 0.3297272727272728 0.5773636363636364 0.024545454545454537 0.016363636363636358
0 0.4020000000000001 0.5782727272727274 0.018181818181818188 0.014545454545454417
0 0.4142727272727273 0.5769090909090909 0.013636363636363558 0.015454545454545388