0 0.7218734177215191 0.4404810126582278 0.04683544303797482 0.05443037974683551
0 0.6794683544303799 0.4373164556962026 0.04303797468354442 0.05316455696202538
0 0.4446582278481013 0.4442784810126582 0.05443037974683557 0.044303797468354444
0 0.4079493670886077 0.43668354430379747 0.04683544303797471 0.04683544303797482
0 0.2661772151898735 0.5094683544303797 0.03924050632911397 0.04303797468354431
0 0.24086075949367097 0.5056708860759493 0.034177215189873406 0.0430379746835442
0 0.3522531645569621 0.5499746835443038 0.026582278481012633 0.030379746835442867
0 0.3750379746835444 0.5531392405063291 0.0291139240506329 0.03670886075949353
0 0.19655696202531653 0.5613670886075949 0.016455696202531622 0.017721518987341645
0 0.18018181818181814 0.5615454545454546 0.018181818181818243 0.017272727272727217
0 0.3942727272727272 0.5783636363636364 0.024545454545454592 0.016363636363636247
0 0.32199999999999995 0.5792727272727273 0.018181818181818132 0.014545454545454417
0 0.30972727272727274 0.5779090909090909 0.013636363636363613 0.015454545454545499