0 0.7188734177215191 0.41848101265822785 0.04683544303797471 0.0544303797468354
0 0.67646835443038 0.41531645569620257 0.04303797468354442 0.05316455696202538
0 0.44165822784810127 0.4222784810126582 0.05443037974683557 0.044303797468354444
0 0.40494936708860774 0.4146835443037975 0.04683544303797477 0.04683544303797471
0 0.26317721518987347 0.4874683544303798 0.03924050632911397 0.04303797468354442
0 0.23786075949367097 0.48367088607594944 0.03417721518987346 0.04303797468354431
0 0.3492531645569621 0.5279746835443039 0.026582278481012633 0.030379746835442978
0 0.3720379746835444 0.5311392405063292 0.0291139240506329 0.036708860759493644
0 0.19355696202531653 0.5393670886075949 0.016455696202531622 0.017721518987341645
0 0.17718181818181813 0.5395454545454547 0.018181818181818243 0.01727272727272733
0 0.3912727272727272 0.5563636363636364 0.024545454545454592 0.016363636363636247
0 0.31899999999999995 0.5572727272727274 0.018181818181818132 0.014545454545454528
0 0.30672727272727274 0.555909090909091 0.013636363636363613 0.015454545454545388