0 0.11412658227848088 0.40048101265822783 0.04683544303797482 0.0544303797468354
0 0.15653164556962007 0.39731645569620255 0.04303797468354453 0.05316455696202538
0 0.3913417721518987 0.4042784810126583 0.05443037974683551 0.044303797468354444
0 0.42805063291139234 0.3966835443037975 0.04683544303797471 0.04683544303797471
0 0.5698227848101266 0.46946835443037976 0.03924050632911391 0.04303797468354442
0 0.595139240506329 0.46567088607594936 0.03417721518987338 0.0430379746835442
0 0.4837468354430379 0.5099746835443039 0.02658227848101269 0.030379746835442978
0 0.46096202531645564 0.5131392405063292 0.029113924050632956 0.036708860759493644
0 0.6394430379746835 0.521367088607595 0.01645569620253151 0.017721518987341756
0 0.6558181818181819 0.5215454545454546 0.018181818181818188 0.01727272727272733
0 0.4417272727272728 0.5383636363636364 0.024545454545454537 0.016363636363636247
0 0.514 0.5392727272727273 0.018181818181818077 0.014545454545454417
0 0.5262727272727272 0.537909090909091 0.013636363636363558 0.015454545454545388