0 0.057126582278480886 0.6005189873417722 0.04683544303797471 0.0544303797468354
0 0.09953164556962008 0.6036835443037974 0.04303797468354442 0.05316455696202538
0 0.3343417721518987 0.5967215189873417 0.05443037974683562 0.044303797468354444
0 0.3710506329113923 0.6043164556962025 0.04683544303797471 0.04683544303797471
0 0.5128227848101266 0.5315316455696202 0.03924050632911391 0.04303797468354442
0 0.538139240506329 0.5353291139240506 0.03417721518987349 0.0430379746835442
0 0.42674683544303793 0.49102531645569614 0.026582278481012578 0.030379746835442922
0 0.40396202531645564 0.4878607594936708 0.029113924050632844 0.03670886075949359
0 0.5824430379746834 0.47963291139240505 0.016455696202531622 0.0177215189873417
0 0.5988181818181819 0.4794545454545454 0.018181818181818188 0.01727272727272733
0 0.3847272727272728 0.4626363636363636 0.024545454545454648 0.016363636363636302
0 0.4570000000000001 0.46172727272727265 0.018181818181818077 0.014545454545454417
0 0.4692727272727273 0.463090909090909 0.013636363636363669 0.015454545454545443