0 0.026632911392404923 0.5655443037974683 0.04936708860759487 0.05949367088607593
0 0.06903797468354411 0.5655443037974683 0.05569620253164542 0.05949367088607593
0 0.1823291139240505 0.43959493670886074 0.0341772151898736 0.030379746835443033
0 0.288025316455696 0.4465569620253165 0.027848101265822822 0.026582278481012744
0 0.317139240506329 0.4465569620253165 0.032911392405063244 0.0291139240506329
0 0.486759493670886 0.5149113924050632 0.04303797468354431 0.04430379746835439
0 0.5177721518987342 0.5180759493670886 0.03924050632911391 0.043037974683544256
0 0.6981518987341772 0.5187088607594936 0.03797468354430378 0.046835443037974656
0 0.7316962025316456 0.5168101265822784 0.03924050632911402 0.050632911392405056
0 0.846253164556962 0.5212405063291139 0.03797468354430378 0.044303797468354444
0 0.8797974683544304 0.5275696202531646 0.044303797468354444 0.044303797468354444
0 0.3696708860759492 0.4256708860759494 0.029113924050633067 0.0329113924050633
0 0.23781818181818187 0.42836363636363634 0.018181818181818188 0.021818181818181848
0 0.5832727272727274 0.40927272727272723 0.021818181818181848 0.019999999999999962
0 0.6023636363636364 0.4097272727272727 0.023636363636363567 0.024545454545454426