0 0.956367088607595 0.46745569620253163 0.04936708860759487 0.05949367088607593
0 0.9139620253164559 0.46745569620253163 0.05569620253164542 0.05949367088607593
0 0.8006708860759495 0.5934050632911393 0.0341772151898736 0.030379746835442978
0 0.694974683544304 0.5864430379746834 0.027848101265822822 0.02658227848101269
0 0.665860759493671 0.5864430379746836 0.032911392405063244 0.029113924050632844
0 0.496240506329114 0.5180886075949367 0.04303797468354431 0.044303797468354555
0 0.46522784810126583 0.5149240506329114 0.03924050632911397 0.0430379746835442
0 0.28484810126582283 0.5142911392405064 0.03797468354430383 0.04683544303797471
0 0.25130379746835446 0.5161898734177216 0.03924050632911394 0.05063291139240511
0 0.13674683544303803 0.5117594936708861 0.03797468354430372 0.044303797468354444
0 0.10320253164556964 0.5054303797468354 0.04430379746835443 0.044303797468354555
0 0.6133291139240508 0.6073291139240506 0.029113924050633067 0.032911392405063356
0 0.7451818181818182 0.6046363636363636 0.018181818181818188 0.021818181818181848
0 0.3997272727272727 0.6237272727272727 0.021818181818181903 0.020000000000000018
0 0.38063636363636355 0.6232727272727272 0.023636363636363622 0.024545454545454537