0 0.21363291139240492 0.5635443037974683 0.04936708860759498 0.05949367088607593
0 0.25603797468354417 0.5635443037974683 0.05569620253164542 0.05949367088607593
0 0.3693291139240505 0.43759493670886074 0.03417721518987349 0.030379746835443033
0 0.47502531645569607 0.44455696202531647 0.027848101265822822 0.026582278481012744
0 0.504139240506329 0.44455696202531647 0.032911392405063356 0.0291139240506329
0 0.6737594936708861 0.5129113924050633 0.04303797468354431 0.0443037974683545
0 0.7047721518987341 0.5160759493670886 0.03924050632911391 0.043037974683544256
0 0.8851518987341771 0.5167088607594936 0.03797468354430389 0.046835443037974656
0 0.9186962025316455 0.5148101265822784 0.03924050632911391 0.050632911392405056
0 0.5566708860759493 0.4236708860759494 0.029113924050633067 0.0329113924050633
0 0.4248181818181819 0.4263636363636364 0.0181818181818183 0.021818181818181792
0 0.7702727272727272 0.40727272727272723 0.021818181818181848 0.019999999999999962
0 0.7893636363636365 0.4077272727272727 0.023636363636363567 0.024545454545454426