0 0.7853670886075951 0.47545569620253164 0.04936708860759498 0.05949367088607593
0 0.7429620253164559 0.47545569620253164 0.05569620253164553 0.05949367088607593
0 0.6296708860759495 0.6014050632911393 0.03417721518987349 0.030379746835442978
0 0.523974683544304 0.5944430379746835 0.027848101265822822 0.02658227848101269
0 0.494860759493671 0.5944430379746836 0.032911392405063356 0.029113924050632844
0 0.325240506329114 0.5260886075949367 0.04303797468354431 0.044303797468354444
0 0.2942278481012659 0.5229240506329114 0.03924050632911397 0.0430379746835442
0 0.11384810126582284 0.5222911392405063 0.03797468354430385 0.04683544303797482
0 0.08030379746835445 0.5241898734177215 0.039240506329113946 0.05063291139240522
0 0.4423291139240508 0.6153291139240507 0.029113924050633067 0.032911392405063356
0 0.5741818181818181 0.6126363636363636 0.0181818181818183 0.02181818181818196
0 0.22872727272727267 0.6317272727272727 0.021818181818181875 0.020000000000000018
0 0.20963636363636357 0.6312727272727272 0.023636363636363622 0.024545454545454537