0 0.012474683544303755 0.5564430379746836 0.02494936708860751 0.02658227848101269
0 0.040139240506329055 0.5564430379746835 0.032911392405063356 0.029113924050632844
0 0.20975949367088598 0.4880886075949367 0.04303797468354431 0.044303797468354555
0 0.24077215189873413 0.48492405063291144 0.03924050632911391 0.04303797468354431
0 0.4211518987341772 0.4842911392405064 0.03797468354430389 0.04683544303797471
0 0.45469620253164555 0.4861898734177216 0.03924050632911391 0.05063291139240511
0 0.569253164556962 0.4817594936708861 0.03797468354430378 0.044303797468354444
0 0.6027974683544304 0.47543037974683544 0.044303797468354444 0.044303797468354444
0 0.0926708860759492 0.5773291139240506 0.029113924050633067 0.032911392405063356
0 0.3062727272727273 0.5937272727272727 0.021818181818181848 0.019999999999999907
0 0.3253636363636364 0.5932727272727273 0.023636363636363678 0.024545454545454426