0 0.587367088607595 0.5575443037974683 0.04936708860759487 0.05949367088607593
0 0.5449620253164559 0.5575443037974683 0.05569620253164542 0.05949367088607593
0 0.4316708860759495 0.43159493670886073 0.034177215189873544 0.030379746835443033
0 0.325974683544304 0.43855696202531647 0.027848101265822822 0.02658227848101269
0 0.29686075949367097 0.43855696202531647 0.032911392405063356 0.0291139240506329
0 0.127240506329114 0.5069113924050633 0.04303797468354435 0.0443037974683545
0 0.09622784810126586 0.5100759493670886 0.03924050632911394 0.043037974683544256
0 0.24432911392405077 0.4176708860759494 0.02911392405063304 0.032911392405063244
0 0.3761818181818182 0.4203636363636364 0.018181818181818243 0.021818181818181792
0 0.03072727272727269 0.4012727272727272 0.02181818181818187 0.019999999999999962
0 0.01172727272727269 0.4017272727272727 0.02345454545454538 0.024545454545454426