0 0.9216708860759495 0.4035949367088607 0.0341772151898736 0.030379746835443033
0 0.815974683544304 0.41055696202531644 0.027848101265822822 0.026582278481012744
0 0.786860759493671 0.41055696202531644 0.032911392405063356 0.029113924050632844
0 0.617240506329114 0.4789113924050633 0.04303797468354431 0.044303797468354444
0 0.5862278481012658 0.4820759493670886 0.03924050632911391 0.0430379746835442
0 0.4058481012658228 0.4827088607594937 0.03797468354430383 0.04683544303797477
0 0.37230379746835446 0.4808101265822785 0.03924050632911391 0.05063291139240517
0 0.257746835443038 0.48524050632911386 0.03797468354430372 0.044303797468354444
0 0.22420253164556964 0.49156962025316464 0.04430379746835447 0.0443037974683545
0 0.7343291139240508 0.38967088607594935 0.029113924050633067 0.0329113924050633
0 0.8661818181818182 0.39236363636363636 0.018181818181818188 0.021818181818181792
0 0.5207272727272727 0.37327272727272726 0.021818181818181848 0.020000000000000018
0 0.5016363636363635 0.3737272727272727 0.023636363636363622 0.02454545454545448