0 0.273632911392405 0.5195443037974683 0.04936708860759498 0.05949367088607593
0 0.3160379746835441 0.5195443037974683 0.05569620253164542 0.05949367088607593
0 0.4293291139240505 0.3935949367088608 0.0341772151898736 0.030379746835443033
0 0.535025316455696 0.40055696202531643 0.027848101265822822 0.026582278481012744
0 0.564139240506329 0.40055696202531643 0.032911392405063467 0.029113924050632844
0 0.733759493670886 0.4689113924050633 0.04303797468354431 0.044303797468354444
0 0.7647721518987342 0.4720759493670886 0.03924050632911391 0.0430379746835442
0 0.9451518987341772 0.47270886075949364 0.03797468354430378 0.04683544303797471
0 0.9786962025316456 0.47081012658227844 0.03924050632911391 0.05063291139240511
0 0.6166708860759492 0.37967088607594934 0.029113924050633067 0.0329113924050633
0 0.48481818181818187 0.38236363636363635 0.018181818181818188 0.021818181818181848
0 0.8302727272727273 0.36327272727272725 0.021818181818181848 0.020000000000000018
0 0.8493636363636364 0.36372727272727273 0.023636363636363678 0.024545454545454426