0 0.9239746835443039 0.6064430379746835 0.027848101265822822 0.02658227848101269
0 0.894860759493671 0.6064430379746836 0.032911392405063356 0.029113924050632844
0 0.725240506329114 0.5380886075949367 0.04303797468354431 0.044303797468354444
0 0.6942278481012658 0.5349240506329114 0.03924050632911402 0.0430379746835442
0 0.5138481012658229 0.5342911392405063 0.03797468354430389 0.0468354430379746
0 0.48030379746835444 0.5361898734177216 0.03924050632911391 0.05063291139240511
0 0.365746835443038 0.5317594936708862 0.03797468354430372 0.044303797468354444
0 0.3322025316455697 0.5254303797468354 0.044303797468354444 0.044303797468354444
0 0.8423291139240507 0.6273291139240507 0.029113924050633067 0.032911392405063356
0 0.9741818181818181 0.6246363636363637 0.0181818181818183 0.02181818181818196
0 0.6287272727272727 0.6437272727272727 0.02181818181818196 0.020000000000000018
0 0.6096363636363635 0.6432727272727272 0.023636363636363567 0.024545454545454426