0 0.601367088607595 0.5585443037974684 0.04936708860759498 0.05949367088607593
0 0.5589620253164559 0.5585443037974684 0.05569620253164542 0.05949367088607593
0 0.4456708860759495 0.43259493670886073 0.0341772151898736 0.030379746835443033
0 0.33997468354430394 0.43955696202531647 0.027848101265822878 0.02658227848101269
0 0.310860759493671 0.43955696202531647 0.032911392405063356 0.0291139240506329
0 0.141240506329114 0.5079113924050633 0.04303797468354437 0.0443037974683545
0 0.11022784810126586 0.5110759493670886 0.03924050632911394 0.043037974683544256
0 0.2583291139240508 0.4186708860759494 0.029113924050633067 0.032911392405063244
0 0.3901818181818182 0.4213636363636364 0.018181818181818243 0.021818181818181792
0 0.044727272727272685 0.4022727272727272 0.02181818181818187 0.019999999999999962
0 0.02563636363636357 0.4027272727272727 0.023636363636363622 0.024545454545454426