0 0.22863291139240494 0.47845569620253164 0.04936708860759498 0.05949367088607593
0 0.2710379746835441 0.47845569620253164 0.05569620253164553 0.05949367088607593
0 0.3843291139240505 0.6044050632911392 0.03417721518987349 0.030379746835442978
0 0.4900253164556961 0.5974430379746836 0.027848101265822822 0.0265822784810128
0 0.5191392405063291 0.5974430379746836 0.032911392405063356 0.029113924050632844
0 0.688759493670886 0.5290886075949367 0.04303797468354431 0.044303797468354444
0 0.7197721518987341 0.5259240506329115 0.03924050632911402 0.0430379746835442
0 0.9001518987341772 0.5252911392405063 0.03797468354430389 0.04683544303797471
0 0.9336962025316455 0.5271898734177215 0.03924050632911391 0.05063291139240511
0 0.5716708860759492 0.6183291139240507 0.029113924050633067 0.032911392405063244
0 0.4398181818181819 0.6156363636363636 0.0181818181818183 0.021818181818181737
0 0.7852727272727273 0.6347272727272728 0.021818181818181848 0.020000000000000018
0 0.8043636363636364 0.6342727272727273 0.023636363636363567 0.024545454545454426