0 0.9922911392405064 0.5774050632911393 0.015417721518987237 0.030379746835442978
0 0.8959746835443039 0.5704430379746834 0.027848101265822822 0.02658227848101269
0 0.866860759493671 0.5704430379746835 0.032911392405063356 0.029113924050632844
0 0.697240506329114 0.5020886075949367 0.04303797468354442 0.044303797468354555
0 0.6662278481012659 0.49892405063291145 0.03924050632911391 0.04303797468354431
0 0.48584810126582284 0.4982911392405064 0.03797468354430389 0.04683544303797471
0 0.4523037974683545 0.5001898734177216 0.03924050632911397 0.05063291139240511
0 0.3377468354430381 0.4957594936708861 0.03797468354430372 0.044303797468354444
0 0.30420253164556965 0.48943037974683545 0.044303797468354444 0.044303797468354444
0 0.8143291139240507 0.5913291139240506 0.029113924050632956 0.032911392405063244
0 0.9461818181818181 0.5886363636363636 0.0181818181818183 0.021818181818181848
0 0.6007272727272728 0.6077272727272727 0.021818181818181848 0.019999999999999907
0 0.5816363636363635 0.6072727272727273 0.023636363636363567 0.024545454545454426