0 0.9453670886075951 0.5285443037974684 0.04936708860759487 0.05949367088607593
0 0.9029620253164559 0.5285443037974684 0.05569620253164542 0.05949367088607593
0 0.7896708860759495 0.4025949367088607 0.0341772151898736 0.030379746835443033
0 0.6839746835443039 0.40955696202531644 0.027848101265822822 0.026582278481012744
0 0.6548607594936711 0.40955696202531644 0.032911392405063356 0.029113924050632844
0 0.485240506329114 0.4779113924050633 0.04303797468354431 0.044303797468354444
0 0.4542278481012659 0.4810759493670886 0.03924050632911391 0.0430379746835442
0 0.2738481012658228 0.4817088607594937 0.03797468354430383 0.04683544303797477
0 0.24030379746835445 0.4798101265822785 0.03924050632911394 0.05063291139240517
0 0.12574683544303805 0.48424050632911386 0.037974683544303736 0.044303797468354444
0 0.09220253164556966 0.49056962025316464 0.04430379746835446 0.0443037974683545
0 0.6023291139240508 0.38867088607594935 0.029113924050633067 0.0329113924050633
0 0.7341818181818182 0.39136363636363636 0.0181818181818183 0.021818181818181792
0 0.3887272727272727 0.37227272727272726 0.021818181818181848 0.020000000000000018
0 0.36963636363636354 0.3727272727272727 0.023636363636363622 0.02454545454545448