0 0.9146708860759495 0.3715949367088608 0.0341772151898736 0.030379746835443033
0 0.8089746835443039 0.37855696202531647 0.027848101265822822 0.02658227848101269
0 0.7798607594936711 0.3785569620253164 0.032911392405063356 0.0291139240506329
0 0.610240506329114 0.4469113924050633 0.04303797468354431 0.044303797468354444
0 0.5792278481012658 0.4500759493670886 0.03924050632911402 0.043037974683544256
0 0.3988481012658228 0.4507088607594937 0.03797468354430383 0.04683544303797471
0 0.36530379746835445 0.4488101265822785 0.03924050632911391 0.05063291139240511
0 0.250746835443038 0.4532405063291139 0.03797468354430372 0.044303797468354444
0 0.21720253164556966 0.4595696202531646 0.044303797468354444 0.044303797468354444
0 0.7273291139240508 0.3576708860759493 0.029113924050633067 0.0329113924050633
0 0.8591818181818182 0.36036363636363633 0.0181818181818183 0.021818181818181792
0 0.5137272727272727 0.3412727272727273 0.02181818181818196 0.019999999999999962
0 0.49463636363636354 0.3417272727272727 0.023636363636363622 0.024545454545454426