0 0.16063291139240493 0.4364556962025316 0.04936708860759487 0.05949367088607593
0 0.20303797468354412 0.4364556962025316 0.05569620253164542 0.05949367088607593
0 0.3163291139240505 0.5624050632911393 0.0341772151898736 0.03037974683544309
0 0.422025316455696 0.5554430379746835 0.027848101265822822 0.0265822784810128
0 0.45113924050632903 0.5554430379746835 0.032911392405063244 0.029113924050632956
0 0.620759493670886 0.48708860759493666 0.04303797468354431 0.044303797468354444
0 0.6517721518987342 0.4839240506329114 0.03924050632911391 0.0430379746835442
0 0.8321518987341772 0.4832911392405063 0.03797468354430378 0.0468354430379746
0 0.8656962025316456 0.4851898734177215 0.03924050632911391 0.050632911392405
0 0.980253164556962 0.4807594936708861 0.03797468354430378 0.044303797468354444
0 0.9958227848101265 0.47443037974683544 0.008354430379746924 0.044303797468354444
0 0.5036708860759492 0.5763291139240506 0.029113924050633067 0.032911392405063244
0 0.3718181818181819 0.5736363636363636 0.018181818181818188 0.021818181818181737
0 0.7172727272727273 0.5927272727272728 0.02181818181818196 0.020000000000000018
0 0.7363636363636364 0.5922727272727273 0.023636363636363678 0.024545454545454426