0 0.9539746835443039 0.5464430379746836 0.027848101265822822 0.02658227848101269
0 0.924860759493671 0.5464430379746835 0.032911392405063244 0.029113924050632844
0 0.755240506329114 0.47808860759493677 0.04303797468354431 0.044303797468354444
0 0.7242278481012658 0.47492405063291143 0.03924050632911391 0.04303797468354431
0 0.5438481012658228 0.47429113924050637 0.03797468354430378 0.04683544303797471
0 0.5103037974683544 0.47618987341772157 0.03924050632911391 0.05063291139240511
0 0.395746835443038 0.4717594936708861 0.03797468354430372 0.044303797468354444
0 0.36220253164556965 0.46543037974683543 0.044303797468354444 0.044303797468354444
0 0.8723291139240508 0.5673291139240506 0.029113924050633067 0.032911392405063356
0 0.9975454545454545 0.5646363636363636 0.004909090909090974 0.021818181818181848
0 0.6587272727272726 0.5837272727272728 0.021818181818181848 0.020000000000000018
0 0.6396363636363636 0.5832727272727273 0.023636363636363678 0.024545454545454426