0 0.04402531645569602 0.6044430379746835 0.027848101265822822 0.02658227848101269
0 0.07313924050632903 0.6044430379746836 0.032911392405063244 0.029113924050632844
0 0.242759493670886 0.5360886075949367 0.04303797468354431 0.044303797468354444
0 0.27377215189873416 0.5329240506329114 0.03924050632911391 0.0430379746835442
0 0.45415189873417716 0.5322911392405063 0.03797468354430378 0.0468354430379746
0 0.4876962025316456 0.5341898734177216 0.03924050632911391 0.05063291139240511
0 0.602253164556962 0.5297594936708862 0.03797468354430367 0.044303797468354444
0 0.6357974683544304 0.5234303797468354 0.044303797468354444 0.044303797468354444
0 0.12567088607594923 0.6253291139240507 0.029113924050633067 0.032911392405063356
0 0.0014545454545454861 0.6226363636363637 0.0029090909090909722 0.02181818181818196
0 0.33927272727272734 0.6417272727272727 0.021818181818181848 0.020000000000000018
0 0.35836363636363644 0.6412727272727272 0.023636363636363678 0.024545454545454426