0 0.47256962025316457 0.12913924050632913 0.09113924050632904 0.11518987341772158
0 0.5592784810126582 0.12027848101265826 0.09493670886075933 0.11518987341772147
0 0.19092405063291124 0.28989873417721523 0.069620253164557 0.08481012658227849
0 0.25294936708860744 0.2886329113924051 0.069620253164557 0.09240506329113929
0 0.6795316455696202 0.3088860759493671 0.06708860759493684 0.06708860759493662
0 0.7440886075949367 0.30192405063291144 0.07468354430379753 0.06835443037974687
0 0.547253164556962 0.49496202531645567 0.03037974683544309 0.04177215189873429
0 0.5782658227848101 0.49432911392405066 0.03924050632911391 0.03797468354430378
0 0.40991139240506325 0.5202784810126583 0.03164556962025311 0.03924050632911391
0 0.4409240506329114 0.5202784810126583 0.03544303797468351 0.03417721518987338
0 0.5042151898734177 0.5481265822784811 0.03291139240506313 0.03164556962025322