0 0.5725696202531645 0.8578607594936709 0.09113924050632904 0.11518987341772158
0 0.6592784810126582 0.8667215189873418 0.09493670886075933 0.11518987341772158
0 0.02615822784810118 0.7515316455696202 0.05231645569620236 0.11265822784810131
0 0.29092405063291127 0.6971012658227848 0.06962025316455711 0.08481012658227849
0 0.35294936708860747 0.6983670886075949 0.06962025316455689 0.09240506329113929
0 0.7795316455696202 0.6781139240506329 0.06708860759493673 0.06708860759493662
0 0.8440886075949365 0.6850759493670886 0.07468354430379753 0.06835443037974687
0 0.647253164556962 0.4920379746835444 0.030379746835442978 0.0417721518987344
0 0.6782658227848101 0.49267088607594933 0.03924050632911391 0.03797468354430372
0 0.5099113924050632 0.4667215189873417 0.03164556962025311 0.039240506329113856
0 0.5409240506329114 0.46672151898734177 0.03544303797468362 0.03417721518987349
0 0.6042151898734177 0.438873417721519 0.032911392405063244 0.03164556962025317