0 0.6834303797468355 0.17213924050632912 0.09113924050632904 0.11518987341772147
0 0.5967215189873418 0.16327848101265824 0.09493670886075933 0.11518987341772158
0 0.9650759493670887 0.33289873417721516 0.06962025316455711 0.08481012658227849
0 0.9030506329113925 0.33163291139240514 0.06962025316455689 0.09240506329113929
0 0.47646835443037977 0.35188607594936716 0.06708860759493673 0.06708860759493662
0 0.41191139240506336 0.34492405063291137 0.07468354430379748 0.06835443037974687
0 0.608746835443038 0.5379620253164556 0.030379746835442978 0.0417721518987344
0 0.5777341772151899 0.5373291139240507 0.03924050632911391 0.03797468354430378
0 0.7460886075949368 0.5632784810126582 0.03164556962025311 0.03924050632911391
0 0.7150759493670886 0.5632784810126582 0.03544303797468351 0.03417721518987338
0 0.6517848101265823 0.591126582278481 0.032911392405063244 0.03164556962025322