0 0.3234303797468354 0.8378607594936709 0.0911392405063291 0.11518987341772158
0 0.23672151898734184 0.8467215189873418 0.09493670886075936 0.11518987341772158
0 0.8898860759493672 0.7315316455696204 0.09240506329113918 0.11265822784810131
0 0.9623481012658228 0.7517848101265823 0.07530379746835436 0.12025316455696211
0 0.6050759493670888 0.6771012658227848 0.06962025316455711 0.08481012658227849
0 0.5430506329113926 0.6783670886075949 0.06962025316455689 0.09240506329113929
0 0.11646835443037981 0.6581139240506328 0.06708860759493679 0.06708860759493662
0 0.0519113924050634 0.6650759493670886 0.07468354430379748 0.06835443037974698
0 0.248746835443038 0.47203797468354436 0.030379746835443006 0.041772151898734344
0 0.2177341772151899 0.4726708860759493 0.03924050632911394 0.03797468354430372
0 0.3860886075949368 0.44672151898734175 0.03164556962025311 0.03924050632911391
0 0.35507594936708864 0.4467215189873418 0.03544303797468351 0.03417721518987343
0 0.2917848101265823 0.418873417721519 0.03291139240506319 0.03164556962025317