0 0.5805696202531645 0.8788607594936708 0.09113924050632916 0.11518987341772158
0 0.6672784810126582 0.8877215189873418 0.09493670886075944 0.11518987341772147
0 0.030158227848101182 0.7725316455696203 0.060316455696202365 0.11265822784810131
0 0.2989240506329113 0.7181012658227848 0.06962025316455711 0.08481012658227849
0 0.3609493670886074 0.7193670886075949 0.069620253164557 0.09240506329113929
0 0.7875316455696202 0.6991139240506329 0.06708860759493673 0.06708860759493662
0 0.8520886075949365 0.7060759493670885 0.07468354430379753 0.06835443037974687
0 0.655253164556962 0.5130379746835443 0.030379746835442978 0.041772151898734344
0 0.6862658227848101 0.5136708860759494 0.03924050632911391 0.03797468354430378
0 0.5179113924050632 0.48772151898734173 0.03164556962025311 0.03924050632911391
0 0.5489240506329114 0.4877215189873418 0.03544303797468362 0.03417721518987349
0 0.6122151898734177 0.45987341772151896 0.032911392405063244 0.03164556962025322