0 0.6864303797468354 0.13013924050632913 0.09113924050632904 0.11518987341772158
0 0.5997215189873418 0.12127848101265826 0.09493670886075933 0.11518987341772147
0 0.966632911392405 0.29089873417721523 0.06673417721518982 0.08481012658227849
0 0.9060506329113925 0.2896329113924051 0.06962025316455689 0.09240506329113929
0 0.4794683544303798 0.3098860759493671 0.06708860759493673 0.06708860759493662
0 0.41491139240506336 0.30292405063291145 0.07468354430379748 0.06835443037974687
0 0.611746835443038 0.49596202531645567 0.030379746835442978 0.04177215189873429
0 0.5807341772151899 0.49532911392405066 0.03924050632911391 0.03797468354430378
0 0.7490886075949368 0.5212784810126583 0.03164556962025311 0.0392405063291138
0 0.7180759493670886 0.5212784810126583 0.03544303797468351 0.03417721518987349
0 0.6547848101265823 0.549126582278481 0.032911392405063244 0.03164556962025322