0 0.8195696202531646 0.12713924050632913 0.09113924050632904 0.11518987341772158
0 0.9062784810126582 0.11827848101265825 0.09493670886075933 0.11518987341772147
0 0.2531139240506328 0.23346835443037978 0.09240506329113929 0.11265822784810131
0 0.1765316455696202 0.2132151898734178 0.08354430379746836 0.120253164556962
0 0.5379240506329113 0.28789873417721523 0.069620253164557 0.08481012658227849
0 0.5999493670886075 0.2866329113924051 0.06962025316455711 0.09240506329113929
0 0.9964936708860759 0.3068860759493671 0.007012658227848245 0.06708860759493662
0 0.894253164556962 0.49296202531645567 0.030379746835442978 0.04177215189873429
0 0.9252658227848101 0.49232911392405065 0.03924050632911391 0.03797468354430378
0 0.7569113924050632 0.5182784810126583 0.03164556962025311 0.03924050632911391
0 0.7879240506329114 0.5182784810126583 0.03544303797468351 0.03417721518987338
0 0.8512151898734177 0.5461265822784811 0.03291139240506313 0.03164556962025322