0 0.7115696202531645 0.8758607594936709 0.09113924050632916 0.11518987341772158
0 0.7982784810126582 0.8847215189873417 0.09493670886075933 0.11518987341772147
0 0.14511392405063278 0.7695316455696202 0.09240506329113918 0.11265822784810131
0 0.06853164556962016 0.7897848101265822 0.08354430379746824 0.120253164556962
0 0.4299240506329113 0.7151012658227848 0.06962025316455711 0.08481012658227849
0 0.4919493670886074 0.7163670886075949 0.069620253164557 0.09240506329113929
0 0.9185316455696202 0.6961139240506329 0.06708860759493684 0.06708860759493662
0 0.9728734177215189 0.7030759493670886 0.05425316455696216 0.06835443037974687
0 0.786253164556962 0.5100379746835444 0.030379746835442978 0.04177215189873429
0 0.8172658227848101 0.5106708860759493 0.03924050632911391 0.03797468354430378
0 0.6489113924050632 0.4847215189873417 0.03164556962025311 0.03924050632911391
0 0.6799240506329114 0.4847215189873418 0.03544303797468362 0.03417721518987349
0 0.7432151898734177 0.45687341772151896 0.032911392405063244 0.03164556962025322