0 0.12643037974683546 0.8348607594936708 0.09113924050632907 0.11518987341772158
0 0.043594936708860756 0.8437215189873417 0.08718987341772151 0.11518987341772158
0 0.6928860759493671 0.7285316455696202 0.09240506329113918 0.11265822784810131
0 0.7694683544303798 0.7487848101265822 0.08354430379746824 0.12025316455696211
0 0.40807594936708874 0.6741012658227848 0.06962025316455711 0.08481012658227849
0 0.34605063291139254 0.6753670886075949 0.069620253164557 0.09240506329113929
0 0.05174683544303797 0.46903797468354436 0.030379746835443026 0.0417721518987344
0 0.0207341772151899 0.4696708860759493 0.03924050632911394 0.03797468354430372
0 0.1890886075949368 0.44372151898734175 0.03164556962025314 0.03924050632911391
0 0.15807594936708863 0.4437215189873418 0.03544303797468354 0.03417721518987343
0 0.09478481012658233 0.415873417721519 0.03291139240506323 0.03164556962025317