0 0.6465696202531646 0.8718607594936709 0.09113924050632916 0.11518987341772158
0 0.7332784810126581 0.8807215189873417 0.09493670886075933 0.11518987341772147
0 0.08011392405063283 0.7655316455696202 0.09240506329113918 0.11265822784810131
0 0.022651898734177167 0.7857848101265822 0.045303797468354334 0.120253164556962
0 0.3649240506329112 0.7111012658227848 0.06962025316455711 0.08481012658227849
0 0.4269493670886075 0.7123670886075949 0.069620253164557 0.09240506329113929
0 0.8535316455696202 0.6921139240506329 0.06708860759493673 0.06708860759493662
0 0.9180886075949366 0.6990759493670886 0.07468354430379742 0.06835443037974687
0 0.721253164556962 0.5060379746835444 0.03037974683544309 0.04177215189873429
0 0.7522658227848101 0.5066708860759493 0.03924050632911391 0.03797468354430378
0 0.5839113924050633 0.4807215189873417 0.03164556962025311 0.039240506329113856
0 0.6149240506329113 0.4807215189873417 0.03544303797468351 0.03417721518987343
0 0.6782151898734177 0.45287341772151896 0.032911392405063244 0.03164556962025322