0 0.4504303797468354 0.8918607594936708 0.0911392405063291 0.11518987341772147
0 0.36372151898734184 0.9007215189873418 0.09493670886075939 0.11518987341772147
0 0.9853417721518988 0.7855316455696202 0.029316455696202448 0.11265822784810131
0 0.7320759493670888 0.7311012658227848 0.06962025316455711 0.08481012658227849
0 0.6700506329113926 0.7323670886075949 0.06962025316455689 0.09240506329113929
0 0.2434683544303798 0.7121139240506329 0.06708860759493679 0.06708860759493662
0 0.1789113924050634 0.7190759493670886 0.07468354430379748 0.06835443037974687
0 0.375746835443038 0.5260379746835444 0.030379746835443033 0.04177215189873429
0 0.3447341772151899 0.5266708860759494 0.03924050632911391 0.03797468354430378
0 0.5130886075949368 0.5007215189873417 0.03164556962025317 0.03924050632911391
0 0.48207594936708864 0.5007215189873417 0.03544303797468351 0.03417721518987349
0 0.4187848101265823 0.4728734177215189 0.03291139240506319 0.03164556962025317