0 0.24843037974683546 0.8978607594936708 0.09113924050632907 0.11518987341772147
0 0.16172151898734183 0.9067215189873418 0.09493670886075939 0.11518987341772147
0 0.8148860759493672 0.7915316455696202 0.09240506329113918 0.11265822784810131
0 0.8914683544303799 0.8117848101265822 0.08354430379746824 0.120253164556962
0 0.5300759493670888 0.7371012658227848 0.06962025316455711 0.08481012658227849
0 0.46805063291139254 0.7383670886075949 0.069620253164557 0.09240506329113929
0 0.04146835443037981 0.7181139240506329 0.06708860759493677 0.06708860759493662
0 0.0071265822784810666 0.7250759493670886 0.014253164556962133 0.06835443037974687
0 0.17374683544303798 0.5320379746835444 0.030379746835443033 0.04177215189873429
0 0.14273417721518988 0.5326708860759494 0.03924050632911394 0.03797468354430378
0 0.3110886075949368 0.5067215189873417 0.03164556962025311 0.03924050632911391
0 0.28007594936708863 0.5067215189873417 0.03544303797468351 0.03417721518987338
0 0.21678481012658235 0.4788734177215189 0.03291139240506322 0.03164556962025317