0 0.43143037974683546 0.13913924050632914 0.09113924050632904 0.11518987341772158
0 0.3447215189873418 0.1302784810126582 0.09493670886075933 0.11518987341772158
0 0.9758417721518988 0.2454683544303798 0.048316455696202465 0.11265822784810131
0 0.7130759493670887 0.29989873417721524 0.06962025316455711 0.08481012658227849
0 0.6510506329113925 0.2986329113924051 0.06962025316455689 0.09240506329113929
0 0.22446835443037982 0.31888607594936713 0.06708860759493676 0.06708860759493662
0 0.15991139240506339 0.31192405063291145 0.07468354430379746 0.06835443037974687
0 0.356746835443038 0.5049620253164556 0.030379746835442978 0.0417721518987344
0 0.32573417721518994 0.5043291139240507 0.03924050632911397 0.03797468354430367
0 0.4940886075949368 0.5302784810126583 0.03164556962025311 0.03924050632911391
0 0.4630759493670886 0.5302784810126582 0.03544303797468351 0.03417721518987349
0 0.39978481012658235 0.558126582278481 0.032911392405063244 0.03164556962025311