0 0.9973354430379748 0.5440506329113923 0.005329113924050444 0.0582278481012658
0 0.9669556962025317 0.3067088607594937 0.06608860759493651 0.1278481012658227
0 0.8877088607594938 0.3003797468354431 0.10506329113924062 0.12278481012658227
0 0.4313797468354431 0.21936708860759496 0.1265822784810126 0.14810126582278482
0 0.3218860759493672 0.20860759493670888 0.120253164556962 0.1518987341772151
0 0.16618987341772162 0.4269620253164557 0.06708860759493679 0.09746835443037971
0 0.09783544303797481 0.4313924050632912 0.07721518987341769 0.09113924050632927
0 0.5516329113924051 0.4516455696202532 0.07848101265822782 0.07848101265822771
0 0.4858101265822785 0.44974683544303795 0.0683544303797467 0.07215189873417716
0 0.6991012658227849 0.5054430379746835 0.07974683544303784 0.0772151898734178
0 0.7288481012658228 0.639620253164557 0.03797468354430378 0.04177215189873407
0 0.2585949367088608 0.6098734177215189 0.06202531645569617 0.05316455696202538
0 0.439607594936709 0.5674683544303798 0.054430379746835456 0.04936708860759487
0 0.48517721518987345 0.57 0.05189873417721508 0.04936708860759498
0 0.04910126582278493 0.5870886075949368 0.05063291139240514 0.05063291139240511
0 0.350367088607595 0.6573417721518987 0.05316455696202538 0.04936708860759498