0 0.9663164556962026 0.5190506329113924 0.06329113924050622 0.0582278481012658
0 0.9321392405063293 0.2817088607594937 0.11645569620253171 0.1278481012658227
0 0.8277088607594939 0.2753797468354431 0.10506329113924062 0.12278481012658227
0 0.37137974683544306 0.19436708860759494 0.1265822784810126 0.14810126582278482
0 0.2618860759493672 0.18360759493670886 0.12025316455696203 0.1518987341772151
0 0.10618987341772163 0.4019620253164557 0.06708860759493677 0.09746835443037971
0 0.03822151898734182 0.40639240506329116 0.07644303797468364 0.09113924050632927
0 0.49163291139240506 0.4266455696202532 0.07848101265822777 0.07848101265822771
0 0.42581012658227857 0.424746835443038 0.06835443037974681 0.07215189873417727
0 0.6391012658227848 0.4804430379746835 0.07974683544303784 0.0772151898734178
0 0.6688481012658227 0.6146202531645569 0.03797468354430367 0.04177215189873418
0 0.1985949367088608 0.584873417721519 0.06202531645569617 0.05316455696202538
0 0.3796075949367089 0.5424683544303797 0.054430379746835456 0.04936708860759487
0 0.42517721518987345 0.545 0.05189873417721513 0.04936708860759498
0 0.007208860759493746 0.5620886075949367 0.014417721518987492 0.050632911392405
0 0.290367088607595 0.6323417721518988 0.05316455696202538 0.04936708860759498