0 0.9636835443037977 0.46629113924050636 0.0726329113924048 0.05822784810126591
0 0.9033164556962028 0.44920253164556956 0.07088607594936702 0.07215189873417716
0 0.8033164556962027 0.5270506329113924 0.06329113924050633 0.0582278481012658
0 0.7691392405063293 0.2897088607594937 0.11645569620253182 0.1278481012658227
0 0.6647088607594939 0.2833797468354431 0.10506329113924062 0.12278481012658227
0 0.20837974683544308 0.20236708860759495 0.12658227848101264 0.14810126582278482
0 0.09888607594936719 0.19160759493670887 0.12025316455696201 0.1518987341772151
0 0.32863291139240514 0.4346455696202532 0.07848101265822777 0.07848101265822771
0 0.26281012658227854 0.43274683544303794 0.06835443037974676 0.07215189873417716
0 0.4761012658227848 0.4884430379746835 0.0797468354430379 0.0772151898734178
0 0.5058481012658228 0.6226202531645569 0.03797468354430378 0.04177215189873418
0 0.03559493670886082 0.592873417721519 0.06202531645569616 0.05316455696202538
0 0.21660759493670895 0.5504683544303797 0.054430379746835456 0.04936708860759487
0 0.26217721518987347 0.553 0.05189873417721516 0.04936708860759498
0 0.127367088607595 0.6403417721518988 0.05316455696202535 0.04936708860759498