0 0.00848101265822776 0.6489113924050633 0.01696202531645552 0.09367088607594931
0 0.05493670886075935 0.6584050632911391 0.10886075949367069 0.11012658227848104
0 0.22835443037974662 0.49511392405063287 0.06075949367088607 0.0620253164556962
0 0.2821518987341772 0.49448101265822786 0.05949367088607593 0.07088607594936719
0 0.3688607594936707 0.5527088607594937 0.08354430379746836 0.05822784810126591
0 0.43468354430379724 0.5697974683544305 0.07088607594936713 0.07215189873417727
0 0.5346835443037974 0.4919493670886076 0.06329113924050622 0.058227848101265856
0 0.5688607594936708 0.7292911392405064 0.11645569620253171 0.1278481012658227
0 0.6732911392405061 0.7356202531645569 0.10506329113924062 0.12278481012658227
0 0.9850632911392405 0.5843544303797468 0.02987341772151897 0.07848101265822771
0 0.8618987341772153 0.5305569620253165 0.07974683544303784 0.0772151898734178
0 0.8321518987341772 0.396379746835443 0.03797468354430367 0.04177215189873418
0 0.15240506329113918 0.4596708860759493 0.06075949367088607 0.046835443037974656