0 0.05935443037974669 0.4681139240506329 0.06075949367088607 0.0620253164556962
0 0.11315189873417714 0.46748101265822795 0.05949367088607593 0.0708860759493673
0 0.19986075949367071 0.5257088607594936 0.08354430379746824 0.05822784810126591
0 0.26568354430379726 0.5427974683544304 0.07088607594936702 0.07215189873417716
0 0.36568354430379735 0.4649493670886076 0.06329113924050622 0.0582278481012658
0 0.39986075949367067 0.7022911392405062 0.11645569620253171 0.1278481012658227
0 0.5042911392405061 0.7086202531645569 0.10506329113924051 0.12278481012658227
0 0.9486645569620253 0.789632911392405 0.10267088607594943 0.14810126582278482
0 0.8403670886075949 0.5573544303797469 0.07848101265822782 0.07848101265822771
0 0.9061898734177214 0.5592531645569621 0.06835443037974687 0.07215189873417716
0 0.6928987341772153 0.5035569620253164 0.07974683544303784 0.0772151898734178
0 0.6631518987341772 0.36937974683544306 0.03797468354430378 0.04177215189873412
0 0.952392405063291 0.4415316455696202 0.05443037974683551 0.04936708860759481
0 0.9068227848101266 0.439 0.051898734177215244 0.04936708860759498
0 0.006892405063291085 0.43267088607594933 0.01378481012658217 0.0468354430379746