0 0.07046835443037958 0.3710886075949367 0.11898734177215187 0.09367088607594931
0 0.16793670886075934 0.36159493670886084 0.10886075949367069 0.11012658227848104
0 0.040297468354430266 0.48881012658227857 0.08059493670886053 0.06835443037974687
0 0.3413544303797466 0.5248860759493671 0.06075949367088607 0.06202531645569631
0 0.39515189873417716 0.525518987341772 0.05949367088607593 0.07088607594936736
0 0.48186075949367063 0.46729113924050636 0.08354430379746824 0.05822784810126591
0 0.5476835443037973 0.45020253164556956 0.07088607594936702 0.07215189873417716
0 0.6476835443037974 0.5280506329113924 0.06329113924050622 0.05822784810126591
0 0.6818607594936708 0.2907088607594937 0.11645569620253171 0.1278481012658227
0 0.7862911392405061 0.2843797468354431 0.10506329113924062 0.12278481012658227
0 0.9675126582278482 0.4894430379746835 0.06497468354430369 0.0772151898734178
0 0.9451518987341772 0.6236202531645569 0.03797468354430367 0.04177215189873407
0 0.26540506329113916 0.5603291139240507 0.06075949367088607 0.0468354430379746