0 0.9888354430379748 0.4799493670886076 0.02232911392405046 0.058227848101265856
0 0.9584556962025317 0.7172911392405064 0.08308860759493653 0.1278481012658227
0 0.8707088607594938 0.7236202531645569 0.10506329113924062 0.12278481012658227
0 0.4143797468354431 0.8046329113924051 0.1265822784810126 0.14810126582278482
0 0.3048860759493672 0.8153924050632911 0.120253164556962 0.1518987341772151
0 0.1491898734177216 0.5970379746835444 0.06708860759493676 0.09746835443037971
0 0.08083544303797481 0.5926075949367089 0.07721518987341766 0.09113924050632927
0 0.5346329113924051 0.5723544303797468 0.07848101265822777 0.07848101265822771
0 0.4688101265822785 0.574253164556962 0.0683544303797467 0.07215189873417727
0 0.6821012658227847 0.5185569620253165 0.07974683544303784 0.0772151898734178
0 0.7118481012658228 0.38437974683544307 0.03797468354430378 0.04177215189873412
0 0.2415949367088608 0.414126582278481 0.062025316455696144 0.05316455696202532
0 0.42260759493670896 0.4565316455696202 0.054430379746835456 0.04936708860759481
0 0.46817721518987343 0.45399999999999996 0.05189873417721513 0.04936708860759492
0 0.03210126582278492 0.43691139240506327 0.05063291139240513 0.050632911392405056
0 0.333367088607595 0.36665822784810126 0.05316455696202538 0.04936708860759498