0 0.007683544303797363 0.6074050632911392 0.015367088607594726 0.11012658227848093
0 0.13435443037974665 0.4441139240506329 0.06075949367088607 0.062025316455696256
0 0.1881518987341772 0.4434810126582279 0.05949367088607593 0.07088607594936724
0 0.27486075949367067 0.5017088607594936 0.08354430379746824 0.058227848101265856
0 0.34068354430379727 0.5187974683544304 0.07088607594936713 0.07215189873417716
0 0.44068354430379736 0.4409493670886076 0.06329113924050633 0.0582278481012658
0 0.4748607594936707 0.6782911392405063 0.11645569620253182 0.1278481012658228
0 0.5792911392405061 0.6846202531645569 0.10506329113924062 0.12278481012658238
0 0.9861645569620253 0.765632911392405 0.027670886075949364 0.14810126582278482
0 0.9153670886075949 0.5333544303797468 0.07848101265822782 0.07848101265822782
0 0.9735063291139241 0.535253164556962 0.05298734177215192 0.07215189873417716
0 0.7678987341772152 0.47955696202531645 0.07974683544303796 0.0772151898734178
0 0.7381518987341772 0.34537974683544304 0.03797468354430378 0.04177215189873418
0 0.9779367088607596 0.41500000000000004 0.044126582278480986 0.04936708860759492
0 0.0584050632911392 0.40867088607594937 0.06075949367088607 0.046835443037974656