0 0.028563291139240388 0.5237974683544304 0.057126582278480775 0.07215189873417716
0 0.12168354430379735 0.4459493670886076 0.06329113924050622 0.0582278481012658
0 0.15586075949367068 0.6832911392405063 0.11645569620253171 0.1278481012658227
0 0.2602911392405062 0.689620253164557 0.10506329113924062 0.12278481012658238
0 0.7166202531645569 0.7706329113924051 0.12658227848101267 0.14810126582278482
0 0.8261139240506328 0.7813924050632911 0.12025316455696211 0.1518987341772151
0 0.974132911392405 0.5630379746835443 0.051734177215190025 0.09746835443037971
0 0.5963670886075949 0.5383544303797468 0.07848101265822782 0.07848101265822782
0 0.6621898734177214 0.540253164556962 0.06835443037974676 0.07215189873417716
0 0.4488987341772152 0.48455696202531645 0.07974683544303784 0.0772151898734178
0 0.41915189873417724 0.35037974683544304 0.03797468354430378 0.04177215189873412
0 0.8894050632911392 0.380126582278481 0.06202531645569609 0.05316455696202538
0 0.708392405063291 0.42253164556962025 0.0544303797468354 0.04936708860759487
0 0.6628227848101266 0.42000000000000004 0.051898734177215244 0.04936708860759492
0 0.797632911392405 0.3326582278481013 0.05316455696202538 0.04936708860759492