0 0.8996455696202534 0.5218860759493671 0.06075949367088607 0.06202531645569609
0 0.8458481012658228 0.522518987341772 0.05949367088607593 0.07088607594936724
0 0.7591392405063293 0.46429113924050636 0.08354430379746836 0.05822784810126591
0 0.6933164556962028 0.44720253164556956 0.07088607594936713 0.07215189873417716
0 0.5933164556962026 0.5250506329113924 0.06329113924050622 0.0582278481012658
0 0.5591392405063293 0.2877088607594937 0.11645569620253171 0.1278481012658227
0 0.4547088607594939 0.2813797468354431 0.10506329113924068 0.12278481012658227
0 0.0308354430379747 0.20036708860759495 0.0616708860759494 0.14810126582278482
0 0.11863291139240512 0.4326455696202532 0.07848101265822778 0.07848101265822771
0 0.052810126582278544 0.43074683544303793 0.06835443037974676 0.07215189873417716
0 0.2661012658227848 0.4864430379746835 0.07974683544303787 0.0772151898734178
0 0.2958481012658227 0.6206202531645569 0.03797468354430372 0.04177215189873418
0 0.016911392405063338 0.5484683544303797 0.033822784810126676 0.04936708860759487
0 0.052177215189873435 0.551 0.051898734177215154 0.04936708860759498
0 0.9726075949367089 0.5573291139240506 0.054784810126582206 0.0468354430379746