0 0.011816455696202433 0.4832911392405063 0.023632911392404865 0.0582278481012658
0 0.04768354430379723 0.4662025316455696 0.07088607594936713 0.07215189873417716
0 0.14768354430379738 0.5440506329113923 0.06329113924050622 0.0582278481012658
0 0.1818607594936707 0.3067088607594937 0.11645569620253171 0.1278481012658227
0 0.2862911392405061 0.3003797468354431 0.10506329113924062 0.12278481012658227
0 0.7426202531645569 0.21936708860759496 0.12658227848101267 0.14810126582278482
0 0.8521139240506328 0.20860759493670888 0.120253164556962 0.1518987341772151
0 0.987132911392405 0.4269620253164557 0.02573417721519 0.09746835443037971
0 0.6223670886075949 0.4516455696202532 0.07848101265822782 0.07848101265822771
0 0.6881898734177214 0.44974683544303795 0.06835443037974676 0.07215189873417716
0 0.47489873417721523 0.5054430379746835 0.07974683544303784 0.0772151898734178
0 0.4451518987341772 0.639620253164557 0.03797468354430367 0.04177215189873407
0 0.9154050632911392 0.6098734177215189 0.0620253164556962 0.05316455696202538
0 0.7343924050632911 0.5674683544303798 0.0544303797468354 0.04936708860759487
0 0.6888227848101265 0.57 0.05189873417721513 0.04936708860759498
0 0.823632911392405 0.6573417721518987 0.05316455696202538 0.04936708860759498