0 0.041860759493670685 0.5027088607594936 0.08354430379746824 0.058227848101265856
0 0.10768354430379723 0.5197974683544304 0.07088607594936702 0.07215189873417716
0 0.20768354430379737 0.4419493670886076 0.06329113924050633 0.0582278481012658
0 0.24186075949367064 0.6792911392405063 0.11645569620253171 0.1278481012658228
0 0.34629113924050614 0.685620253164557 0.10506329113924062 0.12278481012658238
0 0.8026202531645569 0.7666329113924051 0.12658227848101267 0.14810126582278482
0 0.9121139240506329 0.7773924050632911 0.12025316455696211 0.1518987341772151
0 0.682367088607595 0.5343544303797468 0.07848101265822771 0.07848101265822782
0 0.7481898734177215 0.536253164556962 0.06835443037974676 0.07215189873417716
0 0.5348987341772151 0.48055696202531645 0.07974683544303784 0.0772151898734178
0 0.5051518987341772 0.34637974683544304 0.03797468354430378 0.04177215189873418
0 0.9721962025316455 0.376126582278481 0.05560759493670886 0.05316455696202538
0 0.7943924050632911 0.41853164556962025 0.0544303797468354 0.04936708860759487
0 0.7488227848101265 0.41600000000000004 0.05189873417721513 0.04936708860759492
0 0.883632911392405 0.3286582278481013 0.05316455696202538 0.04936708860759492