0 0.6383797468354431 0.807632911392405 0.12658227848101267 0.14810126582278482
0 0.5288860759493672 0.8183924050632911 0.12025316455696206 0.1518987341772151
0 0.3731898734177216 0.6000379746835443 0.06708860759493679 0.09746835443037971
0 0.30483544303797483 0.5956075949367088 0.07721518987341769 0.09113924050632927
0 0.7586329113924051 0.5753544303797469 0.07848101265822771 0.07848101265822771
0 0.6928101265822786 0.5772531645569621 0.06835443037974676 0.07215189873417727
0 0.9061012658227847 0.5215569620253164 0.07974683544303784 0.0772151898734178
0 0.9358481012658229 0.3873797468354431 0.03797468354430367 0.04177215189873412
0 0.4655949367088608 0.417126582278481 0.0620253164556962 0.05316455696202532
0 0.6466075949367089 0.45953164556962023 0.05443037974683551 0.04936708860759481
0 0.6921772151898735 0.45699999999999996 0.05189873417721513 0.04936708860759492
0 0.2561012658227849 0.4399113924050633 0.05063291139240511 0.050632911392405056
0 0.557367088607595 0.36965822784810126 0.05316455696202538 0.04936708860759498