0 0.9760189873417722 0.5939113924050633 0.04796202531645555 0.09367088607594942
0 0.9140632911392406 0.6034050632911392 0.10886075949367069 0.11012658227848093
0 0.7406455696202534 0.4401139240506329 0.06075949367088607 0.062025316455696256
0 0.6868481012658227 0.4394810126582279 0.05949367088607593 0.07088607594936724
0 0.6001392405063293 0.4977088607594936 0.08354430379746824 0.058227848101265856
0 0.5343164556962028 0.5147974683544304 0.07088607594936708 0.07215189873417716
0 0.43431645569620264 0.4369493670886076 0.06329113924050622 0.0582278481012658
0 0.4001392405063293 0.6742911392405063 0.11645569620253171 0.1278481012658228
0 0.2957088607594939 0.6806202531645569 0.10506329113924062 0.12278481012658238
0 0.1071012658227848 0.4755569620253165 0.07974683544303787 0.07721518987341774
0 0.13684810126582278 0.34137974683544303 0.037974683544303736 0.04177215189873418
0 0.8165949367088607 0.40467088607594937 0.06075949367088607 0.046835443037974656