0 0.04735443037974668 0.4891139240506329 0.06075949367088607 0.062025316455696144
0 0.10115189873417713 0.48848101265822785 0.05949367088607593 0.07088607594936719
0 0.1878607594936707 0.5467088607594937 0.08354430379746824 0.05822784810126591
0 0.25368354430379725 0.5637974683544305 0.07088607594936702 0.07215189873417716
0 0.35368354430379734 0.4859493670886076 0.06329113924050622 0.058227848101265856
0 0.38786075949367066 0.7232911392405064 0.11645569620253171 0.1278481012658227
0 0.49229113924050616 0.7296202531645569 0.10506329113924062 0.12278481012658227
0 0.9426645569620253 0.8106329113924051 0.11467088607594944 0.14810126582278482
0 0.9989936708860758 0.8213924050632911 0.0020126582278482408 0.1518987341772151
0 0.8283670886075949 0.5783544303797468 0.07848101265822782 0.07848101265822771
0 0.8941898734177215 0.580253164556962 0.06835443037974676 0.07215189873417727
0 0.6808987341772152 0.5245569620253165 0.07974683544303784 0.0772151898734178
0 0.6511518987341772 0.3903797468354431 0.03797468354430378 0.04177215189873412
0 0.940392405063291 0.46253164556962023 0.0544303797468354 0.04936708860759481
0 0.8948227848101266 0.45999999999999996 0.051898734177215244 0.04936708860759492
0 0.0008924050632911351 0.4536708860759493 0.0017848101265822702 0.046835443037974656