0 0.03868354430379739 0.5140506329113924 0.06329113924050622 0.05822784810126591
0 0.07286075949367071 0.2767088607594937 0.11645569620253171 0.1278481012658227
0 0.1772911392405061 0.2703797468354431 0.10506329113924062 0.12278481012658227
0 0.633620253164557 0.18936708860759494 0.12658227848101256 0.14810126582278482
0 0.7431139240506328 0.17860759493670886 0.120253164556962 0.1518987341772151
0 0.8988101265822783 0.3969620253164557 0.06708860759493673 0.09746835443037971
0 0.9642784810126581 0.40139240506329116 0.07144303797468365 0.09113924050632927
0 0.513367088607595 0.4216455696202532 0.07848101265822782 0.07848101265822771
0 0.5791898734177214 0.419746835443038 0.06835443037974676 0.07215189873417727
0 0.36589873417721525 0.4754430379746835 0.07974683544303784 0.0772151898734178
0 0.3361518987341772 0.6096202531645569 0.03797468354430367 0.04177215189873407
0 0.8064050632911393 0.579873417721519 0.0620253164556962 0.05316455696202527
0 0.6253924050632911 0.5374683544303798 0.0544303797468354 0.049367088607594756
0 0.5798227848101265 0.54 0.05189873417721513 0.04936708860759487
0 0.9952911392405063 0.5570886075949367 0.009417721518987454 0.05063291139240511
0 0.7146329113924049 0.6273417721518987 0.05316455696202538 0.04936708860759498