0 0.10546835443037955 0.6279113924050632 0.11898734177215198 0.09367088607594931
0 0.20293670886075937 0.6374050632911392 0.10886075949367069 0.11012658227848104
0 0.07445569620253151 0.5101898734177215 0.08227848101265811 0.06835443037974681
0 0.37635443037974664 0.4741139240506329 0.06075949367088607 0.062025316455696256
0 0.4301518987341772 0.47348101265822795 0.05949367088607593 0.0708860759493673
0 0.5168607594936707 0.5317088607594936 0.08354430379746836 0.05822784810126591
0 0.5826835443037972 0.5487974683544304 0.07088607594936702 0.07215189873417716
0 0.6826835443037973 0.4709493670886076 0.06329113924050622 0.058227848101265856
0 0.7168607594936707 0.7082911392405062 0.11645569620253182 0.1278481012658227
0 0.8212911392405061 0.7146202531645569 0.10506329113924062 0.12278481012658227
0 0.9850126582278481 0.5095569620253164 0.02997468354430377 0.0772151898734178
0 0.9801518987341773 0.37537974683544306 0.03797468354430367 0.04177215189873412
0 0.3004050632911392 0.43867088607594934 0.06075949367088607 0.0468354430379746