0 0.07246835443037958 0.34708860759493676 0.11898734177215187 0.09367088607594942
0 0.16993670886075934 0.3375949367088608 0.10886075949367069 0.11012658227848104
0 0.04145569620253148 0.4648101265822785 0.08227848101265811 0.06835443037974676
0 0.3433544303797466 0.5008860759493672 0.06075949367088607 0.0620253164556962
0 0.39715189873417717 0.5015189873417721 0.05949367088607593 0.07088607594936724
0 0.48386075949367063 0.44329113924050634 0.08354430379746824 0.05822784810126591
0 0.5496835443037973 0.4262025316455696 0.07088607594936702 0.07215189873417727
0 0.6496835443037974 0.5040506329113924 0.06329113924050622 0.05822784810126591
0 0.6838607594936708 0.2667088607594937 0.11645569620253171 0.1278481012658227
0 0.7882911392405061 0.26037974683544307 0.10506329113924062 0.12278481012658227
0 0.9685126582278482 0.4654430379746835 0.06297468354430369 0.0772151898734178
0 0.9471518987341772 0.599620253164557 0.03797468354430367 0.04177215189873418
0 0.26740506329113917 0.5363291139240507 0.06075949367088607 0.0468354430379746