0 0.01518354430379737 0.36459493670886084 0.03036708860759474 0.11012658227848104
0 0.14935443037974666 0.5278860759493671 0.06075949367088607 0.0620253164556962
0 0.20315189873417716 0.528518987341772 0.059493670886076044 0.07088607594936724
0 0.2898607594936707 0.47029113924050636 0.08354430379746824 0.05822784810126591
0 0.3556835443037972 0.45320253164556956 0.07088607594936702 0.07215189873417716
0 0.45568354430379737 0.5310506329113924 0.06329113924050633 0.0582278481012658
0 0.48986075949367064 0.2937088607594937 0.11645569620253171 0.1278481012658227
0 0.5942911392405061 0.2873797468354431 0.10506329113924062 0.12278481012658227
0 0.9936645569620253 0.20636708860759495 0.01267088607594935 0.14810126582278482
0 0.930367088607595 0.4386455696202532 0.07848101265822771 0.07848101265822771
0 0.981006329113924 0.43674683544303794 0.037987341772151906 0.07215189873417716
0 0.7828987341772151 0.49244303797468353 0.07974683544303784 0.0772151898734178
0 0.7531518987341772 0.6266202531645569 0.03797468354430367 0.04177215189873418
0 0.9854367088607595 0.557 0.029126582278480972 0.04936708860759498
0 0.07340506329113922 0.5633291139240506 0.06075949367088607 0.0468354430379746