0 0.19362025316455703 0.11998734177215192 0.1341772151898734 0.14430379746835442
0 0.07969620253164567 0.10416455696202537 0.11898734177215192 0.13797468354430376
0 0.5005822784810127 0.22631645569620262 0.0949367088607595 0.1240506329113924
0 0.4100759493670887 0.2231518987341773 0.0987341772151899 0.11012658227848093
0 0.2626075949367089 0.3668227848101266 0.07215189873417716 0.07848101265822793
0 0.6910886075949367 0.37758227848101267 0.07848101265822793 0.10506329113924062
0 0.6176708860759494 0.37821518987341773 0.07594936708860756 0.08607594936708862
0 0.882860759493671 0.4250506329113925 0.07721518987341758 0.08101265822784798
0 0.8088101265822786 0.42378481012658226 0.07848101265822782 0.08607594936708851
0 0.9353924050632914 0.5187215189873418 0.055696202531645644 0.05316455696202538
0 0.7366582278481013 0.6193544303797468 0.03037974683544309 0.029113924050632844
0 0.38855696202531653 0.530113924050633 0.04810126582278473 0.050632911392405
0 0.3417215189873418 0.530746835443038 0.055696202531645644 0.05443037974683529
0 0.2512151898734178 0.5364430379746835 0.05189873417721513 0.04303797468354431