0 0.7684177215189874 0.7906835443037974 0.09493670886075956 0.1240506329113924
0 0.8589240506329112 0.7938481012658227 0.09873417721518984 0.11012658227848093
0 0.9851582278481013 0.6501772151898735 0.029683544303797493 0.07848101265822793
0 0.5779113924050634 0.6394177215189873 0.07848101265822793 0.10506329113924062
0 0.6513291139240505 0.6387848101265823 0.07594936708860767 0.08607594936708862
0 0.386139240506329 0.5919493670886076 0.07721518987341747 0.08101265822784798
0 0.4601898734177214 0.5932151898734177 0.07848101265822793 0.08607594936708862
0 0.07601265822784797 0.7830886075949367 0.13037974683544307 0.12151898734177213
0 0.19183544303797462 0.7919493670886075 0.1518987341772151 0.13417721518987336
0 0.03958860759493665 0.626126582278481 0.0791772151898733 0.07848101265822793
0 0.12854430379746817 0.5520759493670886 0.07341772151898729 0.07215189873417716
0 0.33360759493670866 0.49827848101265826 0.055696202531645644 0.05316455696202538
0 0.5323417721518988 0.3976455696202532 0.03037974683544309 0.0291139240506329
0 0.8804430379746835 0.48688607594936706 0.04810126582278462 0.050632911392405056
0 0.9272784810126582 0.486253164556962 0.055696202531645644 0.054430379746835345
0 0.9959177215189874 0.4805569620253164 0.008164556962025338 0.043037974683544256