0 0.9571455696202531 0.08698734177215195 0.0857088607594938 0.1443037974683543
0 0.6744177215189873 0.1933164556962026 0.09493670886075944 0.1240506329113924
0 0.7649240506329114 0.19015189873417732 0.09873417721518984 0.11012658227848104
0 0.9123924050632911 0.33382278481012656 0.07215189873417716 0.07848101265822793
0 0.4839113924050633 0.34458227848101264 0.07848101265822782 0.10506329113924062
0 0.5573291139240506 0.3452151898734177 0.07594936708860756 0.08607594936708862
0 0.29213924050632895 0.39205063291139247 0.07721518987341758 0.08101265822784798
0 0.3661898734177214 0.3907848101265823 0.07848101265822793 0.08607594936708862
0 0.023601265822784767 0.20091139240506334 0.047202531645569534 0.12151898734177202
0 0.09783544303797465 0.1920506329113924 0.1518987341772151 0.13417721518987336
0 0.03562658227848092 0.4319240506329114 0.07125316455696185 0.07215189873417716
0 0.2396075949367087 0.4857215189873417 0.055696202531645644 0.05316455696202538
0 0.43834177215189873 0.5863544303797468 0.0303797468354432 0.029113924050632956
0 0.7864430379746834 0.4971139240506329 0.04810126582278473 0.05063291139240511
0 0.8332784810126582 0.49774683544303805 0.055696202531645644 0.0544303797468354
0 0.9237848101265822 0.5034430379746836 0.05189873417721513 0.04303797468354431