0 0.282620253164557 0.8440126582278481 0.13417721518987344 0.1443037974683543
0 0.16869620253164566 0.8598354430379747 0.11898734177215192 0.13797468354430387
0 0.5895822784810127 0.7376835443037975 0.09493670886075944 0.1240506329113924
0 0.49907594936708866 0.7408481012658228 0.0987341772151899 0.11012658227848104
0 0.3516075949367089 0.5971772151898734 0.07215189873417716 0.07848101265822782
0 0.7800886075949367 0.5864177215189874 0.07848101265822793 0.10506329113924062
0 0.7066708860759494 0.5857848101265823 0.07594936708860756 0.08607594936708851
0 0.9666265822784812 0.5389493670886075 0.06674683544303772 0.08101265822784792
0 0.8978101265822787 0.5402151898734178 0.07848101265822793 0.08607594936708851
0 0.9982721518987343 0.4452784810126582 0.0034556962025314997 0.05316455696202532
0 0.8256582278481013 0.34464556962025317 0.0303797468354432 0.0291139240506329
0 0.4775569620253165 0.43388607594936707 0.04810126582278479 0.050632911392405
0 0.4307215189873418 0.433253164556962 0.0556962025316457 0.0544303797468354
0 0.3402151898734178 0.42755696202531646 0.05189873417721519 0.043037974683544256