0 0.9029113924050634 0.6044177215189874 0.07848101265822782 0.10506329113924062
0 0.9691772151898734 0.6037848101265822 0.06164556962025325 0.08607594936708862
0 0.711139240506329 0.5569493670886074 0.07721518987341758 0.08101265822784798
0 0.7851898734177214 0.5582151898734178 0.07848101265822782 0.08607594936708851
0 0.40101265822784793 0.7480886075949367 0.13037974683544307 0.12151898734177213
0 0.5168354430379747 0.7569493670886076 0.15189873417721522 0.13417721518987336
0 0.2687341772151898 0.5936582278481012 0.09620253164556947 0.08101265822784809
0 0.35417721518987333 0.591126582278481 0.10000000000000009 0.07848101265822782
0 0.45354430379746813 0.5170759493670886 0.07341772151898729 0.07215189873417716
0 0.6586075949367086 0.4632784810126582 0.055696202531645644 0.05316455696202538
0 0.8573417721518988 0.3626455696202532 0.0303797468354432 0.029113924050632956