0 0.427620253164557 0.8570126582278481 0.1341772151898734 0.1443037974683543
0 0.31369620253164565 0.8728354430379747 0.11898734177215192 0.13797468354430387
0 0.7345822784810128 0.7506835443037974 0.09493670886075944 0.12405063291139251
0 0.6440759493670887 0.7538481012658227 0.09873417721518996 0.11012658227848104
0 0.4966075949367089 0.6101772151898734 0.07215189873417721 0.07848101265822782
0 0.9250886075949367 0.5994177215189874 0.07848101265822793 0.10506329113924062
0 0.8516708860759494 0.5987848101265822 0.07594936708860756 0.08607594936708862
0 0.9706582278481013 0.3576455696202532 0.03037974683544309 0.029113924050632956
0 0.6225569620253166 0.446886075949367 0.04810126582278473 0.050632911392405056
0 0.5757215189873418 0.446253164556962 0.055696202531645644 0.0544303797468354
0 0.4852151898734178 0.44055696202531647 0.05189873417721513 0.043037974683544256