0 0.37262025316455705 0.10798734177215191 0.1341772151898734 0.14430379746835442
0 0.25869620253164566 0.09216455696202536 0.11898734177215195 0.13797468354430376
0 0.6795822784810126 0.2143164556962026 0.09493670886075944 0.1240506329113924
0 0.5890759493670887 0.21115189873417728 0.09873417721518984 0.11012658227848093
0 0.44160759493670887 0.3548227848101266 0.07215189873417721 0.07848101265822793
0 0.8700886075949367 0.36558227848101266 0.07848101265822782 0.10506329113924062
0 0.7966708860759495 0.3662151898734177 0.07594936708860756 0.08607594936708862
0 0.9742848101265823 0.4117848101265823 0.0514303797468354 0.08607594936708862
0 0.9156582278481012 0.6073544303797468 0.0303797468354432 0.029113924050632844
0 0.5675569620253165 0.518113924050633 0.04810126582278473 0.050632911392405
0 0.5207215189873419 0.518746835443038 0.0556962025316457 0.0544303797468354
0 0.4302151898734178 0.5244430379746835 0.05189873417721513 0.04303797468354431