0 0.03652531645569621 0.7746835443037974 0.07305063291139242 0.1240506329113924
0 0.21608860759493667 0.6234177215189873 0.07848101265822788 0.10506329113924062
0 0.14267088607594947 0.6227848101265823 0.07594936708860757 0.08607594936708862
0 0.407860759493671 0.5759493670886076 0.07721518987341758 0.08101265822784798
0 0.3338101265822786 0.5772151898734177 0.07848101265822793 0.08607594936708851
0 0.7179873417721521 0.7670886075949367 0.13037974683544307 0.12151898734177213
0 0.6021645569620253 0.7759493670886075 0.15189873417721522 0.13417721518987336
0 0.8502658227848102 0.6126582278481012 0.09620253164556947 0.08101265822784809
0 0.7648227848101268 0.6101265822784809 0.09999999999999998 0.07848101265822793
0 0.6654556962025319 0.5360759493670886 0.07341772151898729 0.07215189873417716
0 0.4603924050632913 0.48227848101265824 0.055696202531645644 0.05316455696202538
0 0.2616582278481012 0.3816455696202532 0.030379746835443144 0.0291139240506329