0 0.03385443037974687 0.13798734177215188 0.06770886075949374 0.1443037974683543
0 0.3075822784810127 0.24431645569620258 0.0949367088607595 0.12405063291139251
0 0.21707594936708868 0.24115189873417725 0.09873417721518993 0.11012658227848104
0 0.0696075949367089 0.38482278481012655 0.07215189873417717 0.07848101265822782
0 0.49808860759493667 0.3955822784810126 0.07848101265822788 0.10506329113924062
0 0.42467088607594944 0.39621518987341775 0.07594936708860756 0.08607594936708862
0 0.689860759493671 0.4430506329113925 0.07721518987341758 0.08101265822784798
0 0.6158101265822786 0.4417848101265823 0.07848101265822793 0.08607594936708851
0 0.9673987341772152 0.25191139240506333 0.06520253164556944 0.12151898734177213
0 0.8841645569620253 0.24305063291139245 0.1518987341772151 0.13417721518987336
0 0.9984113924050633 0.408873417721519 0.0031772151898733503 0.07848101265822782
0 0.9474556962025318 0.48292405063291144 0.07341772151898718 0.07215189873417716
0 0.7423924050632913 0.5367215189873418 0.055696202531645644 0.05316455696202538
0 0.5436582278481012 0.6373544303797468 0.0303797468354432 0.029113924050632844
0 0.19555696202531653 0.548113924050633 0.04810126582278473 0.050632911392405
0 0.14872151898734182 0.548746835443038 0.05569620253164567 0.0544303797468354
0 0.05821518987341778 0.5544430379746835 0.051898734177215154 0.04303797468354431