0 0.7964177215189874 0.7506835443037974 0.09493670886075944 0.12405063291139251
0 0.8869240506329112 0.7538481012658227 0.09873417721518984 0.11012658227848104
0 0.9991582278481013 0.6101772151898734 0.0016835443037974684 0.07848101265822782
0 0.6059113924050634 0.5994177215189874 0.07848101265822793 0.10506329113924062
0 0.6793291139240505 0.5987848101265822 0.07594936708860756 0.08607594936708862
0 0.41413924050632894 0.5519493670886075 0.07721518987341758 0.08101265822784798
0 0.4881898734177214 0.5532151898734177 0.07848101265822793 0.08607594936708851
0 0.104012658227848 0.7430886075949367 0.13037974683544307 0.12151898734177213
0 0.21983544303797464 0.7519493670886075 0.1518987341772151 0.13417721518987336
0 0.009917721518987288 0.5886582278481012 0.019835443037974576 0.08101265822784809
0 0.05717721518987334 0.586126582278481 0.09999999999999998 0.07848101265822782
0 0.1565443037974682 0.5120759493670886 0.07341772151898729 0.07215189873417716
0 0.3616075949367087 0.4582784810126582 0.055696202531645644 0.05316455696202538
0 0.5603417721518988 0.3576455696202532 0.03037974683544309 0.029113924050632956
0 0.9084430379746835 0.446886075949367 0.04810126582278473 0.050632911392405056
0 0.9552784810126582 0.446253164556962 0.055696202531645755 0.0544303797468354