0 0.7604177215189873 0.2083164556962026 0.09493670886075956 0.1240506329113924
0 0.8509240506329113 0.20515189873417727 0.09873417721518996 0.11012658227848093
0 0.9811582278481012 0.3488227848101266 0.0376835443037975 0.07848101265822793
0 0.5699113924050634 0.35958227848101265 0.07848101265822782 0.10506329113924062
0 0.6433291139240505 0.3602151898734177 0.07594936708860767 0.08607594936708862
0 0.37813924050632897 0.4070506329113925 0.07721518987341747 0.08101265822784798
0 0.4521898734177214 0.4057848101265823 0.07848101265822793 0.08607594936708862
0 0.06801265822784797 0.2159113924050633 0.13037974683544307 0.12151898734177213
0 0.1838354430379746 0.20705063291139242 0.1518987341772151 0.13417721518987336
0 0.03558860759493665 0.372873417721519 0.0711772151898733 0.07848101265822793
0 0.12054430379746817 0.4469240506329114 0.07341772151898729 0.07215189873417716
0 0.32560759493670866 0.5007215189873417 0.055696202531645644 0.05316455696202538
0 0.5243417721518988 0.6013544303797468 0.03037974683544309 0.029113924050632844
0 0.8724430379746835 0.5121139240506329 0.04810126582278462 0.050632911392405
0 0.9192784810126582 0.512746835443038 0.055696202531645644 0.05443037974683529
0 0.9919177215189874 0.5184430379746836 0.016164556962025345 0.0430379746835442