0 0.5863797468354429 0.8440126582278481 0.13417721518987347 0.1443037974683543
0 0.7003037974683544 0.8598354430379747 0.11898734177215198 0.13797468354430387
0 0.2794177215189873 0.7376835443037975 0.09493670886075944 0.1240506329113924
0 0.3699240506329113 0.7408481012658228 0.09873417721518984 0.11012658227848104
0 0.5173924050632911 0.5971772151898734 0.07215189873417716 0.07848101265822782
0 0.08891139240506335 0.5864177215189874 0.07848101265822793 0.10506329113924062
0 0.16232911392405058 0.5857848101265823 0.07594936708860756 0.08607594936708851
0 0.0052151898734176805 0.5402151898734178 0.010430379746835361 0.08607594936708851
0 0.043341772151898716 0.34464556962025317 0.0303797468354432 0.0291139240506329
0 0.39144303797468344 0.43388607594936707 0.04810126582278473 0.050632911392405
0 0.4382784810126582 0.433253164556962 0.055696202531645644 0.0544303797468354
0 0.5287848101265822 0.42755696202531646 0.05189873417721513 0.043037974683544256