0 0.9589746835443038 0.22531645569620262 0.08205063291139247 0.1240506329113924
0 0.7749113924050632 0.37658227848101267 0.07848101265822793 0.10506329113924062
0 0.8483291139240505 0.37721518987341773 0.07594936708860756 0.08607594936708862
0 0.5831392405063289 0.4240506329113925 0.07721518987341758 0.08101265822784798
0 0.6571898734177215 0.42278481012658226 0.07848101265822793 0.08607594936708851
0 0.273012658227848 0.2329113924050633 0.13037974683544296 0.12151898734177213
0 0.3888354430379746 0.22405063291139243 0.15189873417721522 0.13417721518987336
0 0.14073417721518977 0.3873417721518988 0.09620253164556947 0.08101265822784809
0 0.22617721518987333 0.389873417721519 0.10000000000000009 0.07848101265822793
0 0.3255443037974681 0.4639240506329114 0.07341772151898729 0.07215189873417716
0 0.5306075949367087 0.5177215189873418 0.055696202531645644 0.05316455696202538
0 0.7293417721518987 0.6183544303797468 0.03037974683544309 0.029113924050632956