0 0.8124177215189874 0.21631645569620261 0.09493670886075944 0.1240506329113924
0 0.9029240506329113 0.21315189873417728 0.09873417721518984 0.11012658227848093
0 0.6219113924050634 0.36758227848101266 0.07848101265822793 0.10506329113924062
0 0.6953291139240505 0.3682151898734177 0.07594936708860756 0.08607594936708862
0 0.43013924050632896 0.4150506329113925 0.07721518987341758 0.08101265822784798
0 0.5041898734177215 0.4137848101265823 0.07848101265822793 0.08607594936708862
0 0.12001265822784796 0.2239113924050633 0.13037974683544296 0.12151898734177213
0 0.23583544303797466 0.21505063291139243 0.1518987341772151 0.13417721518987336
0 0.01791772151898724 0.3783417721518988 0.03583544303797448 0.08101265822784809
0 0.07317721518987336 0.380873417721519 0.09999999999999998 0.07848101265822793
0 0.17254430379746816 0.4549240506329114 0.07341772151898718 0.07215189873417716
0 0.3776075949367087 0.5087215189873417 0.055696202531645644 0.05316455696202538
0 0.5763417721518986 0.6093544303797468 0.03037974683544309 0.029113924050632844
0 0.9244430379746835 0.520113924050633 0.04810126582278473 0.050632911392405
0 0.9712784810126582 0.520746835443038 0.055696202531645755 0.0544303797468354