0 0.8134177215189873 0.8066835443037974 0.09493670886075944 0.1240506329113924
0 0.9039240506329114 0.8098481012658227 0.09873417721518984 0.11012658227848104
0 0.6229113924050633 0.6554177215189874 0.07848101265822782 0.10506329113924062
0 0.6963291139240506 0.6547848101265823 0.07594936708860756 0.08607594936708862
0 0.43113924050632896 0.6079493670886076 0.07721518987341758 0.08101265822784798
0 0.5051898734177214 0.6092151898734177 0.07848101265822782 0.08607594936708862
0 0.12101265822784796 0.7990886075949366 0.13037974683544296 0.12151898734177202
0 0.23683544303797466 0.8079493670886075 0.1518987341772151 0.13417721518987336
0 0.01841772151898724 0.6446582278481012 0.03683544303797448 0.08101265822784809
0 0.07417721518987336 0.642126582278481 0.09999999999999998 0.07848101265822793
0 0.17354430379746816 0.5680759493670886 0.07341772151898718 0.07215189873417716
0 0.3786075949367087 0.5142784810126583 0.055696202531645644 0.05316455696202543
0 0.5773417721518987 0.4136455696202532 0.0303797468354432 0.029113924050632956
0 0.9254430379746834 0.5028860759493671 0.04810126582278473 0.05063291139240511
0 0.9722151898734177 0.502253164556962 0.0555696202531647 0.054430379746835345