0 0.9699746835443037 0.22431645569620262 0.060050632911392454 0.1240506329113924
0 0.7969113924050633 0.37558227848101267 0.07848101265822793 0.10506329113924062
0 0.8703291139240505 0.37621518987341773 0.07594936708860756 0.08607594936708862
0 0.605139240506329 0.4230506329113925 0.07721518987341758 0.08101265822784798
0 0.6791898734177213 0.42178481012658225 0.07848101265822793 0.08607594936708851
0 0.29501265822784795 0.2319113924050633 0.13037974683544307 0.12151898734177213
0 0.41083544303797465 0.22305063291139243 0.15189873417721522 0.13417721518987336
0 0.1627341772151898 0.3863417721518988 0.09620253164556947 0.08101265822784809
0 0.2481772151898733 0.388873417721519 0.09999999999999998 0.07848101265822793
0 0.34754430379746815 0.4629240506329114 0.07341772151898729 0.07215189873417716
0 0.5526075949367086 0.5167215189873418 0.055696202531645755 0.05316455696202538
0 0.7513417721518987 0.6173544303797468 0.03037974683544309 0.029113924050632844