0 0.206620253164557 0.8570126582278481 0.13417721518987344 0.1443037974683543
0 0.09269620253164568 0.8728354430379747 0.11898734177215192 0.13797468354430387
0 0.5135822784810127 0.7506835443037974 0.0949367088607595 0.12405063291139251
0 0.4230759493670887 0.7538481012658227 0.0987341772151899 0.11012658227848104
0 0.2756075949367089 0.6101772151898734 0.07215189873417716 0.07848101265822782
0 0.7040886075949366 0.5994177215189874 0.07848101265822793 0.10506329113924062
0 0.6306708860759495 0.5987848101265822 0.07594936708860756 0.08607594936708862
0 0.8958607594936709 0.5519493670886075 0.07721518987341758 0.08101265822784798
0 0.8218101265822786 0.5532151898734177 0.07848101265822782 0.08607594936708851
0 0.9483924050632914 0.4582784810126582 0.055696202531645644 0.05316455696202538
0 0.7496582278481012 0.3576455696202532 0.03037974683544309 0.029113924050632956
0 0.40155696202531654 0.446886075949367 0.04810126582278473 0.050632911392405056
0 0.35472151898734183 0.446253164556962 0.055696202531645644 0.0544303797468354
0 0.2642151898734178 0.44055696202531647 0.05189873417721516 0.043037974683544256