0 0.9374177215189874 0.8046835443037974 0.09493670886075944 0.1240506329113924
0 0.9892784810126583 0.8078481012658227 0.02144303797468361 0.11012658227848104
0 0.7469113924050634 0.6534177215189874 0.07848101265822793 0.10506329113924062
0 0.8203291139240505 0.6527848101265823 0.07594936708860756 0.08607594936708862
0 0.5551392405063289 0.6059493670886076 0.07721518987341758 0.08101265822784798
0 0.6291898734177215 0.6072151898734177 0.07848101265822793 0.08607594936708862
0 0.24501265822784796 0.7970886075949366 0.13037974683544296 0.12151898734177202
0 0.36083544303797466 0.8059493670886075 0.1518987341772151 0.13417721518987336
0 0.11273417721518975 0.6426582278481012 0.09620253164556947 0.08101265822784809
0 0.19817721518987336 0.640126582278481 0.09999999999999998 0.07848101265822793
0 0.29754430379746816 0.5660759493670886 0.07341772151898718 0.07215189873417716
0 0.5026075949367087 0.5122784810126583 0.055696202531645644 0.05316455696202543
0 0.7013417721518986 0.41164556962025317 0.03037974683544309 0.029113924050632956