0 0.663379746835443 0.915012658227848 0.13417721518987347 0.1443037974683543
0 0.7773037974683543 0.9308354430379746 0.11898734177215198 0.13797468354430387
0 0.3564177215189873 0.8086835443037974 0.09493670886075956 0.1240506329113924
0 0.4469240506329113 0.8118481012658227 0.09873417721518996 0.11012658227848104
0 0.5943924050632912 0.6681772151898735 0.07215189873417716 0.07848101265822793
0 0.16591139240506336 0.6574177215189874 0.07848101265822782 0.10506329113924062
0 0.23932911392405054 0.6567848101265823 0.07594936708860756 0.08607594936708862
0 0.0063734177215188925 0.6099493670886076 0.012746835443037785 0.08101265822784798
0 0.04818987341772141 0.6112151898734177 0.07848101265822782 0.08607594936708862
0 0.12034177215189873 0.4156455696202532 0.03037974683544309 0.029113924050632956
0 0.4684430379746835 0.5048860759493671 0.04810126582278473 0.05063291139240511
0 0.5152784810126582 0.504253164556962 0.055696202531645644 0.054430379746835345
0 0.6057848101265821 0.4985569620253164 0.05189873417721513 0.043037974683544256