0 0.20894936708860745 0.6111772151898733 0.07848101265822782 0.06708860759493673
0 0.27983544303797453 0.6099113924050632 0.07594936708860767 0.06455696202531647
0 0.6095822784810125 0.5890253164556962 0.07215189873417749 0.06582278481012649
0 0.6735063291139239 0.5940886075949366 0.07848101265822804 0.07848101265822782
0 0.9285696202531645 0.6738354430379747 0.08481012658227849 0.09873417721518984
0 0.9778924050632911 0.6782658227848102 0.04421518987341777 0.09999999999999998
0 0.853253164556962 0.5554810126582279 0.05316455696202538 0.06455696202531647
0 0.9026202531645569 0.5510506329113924 0.05063291139240522 0.06329113924050633
0 0.8247721518987341 0.49092405063291145 0.04936708860759487 0.04936708860759498
0 0.783632911392405 0.4883924050632912 0.04556962025316458 0.04683544303797477
0 0.45894936708860745 0.497253164556962 0.04177215189873418 0.046835443037974656
0 0.5026202531645568 0.49408860759493667 0.04556962025316458 0.04556962025316452
0 0.7399620253164556 0.44915189873417716 0.036708860759493755 0.0367088607594937