0 0.021329113924050624 0.5790253164556962 0.04265822784810125 0.06582278481012649
0 0.07050632911392396 0.5840886075949366 0.07848101265822804 0.07848101265822782
0 0.3255696202531645 0.6638354430379747 0.08481012658227849 0.09873417721518984
0 0.39392405063291136 0.6682658227848102 0.08227848101265822 0.09999999999999998
0 0.5148101265822784 0.537253164556962 0.05316455696202538 0.05569620253164553
0 0.5597468354430379 0.536620253164557 0.051898734177215244 0.05696202531645567
0 0.6413924050632911 0.4929493670886076 0.04556962025316447 0.04556962025316458
0 0.250253164556962 0.5454810126582279 0.05316455696202538 0.06455696202531647
0 0.2996202531645569 0.5410506329113924 0.05063291139240522 0.06329113924050633
0 0.22177215189873412 0.48092405063291144 0.04936708860759498 0.04936708860759498
0 0.180632911392405 0.47839240506329117 0.04556962025316458 0.04683544303797477
0 0.13696202531645568 0.43915189873417715 0.036708860759493755 0.0367088607594937
0 0.46354430379746836 0.4739620253164557 0.044303797468354444 0.03797468354430383
0 0.5224050632911392 0.37775949367088607 0.027848101265822822 0.025316455696202556
0 0.5736708860759494 0.3840886075949367 0.024050632911392422 0.02278481012658229