0 0.7994177215189875 0.40597468354430377 0.07215189873417738 0.06582278481012649
0 0.735493670886076 0.40091139240506335 0.07848101265822793 0.07848101265822782
0 0.48043037974683556 0.32116455696202534 0.08481012658227854 0.09873417721518984
0 0.41207594936708863 0.31673417721518987 0.08227848101265833 0.09999999999999998
0 0.29118987341772157 0.447746835443038 0.05316455696202538 0.05569620253164553
0 0.24625316455696208 0.44837974683544307 0.0518987341772153 0.05696202531645567
0 0.16460759493670896 0.4920506329113924 0.04556962025316455 0.04556962025316458
0 0.555746835443038 0.43951898734177214 0.05316455696202538 0.06455696202531647
0 0.5063797468354431 0.4439493670886076 0.05063291139240511 0.06329113924050633
0 0.5842278481012658 0.5040759493670885 0.04936708860759498 0.04936708860759498
0 0.625367088607595 0.5066075949367088 0.04556962025316458 0.04683544303797482
0 0.9500506329113925 0.497746835443038 0.04177215189873407 0.04683544303797471
0 0.9063797468354431 0.5009113924050633 0.04556962025316469 0.04556962025316458
0 0.6690379746835444 0.5458481012658228 0.036708860759493755 0.036708860759493644
0 0.3424556962025317 0.5110379746835443 0.044303797468354444 0.03797468354430389
0 0.2835949367088608 0.607240506329114 0.027848101265822822 0.025316455696202556
0 0.23232911392405065 0.6009113924050633 0.02405063291139245 0.0227848101265824