0 0.8344177215189875 0.5910253164556962 0.07215189873417738 0.06582278481012649
0 0.770493670886076 0.5960886075949366 0.07848101265822804 0.07848101265822782
0 0.5154303797468355 0.6758354430379747 0.08481012658227843 0.09873417721518984
0 0.4470759493670886 0.6802658227848102 0.08227848101265828 0.09999999999999998
0 0.32618987341772154 0.549253164556962 0.05316455696202532 0.05569620253164553
0 0.2812531645569621 0.548620253164557 0.051898734177215244 0.05696202531645567
0 0.19960759493670893 0.5049493670886076 0.04556962025316455 0.04556962025316458
0 0.5907468354430381 0.5574810126582279 0.05316455696202538 0.06455696202531647
0 0.5413797468354431 0.5530506329113924 0.05063291139240511 0.06329113924050633
0 0.6192278481012659 0.49292405063291145 0.04936708860759498 0.04936708860759498
0 0.660367088607595 0.4903924050632912 0.04556962025316447 0.04683544303797477
0 0.9820822784810128 0.499253164556962 0.03583544303797448 0.046835443037974656
0 0.9413797468354432 0.49608860759493667 0.04556962025316469 0.04556962025316452
0 0.7040379746835443 0.45115189873417716 0.036708860759493755 0.0367088607594937
0 0.37745569620253167 0.4859620253164557 0.044303797468354444 0.03797468354430383
0 0.3185949367088608 0.389759493670886 0.027848101265822822 0.0253164556962025
0 0.2673291139240507 0.3960886075949367 0.024050632911392422 0.02278481012658229