0 0.2885822784810125 0.5570253164556962 0.07215189873417738 0.06582278481012649
0 0.352506329113924 0.5620886075949367 0.07848101265822804 0.07848101265822793
0 0.6075696202531644 0.6418354430379747 0.08481012658227849 0.09873417721518984
0 0.6759240506329114 0.6462658227848102 0.08227848101265822 0.09999999999999998
0 0.7968101265822785 0.515253164556962 0.05316455696202538 0.05569620253164553
0 0.841746835443038 0.514620253164557 0.051898734177215355 0.05696202531645567
0 0.923392405063291 0.4709493670886076 0.04556962025316458 0.04556962025316463
0 0.532253164556962 0.5234810126582279 0.05316455696202538 0.06455696202531647
0 0.5816202531645569 0.5190506329113924 0.05063291139240522 0.06329113924050633
0 0.5037721518987341 0.4589240506329114 0.04936708860759498 0.04936708860759498
0 0.462632911392405 0.45639240506329115 0.04556962025316447 0.04683544303797471
0 0.13794936708860744 0.46525316455696203 0.04177215189873407 0.04683544303797471
0 0.18162025316455682 0.46208860759493675 0.04556962025316469 0.04556962025316452
0 0.41896202531645566 0.41715189873417724 0.036708860759493644 0.0367088607594937
0 0.7455443037974684 0.4519620253164557 0.044303797468354444 0.03797468354430378
0 0.8044050632911393 0.35575949367088605 0.027848101265822822 0.025316455696202556
0 0.8556708860759494 0.36208860759493666 0.024050632911392422 0.022784810126582233