0 0.7890506329113925 0.41682278481012663 0.07848101265822782 0.06708860759493673
0 0.7181645569620254 0.41808860759493677 0.07594936708860767 0.06455696202531647
0 0.38841772151898746 0.4389746835443038 0.07215189873417743 0.06582278481012649
0 0.32449367088607606 0.4339113924050633 0.07848101265822799 0.07848101265822793
0 0.06943037974683551 0.35416455696202537 0.08481012658227849 0.09873417721518984
0 0.02110759493670889 0.3497341772151899 0.04221518987341778 0.09999999999999998
0 0.14474683544303804 0.47251898734177217 0.05316455696202538 0.06455696202531647
0 0.09537974683544309 0.47694936708860763 0.05063291139240517 0.06329113924050633
0 0.17322784810126585 0.5370759493670886 0.04936708860759495 0.04936708860759498
0 0.214367088607595 0.5396075949367088 0.04556962025316455 0.04683544303797471
0 0.5390506329113925 0.5307468354430379 0.04177215189873418 0.04683544303797471
0 0.49537974683544317 0.5339113924050632 0.04556962025316463 0.04556962025316458
0 0.25803797468354434 0.5788481012658228 0.03670886075949373 0.036708860759493644