0 0.07594936708860744 0.4398227848101266 0.07848101265822782 0.06708860759493662
0 0.14683544303797452 0.4410886075949367 0.07594936708860767 0.06455696202531647
0 0.47658227848101253 0.46197468354430377 0.07215189873417738 0.0658227848101266
0 0.5405063291139239 0.45691139240506334 0.07848101265822804 0.07848101265822793
0 0.7955696202531645 0.37716455696202533 0.08481012658227849 0.09873417721518996
0 0.8639240506329113 0.3727341772151899 0.08227848101265822 0.09999999999999998
0 0.9791139240506328 0.5037468354430381 0.04177215189873429 0.05569620253164553
0 0.720253164556962 0.4955189873417722 0.05316455696202538 0.06455696202531647
0 0.769620253164557 0.49994936708860765 0.05063291139240511 0.06329113924050633
0 0.6917721518987342 0.5600759493670886 0.04936708860759498 0.04936708860759487
0 0.650632911392405 0.5626075949367089 0.04556962025316447 0.04683544303797471
0 0.32594936708860744 0.5537468354430379 0.04177215189873418 0.04683544303797471
0 0.3696202531645569 0.5569113924050633 0.04556962025316469 0.04556962025316447
0 0.6069620253164556 0.6018481012658228 0.036708860759493755 0.036708860759493755
0 0.9335443037974683 0.5670379746835443 0.044303797468354444 0.03797468354430378
0 0.9892405063291139 0.6632405063291139 0.021518987341772267 0.025316455696202445