0 0.9240506329113926 0.5951772151898733 0.07848101265822782 0.06708860759493673
0 0.8531645569620254 0.5939113924050632 0.07594936708860767 0.06455696202531647
0 0.5234177215189875 0.5730253164556962 0.07215189873417738 0.06582278481012649
0 0.45949367088607607 0.5780886075949367 0.07848101265822799 0.07848101265822793
0 0.2044303797468355 0.6578354430379747 0.08481012658227849 0.09873417721518984
0 0.13607594936708864 0.6622658227848102 0.08227848101265828 0.09999999999999998
0 0.020886075949367124 0.531253164556962 0.04177215189873425 0.05569620253164553
0 0.279746835443038 0.5394810126582279 0.05316455696202538 0.06455696202531647
0 0.2303797468354431 0.5350506329113924 0.05063291139240514 0.06329113924050633
0 0.30822784810126586 0.47492405063291143 0.04936708860759498 0.04936708860759492
0 0.349367088607595 0.47239240506329117 0.04556962025316452 0.046835443037974656
0 0.6740506329113926 0.481253164556962 0.04177215189873418 0.046835443037974656
0 0.6303797468354431 0.47808860759493665 0.04556962025316469 0.04556962025316452
0 0.39303797468354434 0.4331518987341772 0.036708860759493755 0.036708860759493644
0 0.06645569620253167 0.4679620253164557 0.044303797468354444 0.03797468354430378
0 0.010759493670886116 0.37175949367088607 0.021518987341772232 0.025316455696202556