0 0.15958227848101247 0.4099746835443038 0.07215189873417738 0.06582278481012649
0 0.22350632911392398 0.40491139240506335 0.07848101265822804 0.07848101265822782
0 0.47856962025316446 0.32516455696202534 0.08481012658227838 0.09873417721518984
0 0.5469240506329114 0.3207341772151899 0.08227848101265822 0.09999999999999998
0 0.6678101265822785 0.451746835443038 0.05316455696202527 0.05569620253164553
0 0.7127468354430379 0.4523797468354431 0.051898734177215244 0.05696202531645567
0 0.794392405063291 0.4960506329113924 0.04556962025316458 0.04556962025316458
0 0.4032531645569619 0.44351898734177214 0.05316455696202538 0.06455696202531647
0 0.4526202531645569 0.4479493670886076 0.05063291139240511 0.06329113924050633
0 0.37477215189873414 0.5080759493670886 0.04936708860759498 0.04936708860759498
0 0.33363291139240503 0.5106075949367088 0.04556962025316458 0.04683544303797482
0 0.014917721518987237 0.501746835443038 0.029835443037974474 0.04683544303797471
0 0.05262025316455682 0.5049113924050633 0.04556962025316469 0.04556962025316458
0 0.28996202531645565 0.5498481012658228 0.036708860759493644 0.036708860759493644
0 0.6165443037974684 0.5150379746835443 0.044303797468354444 0.03797468354430389
0 0.6754050632911393 0.611240506329114 0.027848101265822822 0.025316455696202556
0 0.7266708860759493 0.6049113924050633 0.02405063291139231 0.0227848101265824