0 0.15094936708860746 0.3998227848101266 0.07848101265822793 0.06708860759493673
0 0.22183544303797453 0.40108860759493675 0.07594936708860778 0.06455696202531647
0 0.5515822784810125 0.4219746835443038 0.07215189873417738 0.06582278481012649
0 0.615506329113924 0.41691139240506336 0.07848101265822793 0.07848101265822782
0 0.8705696202531645 0.33716455696202535 0.08481012658227849 0.09873417721518984
0 0.9389240506329113 0.3327341772151899 0.08227848101265833 0.09999999999999998
0 0.7952531645569619 0.45551898734177215 0.05316455696202538 0.06455696202531647
0 0.8446202531645569 0.4599493670886076 0.05063291139240511 0.06329113924050633
0 0.7667721518987342 0.5200759493670886 0.04936708860759498 0.04936708860759498
0 0.725632911392405 0.5226075949367088 0.04556962025316458 0.04683544303797471
0 0.40094936708860746 0.513746835443038 0.04177215189873407 0.04683544303797471
0 0.44462025316455683 0.5169113924050633 0.04556962025316469 0.04556962025316458
0 0.6819620253164557 0.5618481012658229 0.036708860759493644 0.036708860759493644
0 0.9931962025316455 0.5270379746835443 0.013607594936708933 0.03797468354430378