0 0.013329113924050617 0.45097468354430376 0.026658227848101235 0.0658227848101266
0 0.054506329113924 0.44591139240506333 0.07848101265822793 0.07848101265822793
0 0.3095696202531645 0.3661645569620254 0.08481012658227849 0.09873417721518984
0 0.37792405063291135 0.3617341772151899 0.08227848101265822 0.09999999999999998
0 0.4988101265822784 0.49274683544303804 0.05316455696202538 0.05569620253164553
0 0.5437468354430379 0.49337974683544306 0.051898734177215244 0.056962025316455556
0 0.6253924050632911 0.5370506329113924 0.04556962025316447 0.04556962025316469
0 0.234253164556962 0.4845189873417722 0.05316455696202538 0.06455696202531647
0 0.2836202531645569 0.48894936708860764 0.05063291139240522 0.06329113924050633
0 0.2057721518987341 0.5490759493670886 0.04936708860759498 0.04936708860759498
0 0.164632911392405 0.5516075949367089 0.04556962025316458 0.04683544303797471
0 0.12096202531645567 0.5908481012658228 0.036708860759493755 0.036708860759493644
0 0.44754430379746835 0.5560379746835443 0.044303797468354444 0.03797468354430378
0 0.5064050632911392 0.6522405063291139 0.027848101265822933 0.025316455696202556
0 0.5576708860759494 0.6459113924050633 0.024050632911392422 0.022784810126582178