0 0.9354177215189875 0.44797468354430375 0.07215189873417738 0.0658227848101266
0 0.871493670886076 0.44291139240506333 0.07848101265822804 0.07848101265822793
0 0.6164303797468356 0.3631645569620254 0.08481012658227849 0.09873417721518984
0 0.5480759493670886 0.3587341772151899 0.08227848101265833 0.09999999999999998
0 0.4271898734177216 0.48974683544303804 0.05316455696202538 0.05569620253164553
0 0.38225316455696207 0.4903797468354431 0.051898734177215244 0.05696202531645567
0 0.30060759493670897 0.5340506329113924 0.04556962025316452 0.04556962025316458
0 0.691746835443038 0.4815189873417722 0.05316455696202538 0.06455696202531647
0 0.6423797468354431 0.48594936708860764 0.05063291139240511 0.06329113924050633
0 0.7202278481012658 0.5460759493670886 0.04936708860759498 0.04936708860759498
0 0.7613670886075949 0.5486075949367089 0.04556962025316447 0.04683544303797471
0 0.8050379746835443 0.5878481012658228 0.036708860759493755 0.036708860759493755
0 0.4784556962025317 0.5530379746835443 0.0443037974683545 0.03797468354430378
0 0.41959493670886083 0.649240506329114 0.027848101265822822 0.025316455696202556
0 0.36832911392405066 0.6429113924050633 0.024050632911392422 0.02278481012658229