0 0.9344177215189875 0.4389746835443038 0.07215189873417738 0.06582278481012649
0 0.870493670886076 0.4339113924050633 0.07848101265822804 0.07848101265822793
0 0.6154303797468356 0.35416455696202537 0.08481012658227849 0.09873417721518984
0 0.5470759493670887 0.3497341772151899 0.08227848101265833 0.09999999999999998
0 0.4261898734177216 0.48074683544303803 0.05316455696202538 0.05569620253164553
0 0.38125316455696207 0.4813797468354431 0.051898734177215244 0.05696202531645567
0 0.29960759493670897 0.5250506329113924 0.04556962025316452 0.04556962025316469
0 0.690746835443038 0.47251898734177217 0.05316455696202538 0.06455696202531647
0 0.6413797468354431 0.47694936708860763 0.05063291139240511 0.06329113924050633
0 0.7192278481012658 0.5370759493670886 0.04936708860759498 0.04936708860759498
0 0.760367088607595 0.5396075949367088 0.04556962025316447 0.04683544303797471
0 0.8040379746835444 0.5788481012658228 0.036708860759493755 0.036708860759493644
0 0.47745569620253164 0.5440379746835443 0.044303797468354444 0.03797468354430378
0 0.41859493670886083 0.6402405063291139 0.027848101265822822 0.025316455696202556
0 0.36732911392405065 0.6339113924050633 0.024050632911392422 0.022784810126582178