0 0.07258227848101251 0.5310253164556962 0.07215189873417738 0.0658227848101266
0 0.13650632911392396 0.5360886075949367 0.07848101265822793 0.07848101265822788
0 0.39156962025316444 0.6158354430379747 0.08481012658227849 0.09873417721518996
0 0.45992405063291136 0.6202658227848101 0.08227848101265833 0.09999999999999998
0 0.5808101265822784 0.48925316455696194 0.05316455696202538 0.05569620253164553
0 0.6257468354430379 0.48862025316455693 0.051898734177215244 0.05696202531645561
0 0.707392405063291 0.4449493670886076 0.04556962025316458 0.04556962025316458
0 0.31625316455696195 0.4974810126582278 0.05316455696202538 0.06455696202531647
0 0.36562025316455693 0.49305063291139234 0.05063291139240511 0.06329113924050633
0 0.2877721518987342 0.4329240506329114 0.04936708860759498 0.04936708860759492
0 0.246632911392405 0.43039240506329113 0.04556962025316447 0.04683544303797471
0 0.20296202531645563 0.3911518987341772 0.036708860759493755 0.0367088607594937
0 0.5295443037974683 0.42596202531645566 0.044303797468354444 0.03797468354430378
0 0.5884050632911392 0.3297594936708861 0.02784810126582271 0.0253164556962025
0 0.6396708860759494 0.3360886075949367 0.02405063291139231 0.02278481012658229