0 0.24394936708860748 0.41282278481012663 0.07848101265822782 0.06708860759493673
0 0.31483544303797456 0.41408860759493676 0.07594936708860767 0.06455696202531647
0 0.6445822784810126 0.4349746835443038 0.07215189873417738 0.06582278481012649
0 0.708506329113924 0.4299113924050633 0.07848101265822793 0.07848101265822793
0 0.9605822784810126 0.35016455696202536 0.07883544303797474 0.09873417721518984
0 0.9953924050632912 0.3457341772151899 0.00921518987341774 0.09999999999999998
0 0.8882531645569619 0.46851898734177216 0.05316455696202538 0.06455696202531647
0 0.9376202531645569 0.47294936708860763 0.05063291139240511 0.06329113924050633
0 0.8597721518987341 0.5330759493670886 0.04936708860759498 0.04936708860759498
0 0.818632911392405 0.5356075949367088 0.04556962025316458 0.04683544303797471
0 0.4939493670886074 0.5267468354430379 0.04177215189873407 0.04683544303797471
0 0.5376202531645569 0.5299113924050632 0.0455696202531648 0.04556962025316458
0 0.7749620253164556 0.5748481012658228 0.036708860759493644 0.036708860759493644