0 0.6910506329113926 0.4238227848101266 0.07848101265822793 0.06708860759493662
0 0.6201645569620255 0.4250886075949367 0.07594936708860767 0.06455696202531636
0 0.2904177215189875 0.44597468354430375 0.07215189873417738 0.0658227848101266
0 0.22649367088607603 0.44091139240506333 0.07848101265822796 0.07848101265822793
0 0.006917721518987377 0.3611645569620254 0.013835443037974755 0.09873417721518984
0 0.04674683544303804 0.4795189873417722 0.05316455696202535 0.06455696202531647
0 0.011348101265822834 0.48394936708860764 0.022696202531645667 0.06329113924050633
0 0.07522784810126586 0.5440759493670886 0.04936708860759494 0.04936708860759498
0 0.11636708860759501 0.5466075949367089 0.045569620253164536 0.04683544303797471
0 0.44105063291139257 0.5377468354430379 0.04177215189873412 0.0468354430379746
0 0.39737974683544314 0.5409113924050633 0.04556962025316469 0.04556962025316447
0 0.16003797468354436 0.5858481012658228 0.03670886075949373 0.036708860759493755