0 0.7715189873417722 0.6105189873417721 0.040506329113924044 0.04556962025316458
0 0.810126582278481 0.607987341772152 0.04936708860759498 0.050632911392405
0 0.04715189873417719 0.3459620253164557 0.09430379746835438 0.11139240506329129
0 0.1683544303797468 0.3396329113924051 0.12531645569620264 0.11392405063291144
0 0.03006329113924039 0.6117848101265823 0.06012658227848078 0.06075949367088618
0 0.07721518987341752 0.6136835443037975 0.05949367088607593 0.051898734177215244
0 0.36455696202531634 0.6472278481012659 0.04177215189873407 0.04810126582278473
0 0.3987341772151898 0.6510253164556962 0.03164556962025311 0.04303797468354431
0 0.6493670886075947 0.6491265822784811 0.044303797468354444 0.05189873417721513
0 0.690506329113924 0.647860759493671 0.0455696202531648 0.0544303797468354
0 0.4392405063291138 0.7231772151898734 0.03417721518987338 0.040506329113924044