0 0.48848101265822785 0.35048101265822784 0.04050632911392399 0.04556962025316452
0 0.449873417721519 0.3530126582278481 0.04936708860759492 0.050632911392405056
0 0.8954430379746836 0.3137721518987342 0.04177215189873407 0.04810126582278479
0 0.8612658227848102 0.3099746835443038 0.03164556962025311 0.04303797468354431
0 0.6106329113924054 0.311873417721519 0.04430379746835433 0.05189873417721513
0 0.569493670886076 0.31313924050632913 0.0455696202531648 0.0544303797468354
0 0.23151898734177218 0.32389873417721515 0.03544303797468351 0.03797468354430383
0 0.19860759493670888 0.32959493670886075 0.03797468354430386 0.04177215189873418
0 0.8207594936708862 0.2378227848101266 0.03417721518987338 0.04050632911392407
0 0.11189873417721521 0.27136708860759495 0.03417721518987345 0.03164556962025317
0 0.04481012658227854 0.26946835443037975 0.02405063291139243 0.030379746835443033