0 0.8685189873417721 0.35548101265822785 0.040506329113924044 0.04556962025316452
0 0.907126582278481 0.3580126582278481 0.04936708860759498 0.050632911392405056
0 0.13117721518987335 0.6200379746835443 0.120253164556962 0.11139240506329118
0 0.26535443037974676 0.6263670886075949 0.12531645569620264 0.11392405063291144
0 0.12484810126582258 0.3542151898734177 0.06455696202531636 0.06075949367088612
0 0.17421518987341755 0.3523164556962025 0.059493670886076044 0.05189873417721513
0 0.4615569620253164 0.3187721518987342 0.04177215189873418 0.04810126582278479
0 0.4957341772151898 0.3149746835443038 0.03164556962025322 0.04303797468354431
0 0.7463670886075947 0.316873417721519 0.044303797468354444 0.05189873417721513
0 0.7875063291139239 0.31813924050632914 0.0455696202531648 0.0544303797468354
0 0.5362405063291138 0.24282278481012654 0.03417721518987327 0.04050632911392402