0 0.7165189873417721 0.5825189873417722 0.040506329113924044 0.04556962025316447
0 0.7551265822784811 0.5799873417721519 0.04936708860759498 0.050632911392405
0 0.019651898734177164 0.31796202531645573 0.03930379746835433 0.11139240506329118
0 0.11335443037974674 0.31163291139240507 0.12531645569620264 0.11392405063291144
0 0.0025632911392403646 0.5837848101265823 0.005126582278480729 0.06075949367088607
0 0.025981012658227776 0.5856835443037975 0.05196202531645555 0.05189873417721513
0 0.30955696202531635 0.6192278481012659 0.04177215189873418 0.04810126582278473
0 0.3437341772151898 0.6230253164556961 0.03164556962025322 0.04303797468354431
0 0.5943670886075947 0.621126582278481 0.04430379746835433 0.05189873417721513
0 0.635506329113924 0.6198607594936709 0.0455696202531648 0.0544303797468354
0 0.9734810126582278 0.6091012658227849 0.03544303797468351 0.03797468354430378
0 0.9937025316455697 0.6034050632911393 0.012594936708860804 0.04177215189873418
0 0.38424050632911383 0.6951772151898734 0.03417721518987327 0.04050632911392393