0 0.5234810126582279 0.6115189873417722 0.040506329113924044 0.04556962025316458
0 0.48487341772151893 0.608987341772152 0.04936708860759492 0.05063291139240511
0 0.9304430379746836 0.6482278481012659 0.04177215189873418 0.048101265822784844
0 0.8962658227848102 0.6520253164556962 0.03164556962025322 0.04303797468354431
0 0.6456329113924053 0.650126582278481 0.04430379746835433 0.05189873417721513
0 0.604493670886076 0.6488607594936708 0.04556962025316469 0.0544303797468354
0 0.26651898734177215 0.6381012658227848 0.03544303797468357 0.03797468354430378
0 0.23360759493670888 0.6324050632911392 0.03797468354430383 0.04177215189873418
0 0.8557594936708861 0.7241772151898734 0.03417721518987327 0.040506329113924044
0 0.14689873417721522 0.690632911392405 0.03417721518987346 0.03164556962025333
0 0.07981012658227854 0.6925316455696202 0.024050632911392422 0.03037974683544309