0 0.41251898734177217 0.6535189873417722 0.040506329113924044 0.04556962025316447
0 0.451126582278481 0.6509873417721519 0.04936708860759498 0.050632911392405
0 0.013221518987341696 0.6902278481012658 0.026443037974683392 0.04810126582278473
0 0.03973417721518979 0.6940253164556962 0.03164556962025311 0.0430379746835442
0 0.2903670886075947 0.692126582278481 0.04430379746835433 0.05189873417721502
0 0.33150632911392397 0.6908607594936709 0.0455696202531648 0.05443037974683529
0 0.6694810126582278 0.6801012658227849 0.03544303797468362 0.03797468354430378
0 0.7023924050632911 0.6744050632911393 0.03797468354430378 0.04177215189873418
0 0.08024050632911384 0.7661772151898735 0.03417721518987338 0.040506329113924044
0 0.7891012658227848 0.732632911392405 0.03417721518987338 0.03164556962025322
0 0.8561898734177215 0.7345316455696203 0.02405063291139231 0.030379746835442978