0 0.1864810126582279 0.37048101265822786 0.040506329113924044 0.04556962025316452
0 0.147873417721519 0.3730126582278481 0.049367088607594964 0.050632911392405056
0 0.9238227848101267 0.6350379746835443 0.120253164556962 0.11139240506329129
0 0.7896455696202533 0.6413670886075948 0.12531645569620264 0.11392405063291144
0 0.9301518987341774 0.3692151898734177 0.06455696202531636 0.06075949367088612
0 0.8807848101265825 0.3673164556962025 0.05949367088607593 0.05189873417721513
0 0.5934430379746837 0.3337721518987342 0.04177215189873418 0.04810126582278479
0 0.5592658227848102 0.3299746835443038 0.03164556962025311 0.04303797468354431
0 0.3086329113924053 0.331873417721519 0.04430379746835433 0.05189873417721519
0 0.267493670886076 0.3331392405063291 0.04556962025316477 0.0544303797468354
0 0.5187594936708861 0.25782278481012655 0.03417721518987327 0.04050632911392402