0 0.5895189873417721 0.5945189873417721 0.040506329113924044 0.04556962025316458
0 0.6281265822784811 0.591987341772152 0.04936708860759498 0.050632911392405
0 0.02450632911392403 0.3236329113924051 0.04901265822784806 0.11392405063291144
0 0.18255696202531635 0.6312278481012659 0.04177215189873418 0.04810126582278473
0 0.21673417721518978 0.6350253164556962 0.03164556962025322 0.04303797468354431
0 0.46736708860759474 0.6331265822784811 0.04430379746835433 0.05189873417721513
0 0.508506329113924 0.6318607594936709 0.0455696202531648 0.0544303797468354
0 0.8464810126582278 0.6211012658227848 0.03544303797468351 0.03797468354430389
0 0.8793924050632911 0.6154050632911392 0.03797468354430389 0.04177215189873407
0 0.2572405063291138 0.7071772151898734 0.03417721518987327 0.040506329113924044
0 0.9661012658227848 0.673632911392405 0.03417721518987349 0.03164556962025311