0 0.6695189873417721 0.34448101265822784 0.040506329113924044 0.04556962025316458
0 0.708126582278481 0.3470126582278481 0.04936708860759498 0.050632911392405056
0 0.06635443037974681 0.6153670886075948 0.12531645569620264 0.11392405063291144
0 0.0024810126582277547 0.3413164556962025 0.0049620253164555095 0.05189873417721519
0 0.26255696202531636 0.3077721518987342 0.04177215189873407 0.04810126582278479
0 0.2967341772151898 0.3039746835443038 0.03164556962025311 0.043037974683544256
0 0.5473670886075948 0.305873417721519 0.04430379746835433 0.05189873417721513
0 0.588506329113924 0.3071392405063291 0.0455696202531648 0.0544303797468354
0 0.9264810126582278 0.31789873417721515 0.03544303797468351 0.03797468354430389
0 0.9593924050632912 0.32359493670886075 0.03797468354430389 0.04177215189873412
0 0.33724050632911384 0.23182278481012658 0.03417721518987338 0.04050632911392407