0 0.2864810126582279 0.6015189873417722 0.040506329113924044 0.04556962025316458
0 0.247873417721519 0.598987341772152 0.04936708860759498 0.05063291139240511
0 0.9818481012658229 0.3369620253164557 0.036303797468354326 0.11139240506329129
0 0.8896455696202532 0.3306329113924051 0.12531645569620264 0.11392405063291144
0 0.9989367088607596 0.6027848101265822 0.0021265822784808375 0.06075949367088607
0 0.9755189873417722 0.6046835443037974 0.04896202531645555 0.05189873417721513
0 0.6934430379746837 0.6382278481012659 0.04177215189873418 0.048101265822784844
0 0.6592658227848103 0.6420253164556962 0.03164556962025322 0.0430379746835442
0 0.40863291139240526 0.640126582278481 0.04430379746835433 0.05189873417721513
0 0.367493670886076 0.6388607594936708 0.045569620253164744 0.0544303797468354
0 0.029518987341772173 0.6281012658227848 0.03544303797468353 0.03797468354430378
0 0.007797468354430407 0.6224050632911392 0.015594936708860814 0.04177215189873418
0 0.6187594936708862 0.7141772151898734 0.03417721518987327 0.040506329113924044