0 0.03048101265822788 0.5825189873417722 0.04050632911392404 0.04556962025316447
0 0.008278481012658233 0.5799873417721519 0.016556962025316466 0.050632911392405
0 0.7678227848101267 0.31796202531645573 0.120253164556962 0.11139240506329118
0 0.6336455696202532 0.31163291139240507 0.12531645569620264 0.11392405063291144
0 0.7741518987341774 0.5837848101265823 0.06455696202531636 0.06075949367088607
0 0.7247848101265824 0.5856835443037975 0.05949367088607593 0.05189873417721513
0 0.43744303797468365 0.6192278481012659 0.04177215189873418 0.04810126582278473
0 0.4032658227848102 0.6230253164556961 0.03164556962025311 0.04303797468354431
0 0.15263291139240528 0.621126582278481 0.04430379746835433 0.05189873417721513
0 0.11149367088607602 0.6198607594936709 0.04556962025316477 0.0544303797468354
0 0.3627594936708862 0.6951772151898734 0.03417721518987332 0.04050632911392393