0 0.7145189873417721 0.34448101265822784 0.040506329113924044 0.04556962025316458
0 0.7531265822784811 0.3470126582278481 0.04936708860759498 0.050632911392405056
0 0.018651898734177164 0.6090379746835444 0.03730379746835433 0.11139240506329118
0 0.11135443037974674 0.6153670886075948 0.12531645569620264 0.11392405063291144
0 0.0015632911392403637 0.3432151898734177 0.0031265822784807273 0.06075949367088612
0 0.024981012658227775 0.3413164556962025 0.04996202531645555 0.05189873417721519
0 0.30755696202531635 0.3077721518987342 0.04177215189873418 0.04810126582278479
0 0.3417341772151898 0.3039746835443038 0.03164556962025322 0.043037974683544256
0 0.5923670886075947 0.305873417721519 0.04430379746835433 0.05189873417721513
0 0.633506329113924 0.3071392405063291 0.0455696202531648 0.0544303797468354
0 0.9714810126582278 0.31789873417721515 0.03544303797468351 0.03797468354430389
0 0.9927025316455695 0.32359493670886075 0.014594936708860806 0.04177215189873412
0 0.3822405063291138 0.23182278481012658 0.03417721518987327 0.04050632911392407