0 0.31048101265822786 0.6465189873417722 0.040506329113924044 0.04556962025316458
0 0.27187341772151896 0.6439873417721519 0.04936708860759492 0.05063291139240511
0 0.9938481012658229 0.3819620253164557 0.012303797468354305 0.11139240506329118
0 0.9136455696202532 0.3756329113924051 0.12531645569620264 0.11392405063291144
0 0.9875189873417722 0.6496835443037975 0.024962025316455527 0.051898734177215244
0 0.7174430379746837 0.6832278481012658 0.04177215189873418 0.048101265822784844
0 0.6832658227848102 0.6870253164556962 0.03164556962025311 0.04303797468354431
0 0.4326329113924053 0.685126582278481 0.04430379746835433 0.051898734177215244
0 0.391493670886076 0.6838607594936709 0.0455696202531648 0.05443037974683551
0 0.05351898734177217 0.6731012658227848 0.03544303797468353 0.03797468354430389
0 0.02060759493670889 0.6674050632911392 0.03797468354430385 0.04177215189873418
0 0.6427594936708863 0.7591772151898735 0.03417721518987327 0.040506329113924044