0 0.5864810126582278 0.6045189873417721 0.04050632911392393 0.04556962025316458
0 0.547873417721519 0.601987341772152 0.04936708860759498 0.050632911392405
0 0.9862784810126584 0.6412278481012659 0.027443037974683393 0.04810126582278473
0 0.9592658227848102 0.6450253164556962 0.03164556962025311 0.04303797468354431
0 0.7086329113924053 0.6431265822784811 0.04430379746835433 0.05189873417721513
0 0.667493670886076 0.6418607594936709 0.0455696202531648 0.0544303797468354
0 0.3295189873417722 0.6311012658227848 0.03544303797468357 0.03797468354430389
0 0.29660759493670885 0.6254050632911392 0.03797468354430383 0.04177215189873407
0 0.9187594936708862 0.7171772151898734 0.03417721518987338 0.040506329113924044
0 0.20989873417721522 0.683632911392405 0.03417721518987346 0.03164556962025311
0 0.14281012658227854 0.6855316455696202 0.024050632911392422 0.030379746835442978