0 0.20548101265822788 0.5985189873417721 0.040506329113924044 0.04556962025316458
0 0.16687341772151898 0.595987341772152 0.04936708860759495 0.050632911392405
0 0.9413481012658229 0.3339620253164557 0.11730379746835429 0.11139240506329129
0 0.8086455696202532 0.3276329113924051 0.12531645569620264 0.11392405063291144
0 0.9491518987341774 0.5997848101265824 0.06455696202531636 0.06075949367088607
0 0.8997848101265824 0.6016835443037974 0.05949367088607593 0.051898734177215244
0 0.6124430379746837 0.6352278481012659 0.04177215189873407 0.04810126582278473
0 0.5782658227848102 0.6390253164556962 0.03164556962025311 0.04303797468354431
0 0.3276329113924053 0.6371265822784811 0.04430379746835433 0.05189873417721513
0 0.286493670886076 0.6358607594936709 0.0455696202531648 0.0544303797468354
0 0.5377594936708862 0.7111772151898734 0.03417721518987338 0.040506329113924044