0 0.2234810126582279 0.6185189873417721 0.04050632911392402 0.04556962025316458
0 0.184873417721519 0.615987341772152 0.04936708860759495 0.050632911392405
0 0.9503481012658228 0.3539620253164557 0.09930379746835438 0.11139240506329129
0 0.8266455696202533 0.3476329113924051 0.12531645569620264 0.11392405063291144
0 0.9671518987341774 0.6197848101265823 0.06455696202531636 0.06075949367088618
0 0.9177848101265824 0.6216835443037975 0.05949367088607593 0.051898734177215244
0 0.6304430379746837 0.6552278481012659 0.04177215189873407 0.04810126582278473
0 0.5962658227848102 0.6590253164556962 0.03164556962025311 0.04303797468354431
0 0.34563291139240526 0.6571265822784811 0.04430379746835433 0.05189873417721513
0 0.30449367088607604 0.655860759493671 0.045569620253164744 0.0544303797468354
0 0.5557594936708862 0.7311772151898734 0.03417721518987338 0.040506329113924044