0 0.232518987341772 0.8655696202531644 0.12911392405063293 0.16835443037974673
0 0.35973417721518974 0.8617721518987342 0.14556962025316467 0.18101265822784818
0 0.14454430379746813 0.3579746835443038 0.05189873417721513 0.04936708860759498
0 0.19960759493670877 0.36556962025316453 0.05569620253164542 0.05189873417721513
0 0.04644303797468352 0.349746835443038 0.05063291139240511 0.05316455696202532
0 0.3869493670886075 0.30481012658227846 0.032911392405063467 0.0291139240506329
0 0.42492405063291133 0.32569620253164555 0.03797468354430389 0.0329113924050633
0 0.45467088607594924 0.3282278481012658 0.036708860759493755 0.03544303797468351
0 0.7603670886075948 0.34025316455696203 0.0354430379746834 0.036708860759493644
0 0.7932784810126583 0.33962025316455696 0.040506329113924155 0.040506329113924044
0 0.8774556962025316 0.42063291139240505 0.04936708860759498 0.048101265822784844
0 0.9179620253164557 0.4187341772151899 0.04683544303797471 0.05189873417721519
0 0.6091012658227847 0.2915189873417722 0.02405063291139231 0.030379746835443033
0 0.6344177215189871 0.289620253164557 0.03164556962025311 0.03924050632911391
0 0.5103670886075948 0.28835443037974684 0.0265822784810128 0.03164556962025322
0 0.9837848101265823 0.3364556962025316 0.029113924050632956 0.03924050632911397
0 0.9972721518987342 0.3332911392405063 0.0054556962025317235 0.03544303797468351
0 0.8496075949367088 0.2965822784810127 0.029113924050633067 0.0253164556962025