0 0.2793670886075948 0.629746835443038 0.0354430379746834 0.036708860759493644
0 0.31227848101265826 0.630379746835443 0.040506329113924155 0.040506329113924044
0 0.3964556962025316 0.549367088607595 0.04936708860759498 0.048101265822784955
0 0.43696202531645567 0.5512658227848101 0.04683544303797471 0.051898734177215244
0 0.12810126582278458 0.6784810126582279 0.02405063291139231 0.03037974683544309
0 0.15341772151898714 0.680379746835443 0.03164556962025311 0.03924050632911391
0 0.02936708860759485 0.6816455696202531 0.0265822784810128 0.03164556962025311
0 0.5027848101265822 0.6335443037974684 0.029113924050632956 0.03924050632911391
0 0.5262025316455695 0.6367088607594936 0.025316455696202445 0.03544303797468351
0 0.6224050632911392 0.6341772151898734 0.03544303797468351 0.032911392405063244
0 0.6527848101265822 0.6335443037974684 0.032911392405063244 0.03164556962025322
0 0.3686075949367088 0.6734177215189874 0.029113924050633067 0.025316455696202556
0 0.5932911392405062 0.6746835443037975 0.025316455696202556 0.02278481012658229
0 0.5553164556962025 0.6778481012658228 0.025316455696202667 0.02658227848101269