0 0.9927405063291139 0.09322784810126583 0.01451898734177215 0.18101265822784818
0 0.9870443037974683 0.6293037974683544 0.025911392405063238 0.032911392405063244
0 0.9633291139240507 0.6267721518987343 0.036708860759493755 0.03544303797468351
0 0.6576329113924051 0.614746835443038 0.0354430379746834 0.036708860759493644
0 0.6247215189873419 0.615379746835443 0.040506329113924155 0.040506329113924044
0 0.5405443037974684 0.534367088607595 0.04936708860759498 0.048101265822784844
0 0.5000379746835444 0.5362658227848102 0.04683544303797477 0.051898734177215244
0 0.8088987341772154 0.6634810126582278 0.02405063291139231 0.03037974683544309
0 0.7835822784810128 0.665379746835443 0.03164556962025311 0.03924050632911402
0 0.9076329113924051 0.6666455696202531 0.02658227848101269 0.03164556962025322
0 0.4342151898734178 0.6185443037974684 0.029113924050632956 0.03924050632911391
0 0.41079746835443043 0.6217088607594937 0.0253164556962025 0.03544303797468351
0 0.31459493670886074 0.6191772151898735 0.03544303797468357 0.032911392405063244
0 0.28421518987341776 0.6185443037974684 0.03291139240506319 0.03164556962025311
0 0.5683924050632911 0.6584177215189873 0.029113924050633067 0.025316455696202556
0 0.3437088607594937 0.6596835443037974 0.025316455696202556 0.02278481012658229
0 0.38168354430379753 0.6628481012658228 0.025316455696202556 0.026582278481012578