0 0.25936708860759483 0.379253164556962 0.03544303797468351 0.036708860759493644
0 0.29227848101265824 0.37862025316455694 0.040506329113924155 0.04050632911392399
0 0.3764556962025316 0.45963291139240503 0.04936708860759498 0.048101265822784844
0 0.41696202531645565 0.45773417721518983 0.04683544303797471 0.05189873417721519
0 0.10810126582278468 0.33051898734177215 0.02405063291139231 0.03037974683544309
0 0.13341772151898712 0.328620253164557 0.03164556962025311 0.03924050632911397
0 0.011329113924050616 0.3273544303797469 0.02265822784810123 0.03164556962025317
0 0.4827848101265822 0.3754556962025316 0.029113924050632956 0.03924050632911391
0 0.5062025316455695 0.3722911392405063 0.025316455696202445 0.03544303797468357
0 0.6024050632911392 0.3748227848101266 0.03544303797468351 0.032911392405063244
0 0.6327848101265822 0.3754556962025316 0.032911392405063244 0.03164556962025317
0 0.34860759493670884 0.3355822784810127 0.029113924050632956 0.025316455696202556
0 0.5732911392405063 0.33431645569620255 0.025316455696202445 0.02278481012658229
0 0.5353164556962025 0.33115189873417716 0.025316455696202556 0.026582278481012633