0 0.18136708860759482 0.632746835443038 0.0354430379746834 0.036708860759493644
0 0.21427848101265828 0.6333797468354431 0.040506329113924155 0.040506329113924044
0 0.29845569620253165 0.552367088607595 0.04936708860759498 0.048101265822784844
0 0.33896202531645564 0.5542658227848102 0.04683544303797482 0.051898734177215244
0 0.030101265822784606 0.6814810126582278 0.02405063291139231 0.03037974683544309
0 0.05541772151898716 0.683379746835443 0.03164556962025311 0.03924050632911402
0 0.40478481012658224 0.6365443037974684 0.029113924050632956 0.03924050632911391
0 0.42820253164556954 0.6397088607594937 0.025316455696202445 0.03544303797468351
0 0.5244050632911392 0.6371772151898735 0.03544303797468351 0.032911392405063244
0 0.5547848101265822 0.6365443037974684 0.032911392405063244 0.03164556962025311
0 0.27060759493670883 0.6764177215189873 0.029113924050633067 0.025316455696202556
0 0.4952911392405063 0.6776835443037974 0.025316455696202445 0.02278481012658229
0 0.45731645569620244 0.6808481012658227 0.025316455696202556 0.02658227848101269