0 0.13536708860759483 0.664746835443038 0.03544303797468351 0.036708860759493644
0 0.16827848101265824 0.6653797468354431 0.040506329113924155 0.040506329113924044
0 0.2524556962025316 0.584367088607595 0.04936708860759498 0.048101265822784844
0 0.29296202531645565 0.5862658227848101 0.04683544303797471 0.05189873417721513
0 0.012620253164556838 0.715379746835443 0.025240506329113677 0.03924050632911391
0 0.3587848101265822 0.6685443037974684 0.029113924050632956 0.03924050632911391
0 0.38220253164556955 0.6717088607594937 0.025316455696202556 0.03544303797468362
0 0.47840506329113924 0.6691772151898734 0.03544303797468362 0.032911392405063356
0 0.5087848101265823 0.6685443037974683 0.032911392405063244 0.03164556962025322
0 0.22460759493670884 0.7084177215189873 0.029113924050632956 0.025316455696202556
0 0.4492911392405063 0.7096835443037974 0.025316455696202556 0.0227848101265824
0 0.41131645569620245 0.7128481012658228 0.025316455696202445 0.02658227848101269