0 0.021037974683544236 0.9065696202531646 0.04207594936708847 0.16835443037974673
0 0.10473417721518974 0.9027721518987342 0.14556962025316467 0.18101265822784818
0 0.1319493670886075 0.3458101265822785 0.032911392405063467 0.029113924050632956
0 0.16992405063291133 0.3666962025316456 0.03797468354430389 0.032911392405063244
0 0.19967088607594924 0.3692278481012658 0.036708860759493755 0.03544303797468351
0 0.5053670886075948 0.381253164556962 0.03544303797468351 0.036708860759493644
0 0.5382784810126582 0.38062025316455694 0.040506329113924155 0.04050632911392399
0 0.6224556962025316 0.46163291139240503 0.04936708860759498 0.048101265822784844
0 0.6629620253164556 0.45973417721518983 0.04683544303797471 0.05189873417721519
0 0.35410126582278467 0.33251898734177215 0.02405063291139231 0.03037974683544309
0 0.3794177215189871 0.330620253164557 0.03164556962025311 0.03924050632911397
0 0.2553670886075948 0.3293544303797469 0.0265822784810128 0.03164556962025317
0 0.7287848101265822 0.3774556962025316 0.029113924050632844 0.03924050632911391
0 0.7522025316455696 0.3742911392405063 0.025316455696202556 0.03544303797468357
0 0.8484050632911393 0.3768227848101266 0.03544303797468362 0.032911392405063244
0 0.8787848101265822 0.3774556962025316 0.032911392405063244 0.03164556962025317
0 0.5946075949367089 0.3375822784810127 0.029113924050633067 0.025316455696202556
0 0.8192911392405063 0.33631645569620255 0.025316455696202445 0.02278481012658229
0 0.7813164556962024 0.33315189873417717 0.025316455696202556 0.026582278481012633