0 0.03403797468354425 0.12743037974683552 0.0680759493670885 0.16835443037974673
0 0.13073417721518976 0.1312278481012658 0.14556962025316467 0.1810126582278483
0 0.15794936708860746 0.6881898734177215 0.032911392405063356 0.029113924050632844
0 0.1959240506329113 0.6673037974683544 0.03797468354430378 0.032911392405063356
0 0.22567088607594926 0.6647721518987342 0.036708860759493755 0.03544303797468362
0 0.5313670886075949 0.652746835443038 0.03544303797468351 0.036708860759493644
0 0.5642784810126582 0.6533797468354431 0.040506329113924155 0.040506329113924044
0 0.6484556962025316 0.572367088607595 0.04936708860759487 0.048101265822784844
0 0.6889620253164557 0.5742658227848101 0.04683544303797482 0.05189873417721513
0 0.3801012658227846 0.7014810126582278 0.02405063291139231 0.03037974683544309
0 0.40541772151898714 0.703379746835443 0.03164556962025311 0.03924050632911391
0 0.28136708860759485 0.7046455696202532 0.0265822784810128 0.03164556962025333
0 0.7547848101265822 0.6565443037974684 0.029113924050632956 0.03924050632911391
0 0.7782025316455695 0.6597088607594938 0.025316455696202445 0.03544303797468351
0 0.8744050632911392 0.6571772151898734 0.03544303797468351 0.032911392405063356
0 0.9047848101265822 0.6565443037974683 0.032911392405063244 0.03164556962025322
0 0.6206075949367089 0.6964177215189873 0.029113924050632956 0.025316455696202556
0 0.8452911392405063 0.6976835443037974 0.025316455696202556 0.02278481012658229
0 0.8073164556962025 0.7008481012658228 0.025316455696202556 0.02658227848101269