0 0.005259493670886073 0.14422784810126577 0.010518987341772146 0.18101265822784818
0 0.010955696202531617 0.6803037974683545 0.021911392405063235 0.032911392405063244
0 0.03267088607594931 0.6777721518987342 0.036708860759493755 0.03544303797468351
0 0.33836708860759485 0.6657468354430379 0.0354430379746834 0.036708860759493644
0 0.3712784810126582 0.666379746835443 0.040506329113924155 0.040506329113924044
0 0.4554556962025316 0.5853670886075949 0.04936708860759487 0.048101265822784844
0 0.49596202531645567 0.5872658227848101 0.04683544303797482 0.051898734177215244
0 0.18710126582278463 0.7144810126582278 0.02405063291139231 0.030379746835442978
0 0.2124177215189872 0.716379746835443 0.03164556962025311 0.03924050632911391
0 0.08836708860759485 0.7176455696202532 0.02658227848101269 0.03164556962025311
0 0.5617848101265822 0.6695443037974683 0.029113924050632844 0.03924050632911391
0 0.5852025316455696 0.6727088607594937 0.025316455696202556 0.03544303797468351
0 0.6814050632911393 0.6701772151898734 0.03544303797468351 0.032911392405063244
0 0.7117848101265822 0.6695443037974683 0.03291139240506313 0.03164556962025311
0 0.42760759493670886 0.7094177215189873 0.029113924050633067 0.025316455696202445
0 0.6522911392405063 0.7106835443037974 0.025316455696202445 0.022784810126582178
0 0.6143164556962024 0.7138481012658229 0.025316455696202556 0.02658227848101269