0 0.9964620253164558 0.09243037974683549 0.007075949367088441 0.16835443037974673
0 0.9287405063291139 0.09622784810126583 0.14251898734177215 0.18101265822784818
0 0.9030506329113925 0.6531898734177215 0.032911392405063467 0.029113924050633067
0 0.8650759493670888 0.6323037974683544 0.03797468354430389 0.032911392405063244
0 0.8353291139240506 0.6297721518987341 0.036708860759493755 0.03544303797468351
0 0.5296329113924052 0.617746835443038 0.0354430379746834 0.036708860759493644
0 0.4967215189873418 0.6183797468354431 0.040506329113924155 0.04050632911392393
0 0.4125443037974684 0.537367088607595 0.04936708860759492 0.048101265822784844
0 0.3720379746835444 0.5392658227848102 0.04683544303797477 0.05189873417721513
0 0.6808987341772154 0.6664810126582279 0.02405063291139231 0.03037974683544309
0 0.6555822784810128 0.668379746835443 0.03164556962025311 0.03924050632911391
0 0.7796329113924052 0.6696455696202531 0.02658227848101269 0.03164556962025311
0 0.3062151898734178 0.6215443037974684 0.029113924050632956 0.03924050632911391
0 0.2827974683544304 0.6247088607594937 0.0253164556962025 0.03544303797468362
0 0.18659493670886074 0.6221772151898733 0.03544303797468354 0.032911392405063244
0 0.1562151898734178 0.6215443037974684 0.032911392405063244 0.03164556962025322
0 0.44039240506329114 0.6614177215189874 0.02911392405063301 0.025316455696202556
0 0.2157088607594937 0.6626835443037975 0.025316455696202528 0.02278481012658229
0 0.2536835443037975 0.6658481012658228 0.025316455696202528 0.02658227848101269