0 0.287518987341772 0.1094303797468355 0.12911392405063282 0.16835443037974673
0 0.4147341772151898 0.11322784810126585 0.14556962025316467 0.18101265822784818
0 0.19954430379746818 0.6170253164556962 0.05189873417721513 0.04936708860759487
0 0.2546075949367088 0.6094303797468354 0.05569620253164542 0.05189873417721502
0 0.10144303797468351 0.625253164556962 0.050632911392405 0.05316455696202538
0 0.44194936708860744 0.6701898734177215 0.032911392405063467 0.029113924050632844
0 0.4799240506329113 0.6493037974683544 0.03797468354430378 0.032911392405063244
0 0.5096708860759493 0.6467721518987342 0.036708860759493755 0.03544303797468362
0 0.8153670886075948 0.634746835443038 0.0354430379746834 0.036708860759493644
0 0.8482784810126582 0.6353797468354431 0.040506329113924266 0.040506329113924044
0 0.9324556962025317 0.554367088607595 0.04936708860759487 0.048101265822784844
0 0.9729620253164557 0.5562658227848102 0.04683544303797482 0.051898734177215244
0 0.6641012658227846 0.6834810126582278 0.02405063291139231 0.03037974683544309
0 0.6894177215189872 0.685379746835443 0.03164556962025311 0.03924050632911402
0 0.5653670886075948 0.6866455696202531 0.02658227848101269 0.03164556962025322
0 0.9046075949367088 0.6784177215189873 0.029113924050633067 0.025316455696202556