0 0.736481012658228 0.9226962025316455 0.12911392405063293 0.15460759493670895
0 0.6092658227848102 0.9176329113924051 0.14556962025316467 0.1647341772151899
0 0.8244556962025318 0.4219746835443038 0.05189873417721513 0.04936708860759498
0 0.7693924050632912 0.42956962025316453 0.05569620253164542 0.05189873417721513
0 0.9225569620253165 0.4137468354430379 0.05063291139240511 0.05316455696202532
0 0.5820506329113926 0.3688101265822785 0.032911392405063467 0.0291139240506329
0 0.5440759493670887 0.3896962025316456 0.03797468354430378 0.0329113924050633
0 0.5143291139240507 0.3922278481012658 0.036708860759493755 0.03544303797468351
0 0.20863291139240514 0.40425316455696203 0.03544303797468343 0.036708860759493644
0 0.17572151898734176 0.40362025316455696 0.040506329113924155 0.040506329113924044
0 0.09154430379746839 0.48463291139240505 0.04936708860759495 0.048101265822784844
0 0.051037974683544346 0.48273417721518985 0.04683544303797476 0.05189873417721519
0 0.35989873417721535 0.3555189873417721 0.02405063291139231 0.030379746835443033
0 0.33458227848101285 0.353620253164557 0.03164556962025311 0.03924050632911391
0 0.45863291139240514 0.35235443037974684 0.026582278481012744 0.03164556962025322
0 0.11939240506329116 0.36058227848101265 0.029113924050633053 0.0253164556962025