0 0.740481012658228 0.07880379746835442 0.12911392405063293 0.15760759493670884
0 0.6132658227848102 0.08386708860759495 0.14556962025316467 0.1677341772151899
0 0.8284556962025318 0.5810253164556962 0.05189873417721513 0.04936708860759498
0 0.7733924050632912 0.5734303797468354 0.05569620253164542 0.05189873417721513
0 0.9265569620253165 0.5892531645569621 0.05063291139240511 0.05316455696202527
0 0.5860506329113926 0.6341898734177215 0.032911392405063467 0.029113924050632844
0 0.5480759493670887 0.6133037974683544 0.03797468354430378 0.032911392405063356
0 0.5183291139240507 0.6107721518987342 0.036708860759493755 0.03544303797468351
0 0.21263291139240514 0.598746835443038 0.03544303797468343 0.036708860759493644
0 0.17972151898734176 0.599379746835443 0.040506329113924155 0.040506329113924044
0 0.0955443037974684 0.518367088607595 0.049367088607594964 0.048101265822784844
0 0.05503797468354435 0.5202658227848102 0.04683544303797476 0.051898734177215244
0 0.36389873417721535 0.6474810126582278 0.02405063291139231 0.03037974683544309
0 0.33858227848101285 0.6493797468354431 0.03164556962025311 0.03924050632911391
0 0.46263291139240514 0.6506455696202531 0.026582278481012744 0.03164556962025322
0 0.0018860759493671254 0.6025443037974684 0.0037721518987342507 0.03924050632911391
0 0.12339240506329116 0.6424177215189874 0.029113924050633053 0.025316455696202445