0 0.024259493670886034 0.1322278481012658 0.04851898734177207 0.1810126582278483
0 0.009702531645569612 0.6891898734177215 0.019405063291139224 0.029113924050632956
0 0.040924050632911324 0.6683037974683544 0.03797468354430389 0.032911392405063244
0 0.07067088607594924 0.6657721518987342 0.036708860759493755 0.03544303797468351
0 0.3763670886075949 0.6537468354430379 0.0354430379746834 0.036708860759493644
0 0.40927848101265824 0.654379746835443 0.040506329113924155 0.040506329113924044
0 0.4934556962025316 0.5733670886075949 0.04936708860759498 0.048101265822784844
0 0.5339620253164556 0.5752658227848101 0.04683544303797471 0.051898734177215244
0 0.22510126582278467 0.7024810126582279 0.02405063291139231 0.03037974683544309
0 0.2504177215189871 0.704379746835443 0.03164556962025311 0.03924050632911391
0 0.12636708860759482 0.7056455696202532 0.0265822784810128 0.03164556962025311
0 0.5997848101265822 0.6575443037974684 0.029113924050632844 0.03924050632911402
0 0.6232025316455696 0.6607088607594936 0.025316455696202556 0.03544303797468351
0 0.7194050632911392 0.6581772151898734 0.03544303797468351 0.032911392405063244
0 0.7497848101265822 0.6575443037974684 0.032911392405063244 0.03164556962025322
0 0.46560759493670884 0.6974177215189873 0.029113924050632956 0.025316455696202445
0 0.6902911392405063 0.6986835443037974 0.025316455696202445 0.022784810126582178
0 0.6523164556962024 0.7018481012658229 0.025316455696202556 0.02658227848101269