0 0.0015379746835442187 0.8755696202531644 0.0030759493670884375 0.16835443037974673
0 0.06925949367088607 0.8717721518987342 0.13851898734177215 0.1810126582278483
0 0.09294936708860746 0.31481012658227847 0.032911392405063467 0.029113924050632956
0 0.1309240506329113 0.33569620253164556 0.03797468354430389 0.0329113924050633
0 0.16067088607594932 0.3382278481012658 0.036708860759493755 0.03544303797468357
0 0.46636708860759485 0.35025316455696204 0.0354430379746834 0.036708860759493644
0 0.4992784810126582 0.34962025316455697 0.040506329113924155 0.040506329113924044
0 0.5834556962025316 0.43063291139240506 0.04936708860759498 0.048101265822784844
0 0.6239620253164556 0.4287341772151899 0.04683544303797471 0.05189873417721519
0 0.31510126582278464 0.3015189873417721 0.02405063291139231 0.03037974683544309
0 0.3404177215189872 0.299620253164557 0.03164556962025311 0.03924050632911391
0 0.21636708860759485 0.29835443037974685 0.02658227848101269 0.03164556962025322
0 0.6897848101265822 0.3464556962025316 0.029113924050633067 0.03924050632911397
0 0.7132025316455696 0.3432911392405063 0.025316455696202445 0.03544303797468351
0 0.8094050632911393 0.3458227848101266 0.03544303797468351 0.0329113924050633
0 0.8397848101265822 0.34645569620253164 0.032911392405063244 0.03164556962025322
0 0.5556075949367087 0.3065822784810127 0.029113924050632956 0.0253164556962025
0 0.7802911392405063 0.3053164556962026 0.025316455696202556 0.022784810126582233
0 0.7423164556962025 0.3021518987341772 0.025316455696202556 0.02658227848101269