0 0.22436708860759486 0.606746835443038 0.0354430379746834 0.036708860759493644
0 0.2572784810126582 0.607379746835443 0.040506329113924155 0.040506329113924044
0 0.3414556962025316 0.526367088607595 0.04936708860759498 0.048101265822784844
0 0.3819620253164556 0.5282658227848102 0.04683544303797471 0.051898734177215244
0 0.07310126582278464 0.6554810126582278 0.02405063291139231 0.03037974683544309
0 0.09841772151898714 0.6573797468354431 0.03164556962025322 0.03924050632911391
0 0.4477848101265822 0.6105443037974684 0.029113924050632844 0.03924050632911391
0 0.4712025316455695 0.6137088607594937 0.025316455696202556 0.03544303797468351
0 0.5674050632911393 0.6111772151898734 0.03544303797468351 0.032911392405063244
0 0.5977848101265822 0.6105443037974684 0.032911392405063244 0.03164556962025311
0 0.31360759493670887 0.6504177215189874 0.029113924050633067 0.025316455696202445
0 0.5382911392405063 0.6516835443037974 0.025316455696202667 0.02278481012658229
0 0.5003164556962025 0.6548481012658228 0.025316455696202556 0.026582278481012578