0 0.031367088607594795 0.337253164556962 0.0354430379746834 0.036708860759493644
0 0.06427848101265826 0.33662025316455696 0.040506329113924155 0.040506329113924044
0 0.14845569620253163 0.41763291139240505 0.04936708860759498 0.048101265822784844
0 0.18896202531645567 0.4157341772151899 0.04683544303797471 0.05189873417721519
0 0.2547848101265822 0.33345569620253157 0.029113924050632956 0.03924050632911397
0 0.2782025316455696 0.33029113924050635 0.025316455696202556 0.03544303797468357
0 0.3744050632911392 0.3328227848101266 0.03544303797468351 0.0329113924050633
0 0.4047848101265822 0.3334556962025317 0.032911392405063244 0.03164556962025317
0 0.1206075949367088 0.2935822784810127 0.029113924050633067 0.0253164556962025
0 0.3452911392405063 0.29231645569620257 0.025316455696202556 0.02278481012658229
0 0.3073164556962025 0.2891518987341772 0.025316455696202445 0.02658227848101269