0 0.9965443037974684 0.6483037974683544 0.006911392405063221 0.032911392405063244
0 0.9819873417721519 0.6457721518987342 0.03602531645569618 0.03544303797468351
0 0.6766329113924052 0.633746835443038 0.0354430379746834 0.03670886075949353
0 0.6437215189873418 0.634379746835443 0.040506329113924155 0.040506329113924044
0 0.5595443037974683 0.553367088607595 0.04936708860759487 0.048101265822784955
0 0.5190379746835444 0.5552658227848101 0.04683544303797477 0.051898734177215244
0 0.8278987341772154 0.6824810126582279 0.02405063291139231 0.03037974683544309
0 0.8025822784810128 0.684379746835443 0.03164556962025311 0.03924050632911391
0 0.9266329113924052 0.6856455696202531 0.02658227848101269 0.03164556962025311
0 0.4532151898734178 0.6375443037974684 0.0291139240506329 0.03924050632911402
0 0.42979746835443045 0.6407088607594936 0.0253164556962025 0.03544303797468351
0 0.33359493670886076 0.6381772151898734 0.03544303797468351 0.032911392405063244
0 0.3032151898734178 0.6375443037974684 0.032911392405063244 0.03164556962025322
0 0.5873924050632912 0.6774177215189874 0.029113924050633067 0.025316455696202556
0 0.3627088607594937 0.6786835443037975 0.0253164556962025 0.02278481012658229
0 0.4006835443037975 0.6818481012658228 0.0253164556962025 0.02658227848101269