0 0.2823670886075948 0.6477468354430379 0.0354430379746834 0.036708860759493644
0 0.31527848101265826 0.648379746835443 0.040506329113924155 0.040506329113924044
0 0.39945569620253163 0.5673670886075949 0.04936708860759498 0.048101265822784844
0 0.4399620253164557 0.5692658227848101 0.04683544303797471 0.051898734177215244
0 0.13110126582278459 0.6964810126582279 0.02405063291139231 0.03037974683544309
0 0.15641772151898714 0.698379746835443 0.03164556962025311 0.03924050632911391
0 0.03236708860759485 0.6996455696202531 0.0265822784810128 0.03164556962025311
0 0.5057848101265823 0.6515443037974684 0.029113924050632956 0.03924050632911402
0 0.5292025316455695 0.6547088607594936 0.025316455696202556 0.03544303797468351
0 0.6254050632911392 0.6521772151898734 0.03544303797468362 0.032911392405063244
0 0.6557848101265822 0.6515443037974684 0.03291139240506313 0.03164556962025322
0 0.3716075949367088 0.6914177215189873 0.029113924050633067 0.025316455696202445
0 0.5962911392405064 0.6926835443037974 0.025316455696202556 0.022784810126582178
0 0.5583164556962025 0.6958481012658229 0.025316455696202445 0.02658227848101269