0 0.15236708860759485 0.40225316455696203 0.03544303797468351 0.036708860759493644
0 0.18527848101265826 0.40162025316455696 0.040506329113924155 0.040506329113924044
0 0.2694556962025316 0.48263291139240505 0.04936708860759498 0.048101265822784844
0 0.30996202531645567 0.48073417721518985 0.04683544303797471 0.05189873417721519
0 0.006563291139240368 0.3535189873417721 0.013126582278480736 0.030379746835443033
0 0.026417721518987136 0.351620253164557 0.03164556962025311 0.03924050632911391
0 0.3757848101265822 0.39845569620253163 0.029113924050632956 0.03924050632911397
0 0.39920253164556957 0.3952911392405063 0.025316455696202556 0.03544303797468351
0 0.4954050632911392 0.39782278481012656 0.03544303797468351 0.0329113924050633
0 0.5257848101265822 0.39845569620253163 0.032911392405063244 0.03164556962025317
0 0.2416075949367088 0.35858227848101265 0.029113924050633067 0.0253164556962025
0 0.4662911392405063 0.3573164556962025 0.025316455696202556 0.022784810126582233
0 0.42831645569620247 0.3541518987341772 0.025316455696202445 0.02658227848101269