0 0.003259493670886071 0.920132911392405 0.006518987341772142 0.1597341772151899
0 0.008955696202531616 0.3946962025316456 0.01791139240506323 0.0329113924050633
0 0.02867088607594931 0.39722784810126577 0.036708860759493755 0.03544303797468357
0 0.33436708860759484 0.40925316455696203 0.0354430379746834 0.036708860759493644
0 0.3672784810126582 0.40862025316455697 0.040506329113924155 0.040506329113924044
0 0.4514556962025316 0.48963291139240506 0.04936708860759487 0.048101265822784844
0 0.49196202531645566 0.48773417721518986 0.04683544303797482 0.05189873417721519
0 0.18310126582278463 0.3605189873417721 0.02405063291139231 0.03037974683544309
0 0.2084177215189872 0.358620253164557 0.03164556962025311 0.03924050632911391
0 0.08436708860759484 0.35735443037974685 0.02658227848101269 0.03164556962025322
0 0.5577848101265822 0.40545569620253163 0.029113924050632844 0.03924050632911397
0 0.5812025316455696 0.4022911392405063 0.025316455696202556 0.03544303797468351
0 0.6774050632911393 0.40482278481012657 0.03544303797468351 0.0329113924050633
0 0.7077848101265822 0.40545569620253163 0.032911392405063244 0.03164556962025322
0 0.42360759493670885 0.36558227848101266 0.029113924050633067 0.0253164556962025
0 0.6482911392405063 0.3643164556962025 0.025316455696202445 0.022784810126582233
0 0.6103164556962024 0.3611518987341772 0.025316455696202556 0.02658227848101269