0 0.1663670886075948 0.370253164556962 0.0354430379746834 0.036708860759493644
0 0.19927848101265827 0.369620253164557 0.040506329113924155 0.040506329113924044
0 0.28345569620253164 0.450632911392405 0.04936708860759498 0.0481012658227849
0 0.3239620253164557 0.4487341772151899 0.04683544303797471 0.051898734177215244
0 0.015101265822784593 0.32151898734177214 0.02405063291139231 0.03037974683544309
0 0.04041772151898715 0.319620253164557 0.03164556962025311 0.03924050632911397
0 0.3897848101265822 0.3664556962025316 0.029113924050632956 0.03924050632911391
0 0.4132025316455695 0.3632911392405063 0.025316455696202445 0.03544303797468351
0 0.5094050632911392 0.3658227848101266 0.03544303797468351 0.032911392405063244
0 0.5397848101265822 0.3664556962025316 0.032911392405063244 0.03164556962025317
0 0.2556075949367088 0.3265822784810127 0.029113924050633067 0.025316455696202556
0 0.4802911392405063 0.32531645569620254 0.025316455696202556 0.02278481012658229
0 0.4423164556962025 0.3221518987341772 0.025316455696202445 0.02658227848101269