0 0.9924873417721519 0.6017721518987342 0.015025316455696158 0.03544303797468362
0 0.6976329113924051 0.589746835443038 0.0354430379746834 0.036708860759493644
0 0.6647215189873417 0.590379746835443 0.040506329113924155 0.040506329113924044
0 0.5805443037974684 0.5093670886075949 0.04936708860759498 0.048101265822784844
0 0.5400379746835444 0.5112658227848101 0.04683544303797482 0.05189873417721513
0 0.8488987341772154 0.6384810126582279 0.02405063291139231 0.0303797468354432
0 0.8235822784810128 0.640379746835443 0.03164556962025311 0.03924050632911391
0 0.9476329113924051 0.6416455696202532 0.02658227848101269 0.03164556962025322
0 0.4742151898734178 0.5935443037974684 0.0291139240506329 0.03924050632911402
0 0.45079746835443046 0.5967088607594937 0.025316455696202556 0.03544303797468351
0 0.3545949367088608 0.5941772151898734 0.03544303797468357 0.032911392405063356
0 0.3242151898734178 0.5935443037974684 0.032911392405063244 0.03164556962025333
0 0.6083924050632912 0.6334177215189873 0.029113924050633067 0.025316455696202556
0 0.38370886075949373 0.6346835443037975 0.0253164556962025 0.02278481012658229
0 0.4216835443037975 0.6378481012658228 0.0253164556962025 0.0265822784810128