0 0.8435949367088609 0.5201392405063291 0.12278481012658216 0.1063291139240507
0 0.7518227848101267 0.5315316455696203 0.11645569620253171 0.11392405063291139
0 0.22524050632911394 0.5220379746835443 0.0911392405063291 0.08481012658227849
0 0.15688607594936713 0.5283670886075948 0.0835443037974684 0.08481012658227838
0 0.02844303797468362 0.4935569620253164 0.05688607594936724 0.06582278481012649
0 0.3727088607594937 0.4150759493670886 0.07215189873417721 0.07594936708860756
0 0.3182784810126582 0.4220379746835443 0.06455696202531647 0.07468354430379748
0 0.09296202531645575 0.4112784810126582 0.056962025316455764 0.06329113924050622
0 0.6284050632911394 0.33279746835443036 0.05443037974683551 0.043037974683544256
0 0.9341012658227849 0.31191139240506327 0.060759493670885956 0.04936708860759498
0 0.9727088607594938 0.30494936708860754 0.04683544303797482 0.04556962025316452