0 0.9015949367088608 0.4851392405063291 0.12278481012658227 0.10632911392405064
0 0.8098227848101267 0.49653164556962026 0.11645569620253171 0.11392405063291139
0 0.2832405063291139 0.48703797468354426 0.0911392405063291 0.08481012658227843
0 0.21488607594936715 0.49336708860759493 0.08354430379746838 0.08481012658227849
0 0.08197468354430393 0.45855696202531643 0.06582278481012663 0.06582278481012649
0 0.028962025316455708 0.46045569620253163 0.057924050632911415 0.06708860759493673
0 0.4307088607594938 0.38007594936708855 0.07215189873417721 0.07594936708860761
0 0.3762784810126582 0.3870379746835443 0.06455696202531647 0.07468354430379748
0 0.15096202531645575 0.37627848101265815 0.05696202531645575 0.06329113924050628
0 0.6864050632911394 0.2977974683544304 0.05443037974683562 0.04303797468354431
0 0.9808607594936709 0.2769113924050633 0.03827848101265818 0.04936708860759498