0 0.7645949367088608 0.5008607594936709 0.12278481012658227 0.10632911392405064
0 0.6728227848101267 0.4894683544303798 0.11645569620253171 0.11392405063291144
0 0.14624050632911395 0.4989620253164557 0.09113924050632907 0.08481012658227849
0 0.07788607594936713 0.49263291139240506 0.08354430379746838 0.08481012658227849
0 0.29370886075949376 0.6059240506329113 0.07215189873417716 0.07594936708860767
0 0.23927848101265825 0.5989620253164558 0.0645569620253165 0.07468354430379753
0 0.021221518987341825 0.6097215189873417 0.04244303797468365 0.06329113924050633
0 0.5494050632911394 0.6882025316455697 0.05443037974683562 0.04303797468354431
0 0.8551012658227848 0.7090886075949367 0.06075949367088607 0.04936708860759487
0 0.8937088607594939 0.7160506329113924 0.04683544303797471 0.04556962025316458
0 0.971854430379747 0.7293417721518988 0.056291139240506216 0.04683544303797471