0 0.3174050632911392 0.5251392405063291 0.12278481012658216 0.1063291139240507
0 0.4091772151898733 0.5365316455696203 0.11645569620253171 0.11392405063291144
0 0.9357594936708861 0.5270379746835443 0.09113924050632916 0.08481012658227849
0 0.9811708860759494 0.533367088607595 0.037658227848101355 0.08481012658227838
0 0.7882911392405063 0.4200759493670886 0.07215189873417716 0.07594936708860756
0 0.8427215189873418 0.4270379746835443 0.06455696202531647 0.07468354430379748
0 0.5325949367088606 0.33779746835443036 0.05443037974683551 0.04303797468354431
0 0.22689873417721512 0.3169113924050633 0.06075949367088607 0.04936708860759498
0 0.1882911392405061 0.30994936708860754 0.04683544303797471 0.04556962025316452
0 0.10917721518987333 0.29665822784810125 0.05822784810126591 0.046835443037974656
0 0.05094936708860748 0.25488607594936713 0.06075949367088607 0.05189873417721516