0 0.7595949367088608 0.536860759493671 0.12278481012658227 0.10632911392405064
0 0.6678227848101266 0.5254683544303798 0.11645569620253171 0.11392405063291144
0 0.14124050632911395 0.5349620253164558 0.0911392405063291 0.08481012658227849
0 0.07288607594936712 0.5286329113924051 0.08354430379746838 0.08481012658227849
0 0.28870886075949376 0.6419240506329114 0.07215189873417716 0.07594936708860756
0 0.23427848101265825 0.6349620253164556 0.06455696202531647 0.07468354430379753
0 0.018721518987341822 0.6457215189873418 0.037443037974683645 0.06329113924050622
0 0.5444050632911395 0.7242025316455697 0.05443037974683562 0.04303797468354431
0 0.8501012658227849 0.7450886075949367 0.06075949367088607 0.04936708860759498
0 0.8887088607594938 0.7520506329113924 0.04683544303797471 0.04556962025316458
0 0.9678227848101266 0.7653417721518987 0.0582278481012658 0.0468354430379746
0 0.9978354430379748 0.8071139240506329 0.004329113924050443 0.05189873417721513