0 0.2864050632911392 0.5198607594936708 0.12278481012658216 0.10632911392405064
0 0.3781772151898733 0.5084683544303797 0.11645569620253171 0.11392405063291133
0 0.904759493670886 0.5179620253164556 0.09113924050632916 0.08481012658227838
0 0.9656708860759493 0.511632911392405 0.06865822784810127 0.08481012658227838
0 0.7572911392405062 0.6249240506329115 0.07215189873417727 0.07594936708860756
0 0.8117215189873417 0.6179620253164557 0.06455696202531647 0.07468354430379742
0 0.5015949367088606 0.7072025316455696 0.05443037974683562 0.04303797468354431
0 0.19589873417721515 0.7280886075949368 0.060759493670885956 0.04936708860759498
0 0.15729113924050614 0.7350506329113924 0.04683544303797482 0.04556962025316447
0 0.0781772151898733 0.7483417721518988 0.05822784810126591 0.0468354430379746
0 0.025164556962025242 0.7901139240506329 0.050329113924050484 0.051898734177215244