0 0.07740506329113916 0.522860759493671 0.12278481012658227 0.10632911392405064
0 0.16917721518987333 0.5114683544303797 0.11645569620253171 0.11392405063291144
0 0.695759493670886 0.5209620253164557 0.09113924050632904 0.08481012658227849
0 0.7641139240506329 0.5146329113924051 0.08354430379746847 0.08481012658227849
0 0.897025316455696 0.5494430379746835 0.0658227848101266 0.06582278481012649
0 0.9520886075949366 0.5475443037974683 0.0620253164556962 0.06708860759493673
0 0.5482911392405063 0.6279240506329113 0.07215189873417716 0.07594936708860756
0 0.6027215189873418 0.6209620253164556 0.06455696202531647 0.07468354430379753
0 0.8280379746835442 0.6317215189873417 0.05696202531645578 0.06329113924050633
0 0.2925949367088606 0.7102025316455697 0.05443037974683551 0.04303797468354431
0 0.008639240506329082 0.7310886075949367 0.017278481012658164 0.04936708860759498