0 0.19540506329113916 0.49986075949367087 0.12278481012658227 0.10632911392405064
0 0.2871772151898733 0.4884683544303797 0.11645569620253171 0.11392405063291133
0 0.8137594936708861 0.4979620253164557 0.09113924050632916 0.08481012658227849
0 0.8821139240506328 0.49163291139240506 0.08354430379746847 0.08481012658227849
0 0.9910569620253165 0.5264430379746836 0.017886075949367197 0.0658227848101266
0 0.6662911392405062 0.6049240506329114 0.07215189873417716 0.07594936708860756
0 0.7207215189873417 0.5979620253164557 0.06455696202531647 0.07468354430379742
0 0.9460379746835442 0.6087215189873418 0.05696202531645578 0.06329113924050622
0 0.4105949367088606 0.6872025316455697 0.05443037974683551 0.0430379746835442
0 0.10489873417721512 0.7080886075949367 0.06075949367088607 0.04936708860759498
0 0.06629113924050611 0.7150506329113925 0.04683544303797471 0.04556962025316458
0 0.008145569620253146 0.7283417721518988 0.01629113924050629 0.0468354430379746