0 0.9924936708860761 0.3897341772151899 0.015012658227847808 0.04556962025316452
0 0.9767594936708861 0.3891012658227848 0.029113924050632956 0.036708860759493644
0 0.7476455696202532 0.3220126582278481 0.026582278481012578 0.026582278481012633
0 0.7229620253164557 0.3194810126582278 0.025316455696202445 0.024050632911392367
0 0.2086829268292683 0.3111626016260163 0.02113821138211383 0.021138211382113803
0 0.19486178861788617 0.3144146341463415 0.019512195121951265 0.026016260162601668
0 0.37819512195121946 0.29490243902439023 0.015447154471544766 0.01788617886178867
0 0.3664065040650406 0.29652845528455285 0.016260162601625994 0.014634146341463428
0 0.3306341463414634 0.292869918699187 0.013008130081300806 0.017073170731707332
0 0.586731707317073 0.31400813008130085 0.019512195121951126 0.0186991869918699
0 0.5375447154471544 0.28230081300813004 0.017073170731707443 0.01544715447154471
0 0.44567479674796745 0.2827073170731707 0.015447154471544766 0.016260162601625994
0 0.4330731707317072 0.284739837398374 0.014634146341463428 0.020325203252032575
0 0.49404878048780476 0.292869918699187 0.011382113821138184 0.017073170731707332
0 0.6477073170731706 0.2888048780487805 0.019512195121951237 0.02032520325203252
0 0.9318536585365853 0.29205691056910565 0.01707317073170722 0.018699186991869954
0 0.24653030303030304 0.3031212121212121 0.01893939393939395 0.021212121212121238