0 0.8406455696202532 0.6599873417721519 0.026582278481012578 0.026582278481012578
0 0.8159620253164557 0.6625189873417722 0.025316455696202556 0.02405063291139231
0 0.3016829268292683 0.6708373983739837 0.021138211382113803 0.021138211382113692
0 0.28786178861788614 0.6675853658536585 0.019512195121951292 0.026016260162601723
0 0.47119512195121943 0.6870975609756098 0.015447154471544766 0.01788617886178867
0 0.45940650406504063 0.6854715447154471 0.016260162601625994 0.014634146341463428
0 0.42363414634146346 0.689130081300813 0.013008130081300806 0.017073170731707332
0 0.6797317073170731 0.6679918699186992 0.019512195121951237 0.01869918699187001
0 0.6305447154471544 0.69969918699187 0.017073170731707332 0.015447154471544655
0 0.5386747967479675 0.6992926829268293 0.015447154471544766 0.016260162601625994
0 0.5260731707317072 0.6972601626016259 0.014634146341463428 0.020325203252032575
0 0.5870487804878048 0.689130081300813 0.011382113821138184 0.017073170731707332
0 0.7407073170731706 0.6931951219512196 0.019512195121951126 0.020325203252032575
0 0.339530303030303 0.6788787878787879 0.018939393939393923 0.021212121212121238