0 0.811341772151899 0.6382658227848101 0.03670886075949353 0.04556962025316458
0 0.7847594936708862 0.6388987341772152 0.029113924050632956 0.036708860759493644
0 0.9050126582278484 0.6680126582278482 0.036708860759493755 0.03417721518987338
0 0.5556455696202531 0.7059873417721518 0.02658227848101269 0.02658227848101269
0 0.5309620253164558 0.7085189873417721 0.025316455696202556 0.024050632911392422
0 0.016682926829268297 0.7168373983739837 0.02113821138211381 0.021138211382113803
0 0.006308943089430898 0.7135853658536585 0.012617886178861795 0.026016260162601723
0 0.18619512195121946 0.7330975609756097 0.015447154471544766 0.01788617886178856
0 0.1744065040650406 0.7314715447154472 0.01626016260162602 0.014634146341463428
0 0.1386341463414634 0.735130081300813 0.013008130081300806 0.017073170731707332
0 0.3947317073170731 0.7139918699186991 0.019512195121951237 0.0186991869918699
0 0.34554471544715437 0.74569918699187 0.017073170731707332 0.015447154471544655
0 0.25367479674796745 0.7452926829268293 0.015447154471544766 0.016260162601626105
0 0.2410731707317072 0.743260162601626 0.0146341463414634 0.020325203252032575
0 0.3020487804878048 0.735130081300813 0.01138211382113824 0.017073170731707332
0 0.4557073170731707 0.7391951219512195 0.01951219512195118 0.020325203252032464
0 0.7398536585365854 0.7359430894308943 0.01707317073170722 0.0186991869918699
0 0.8393787878787877 0.7460909090909091 0.017424242424242453 0.021212121212121127
0 0.05453030303030303 0.7248787878787879 0.018939393939393936 0.02121212121212135