0 0.23205063291139222 0.4816962025316455 0.07088607594936713 0.069620253164557
0 0.17825316455696189 0.4842278481012658 0.04683544303797482 0.06455696202531647
0 0.37572151898734163 0.485493670886076 0.06455696202531636 0.07468354430379742
0 0.4333164556962024 0.48802531645569625 0.0734177215189874 0.06962025316455689
0 0.670658227848101 0.5772658227848101 0.03670886075949353 0.04556962025316458
0 0.6972405063291138 0.5778987341772152 0.029113924050633067 0.036708860759493644
0 0.5769873417721517 0.6070126582278481 0.036708860759493644 0.03417721518987338
0 0.4516708860759492 0.6437215189873418 0.03417721518987338 0.02658227848101269
0 0.9263544303797469 0.6449873417721519 0.02658227848101269 0.0265822784810128
0 0.9510379746835442 0.6475189873417722 0.025316455696202556 0.024050632911392422
0 0.7421463414634147 0.6749430894308943 0.01707317073170711 0.0186991869918699
0 0.6426212121212123 0.6850909090909091 0.017424242424242564 0.021212121212121238