0 0.8992784810126584 0.522506329113924 0.06455696202531636 0.07468354430379742
0 0.8416835443037975 0.5199746835443038 0.07341772151898751 0.06962025316455689
0 0.6043417721518989 0.4307341772151898 0.03670886075949353 0.04556962025316452
0 0.5777594936708861 0.4301012658227848 0.029113924050632956 0.036708860759493644
0 0.6980126582278483 0.4009873417721519 0.036708860759493644 0.03417721518987338
0 0.8233291139240508 0.36427848101265825 0.03417721518987338 0.026582278481012633
0 0.34864556962025317 0.3630126582278481 0.026582278481012633 0.02658227848101269
0 0.3239620253164557 0.36048101265822785 0.0253164556962025 0.024050632911392367
0 0.18773170731707306 0.35500813008130083 0.01951219512195121 0.0186991869918699
0 0.13854471544715435 0.3233008130081301 0.01707317073170736 0.01544715447154471
0 0.046674796747967436 0.3237073170731707 0.015447154471544766 0.01626016260162605
0 0.034073170731707195 0.325739837398374 0.014634146341463403 0.020325203252032575
0 0.09504878048780477 0.33386991869918703 0.011382113821138198 0.017073170731707388
0 0.24870731707317065 0.3298048780487805 0.01951219512195118 0.020325203252032575
0 0.5328536585365853 0.3330569105691057 0.017073170731707332 0.01869918699187001
0 0.6323787878787878 0.3229090909090909 0.017424242424242564 0.021212121212121182