0 0.0870506329113922 0.4786962025316456 0.07088607594936713 0.06962025316455711
0 0.03325316455696192 0.48122784810126584 0.04683544303797471 0.06455696202531658
0 0.2307215189873416 0.482493670886076 0.06455696202531636 0.07468354430379742
0 0.28831645569620246 0.48502531645569624 0.07341772151898751 0.06962025316455689
0 0.525658227848101 0.5742658227848102 0.03670886075949353 0.04556962025316458
0 0.5522405063291138 0.5748987341772153 0.029113924050632956 0.036708860759493644
0 0.43198734177215165 0.6040126582278481 0.036708860759493755 0.03417721518987338
0 0.30667088607594917 0.6407215189873418 0.03417721518987338 0.026582278481012578
0 0.7813544303797468 0.6419873417721519 0.026582278481012578 0.026582278481012578
0 0.8060379746835442 0.6445189873417722 0.025316455696202556 0.02405063291139231
0 0.9422682926829269 0.6499918699186992 0.019512195121951237 0.01869918699187001
0 0.9914552845528456 0.6816991869918699 0.017073170731707332 0.015447154471544655
0 0.8812926829268293 0.6751951219512196 0.019512195121951126 0.020325203252032575
0 0.5971463414634147 0.6719430894308943 0.01707317073170711 0.01869918699187001
0 0.49762121212121224 0.6820909090909091 0.017424242424242564 0.021212121212121127