0 0.17305063291139222 0.4903037974683544 0.07088607594936702 0.06962025316455706
0 0.11925316455696189 0.48777215189873413 0.04683544303797471 0.06455696202531652
0 0.3167215189873416 0.486506329113924 0.06455696202531636 0.07468354430379742
0 0.3743164556962024 0.48397468354430373 0.07341772151898751 0.06962025316455689
0 0.6116582278481011 0.3947341772151899 0.03670886075949342 0.04556962025316452
0 0.6382405063291139 0.3941012658227848 0.029113924050632956 0.03670886075949359
0 0.5179873417721517 0.3649873417721519 0.036708860759493755 0.03417721518987338
0 0.3926708860759492 0.3282784810126582 0.03417721518987327 0.026582278481012633
0 0.8673544303797468 0.3270126582278481 0.026582278481012578 0.02658227848101269
0 0.8920379746835443 0.3244810126582278 0.025316455696202445 0.024050632911392367
0 0.9672926829268294 0.2938048780487805 0.019512195121951237 0.02032520325203252
0 0.6831463414634147 0.29705691056910566 0.01707317073170722 0.018699186991869954
0 0.5836212121212123 0.2869090909090909 0.017424242424242453 0.021212121212121182