0 0.8499493670886078 0.4813037974683544 0.07088607594936702 0.06962025316455706
0 0.903746835443038 0.4787721518987341 0.04683544303797482 0.06455696202531652
0 0.7062784810126584 0.477506329113924 0.06455696202531636 0.07468354430379742
0 0.6486835443037976 0.4749746835443037 0.07341772151898751 0.06962025316455689
0 0.41134177215189893 0.3857341772151899 0.03670886075949348 0.04556962025316452
0 0.3847594936708862 0.3851012658227848 0.029113924050632956 0.036708860759493644
0 0.5050126582278482 0.3559873417721519 0.036708860759493755 0.03417721518987338
0 0.6303291139240508 0.3192784810126582 0.03417721518987327 0.026582278481012633
0 0.15564556962025317 0.3180126582278481 0.026582278481012606 0.026582278481012633
0 0.1309620253164557 0.3154810126582278 0.02531645569620254 0.024050632911392367
0 0.002243902439024339 0.31000813008130085 0.004487804878048678 0.0186991869918699
0 0.055707317073170656 0.2848048780487805 0.01951219512195121 0.02032520325203252
0 0.3398536585365853 0.28805691056910565 0.01707317073170722 0.018699186991869954
0 0.43937878787878776 0.2779090909090909 0.017424242424242453 0.021212121212121182