0 0.9765000000000001 0.506506329113924 0.04699999999999982 0.07468354430379742
0 0.9276835443037976 0.5039746835443037 0.07341772151898751 0.06962025316455689
0 0.690341772151899 0.41473417721518985 0.03670886075949353 0.04556962025316458
0 0.6637594936708862 0.4141012658227848 0.029113924050632956 0.036708860759493644
0 0.7840126582278484 0.3849873417721519 0.036708860759493755 0.03417721518987338
0 0.9093291139240508 0.34827848101265824 0.03417721518987338 0.026582278481012578
0 0.43464556962025314 0.3470126582278481 0.026582278481012633 0.02658227848101269
0 0.4099620253164557 0.34448101265822784 0.025316455696202556 0.024050632911392367
0 0.06519512195121945 0.31990243902439025 0.01544715447154476 0.01788617886178867
0 0.05340650406504062 0.32152845528455287 0.016260162601626008 0.014634146341463483
0 0.017634146341463406 0.317869918699187 0.013008130081300806 0.017073170731707388
0 0.2737317073170731 0.3390081300813008 0.019512195121951237 0.0186991869918699
0 0.22454471544715437 0.30730081300813006 0.017073170731707388 0.01544715447154471
0 0.13267479674796742 0.3077073170731707 0.015447154471544752 0.016260162601625994
0 0.12007317073170719 0.30973983739837396 0.0146341463414634 0.02032520325203252
0 0.18104878048780476 0.317869918699187 0.011382113821138212 0.017073170731707388
0 0.3347073170731707 0.3138048780487805 0.01951219512195118 0.020325203252032575
0 0.6188536585365854 0.3170569105691057 0.01707317073170722 0.018699186991869954
0 0.7183787878787877 0.3069090909090909 0.017424242424242453 0.021212121212121238