0 0.9925000000000002 0.489493670886076 0.014999999999999791 0.07468354430379742
0 0.9596835443037977 0.49202531645569625 0.0734177215189874 0.06962025316455689
0 0.722341772151899 0.5812658227848101 0.03670886075949353 0.04556962025316458
0 0.6957594936708862 0.5818987341772152 0.029113924050632956 0.036708860759493644
0 0.8160126582278484 0.6110126582278481 0.036708860759493755 0.03417721518987338
0 0.9413291139240508 0.6477215189873418 0.03417721518987338 0.02658227848101269
0 0.46664556962025316 0.6489873417721519 0.026582278481012633 0.0265822784810128
0 0.4419620253164557 0.6515189873417722 0.0253164556962025 0.024050632911392422
0 0.09719512195121945 0.6760975609756097 0.015447154471544766 0.01788617886178867
0 0.08540650406504063 0.6744715447154472 0.016260162601626008 0.014634146341463539
0 0.0496341463414634 0.6781300813008131 0.013008130081300806 0.017073170731707443
0 0.3057317073170731 0.6569918699186992 0.01951219512195118 0.018699186991869787
0 0.2565447154471544 0.6886991869918699 0.017073170731707388 0.015447154471544655
0 0.16467479674796742 0.6882926829268292 0.015447154471544766 0.016260162601625994
0 0.15207317073170717 0.686260162601626 0.0146341463414634 0.020325203252032575
0 0.2130487804878048 0.6781300813008131 0.011382113821138212 0.017073170731707443
0 0.36670731707317067 0.6821951219512195 0.019512195121951237 0.020325203252032575
0 0.6508536585365853 0.6789430894308943 0.017073170731707332 0.0186991869918699
0 0.7503787878787878 0.6890909090909091 0.017424242424242564 0.021212121212121238