0 0.9785000000000001 0.523506329113924 0.042999999999999816 0.07468354430379742
0 0.9316835443037976 0.5209746835443038 0.07341772151898751 0.06962025316455689
0 0.694341772151899 0.4317341772151898 0.03670886075949353 0.04556962025316452
0 0.6677594936708862 0.4311012658227848 0.029113924050632844 0.036708860759493644
0 0.7880126582278484 0.4019873417721519 0.036708860759493755 0.03417721518987338
0 0.9133291139240508 0.36527848101265825 0.03417721518987338 0.026582278481012633
0 0.43864556962025314 0.3640126582278481 0.026582278481012633 0.02658227848101269
0 0.4139620253164557 0.36148101265822785 0.025316455696202556 0.024050632911392367
0 0.06919512195121945 0.33690243902439027 0.015447154471544766 0.01788617886178867
0 0.05740650406504062 0.3385284552845529 0.016260162601626 0.014634146341463483
0 0.021634146341463406 0.33486991869918703 0.013008130081300806 0.017073170731707388
0 0.2777317073170731 0.35600813008130083 0.019512195121951237 0.0186991869918699
0 0.22854471544715438 0.3243008130081301 0.01707317073170736 0.01544715447154471
0 0.13667479674796743 0.3247073170731707 0.015447154471544766 0.01626016260162605
0 0.12407317073170719 0.326739837398374 0.0146341463414634 0.020325203252032575
0 0.18504878048780476 0.33486991869918703 0.011382113821138212 0.017073170731707388
0 0.33870731707317064 0.3308048780487805 0.019512195121951237 0.020325203252032575
0 0.6228536585365854 0.3340569105691057 0.01707317073170722 0.01869918699187001
0 0.7223787878787877 0.3239090909090909 0.017424242424242453 0.021212121212121182