0 0.028746835443037855 0.4746962025316456 0.05749367088607571 0.06962025316455711
0 0.16572151898734155 0.478493670886076 0.06455696202531636 0.07468354430379742
0 0.2233164556962024 0.48102531645569624 0.07341772151898751 0.06962025316455689
0 0.4606582278481011 0.5702658227848102 0.03670886075949353 0.04556962025316458
0 0.4872405063291138 0.5708987341772153 0.029113924050632956 0.036708860759493644
0 0.3669873417721517 0.6000126582278481 0.036708860759493755 0.03417721518987338
0 0.24167088607594917 0.6367215189873418 0.03417721518987327 0.026582278481012578
0 0.7163544303797468 0.6379873417721519 0.026582278481012578 0.026582278481012578
0 0.7410379746835443 0.6405189873417722 0.025316455696202556 0.02405063291139231
0 0.8772682926829269 0.6459918699186992 0.019512195121951237 0.01869918699187001
0 0.9264552845528456 0.6776991869918699 0.017073170731707332 0.015447154471544655
0 0.9699512195121953 0.667130081300813 0.011382113821138184 0.017073170731707332
0 0.8162926829268293 0.6711951219512196 0.019512195121951237 0.020325203252032575
0 0.5321463414634147 0.6679430894308943 0.01707317073170722 0.01869918699187001
0 0.43262121212121224 0.6780909090909091 0.017424242424242453 0.021212121212121127