0 0.9897531645569622 0.46730379746835443 0.020493670886075788 0.069620253164557
0 0.8712784810126584 0.463506329113924 0.06455696202531636 0.07468354430379737
0 0.8136835443037976 0.46097468354430376 0.07341772151898751 0.06962025316455689
0 0.5763417721518989 0.37173417721518986 0.03670886075949353 0.04556962025316452
0 0.5497594936708862 0.3711012658227848 0.029113924050632844 0.036708860759493644
0 0.6700126582278483 0.3419873417721519 0.036708860759493755 0.03417721518987338
0 0.7953291139240508 0.3052784810126582 0.03417721518987338 0.026582278481012633
0 0.32064556962025315 0.3040126582278481 0.026582278481012633 0.02658227848101269
0 0.2959620253164557 0.30148101265822785 0.025316455696202556 0.024050632911392422
0 0.1597317073170731 0.29600813008130084 0.01951219512195121 0.0186991869918699
0 0.11054471544715437 0.26430081300813 0.01707317073170736 0.01544715447154471
0 0.01867479674796743 0.26470731707317074 0.015447154471544763 0.01626016260162605
0 0.006695121951219449 0.266739837398374 0.013390243902438898 0.020325203252032575
0 0.06704878048780477 0.274869918699187 0.011382113821138205 0.017073170731707388
0 0.22070731707317065 0.2708048780487805 0.01951219512195121 0.020325203252032575
0 0.5048536585365853 0.2740569105691057 0.017073170731707277 0.01869918699187001
0 0.6043787878787878 0.26390909090909087 0.017424242424242453 0.021212121212121182