0 0.15335443037974683 0.3370126582278481 0.026582278481012578 0.02658227848101269
0 0.17803797468354426 0.3344810126582278 0.025316455696202556 0.024050632911392367
0 0.6923170731707318 0.3261626016260163 0.021138211382113803 0.021138211382113803
0 0.7061382113821137 0.32941463414634153 0.019512195121951348 0.026016260162601668
0 0.5228048780487806 0.30990243902439024 0.015447154471544766 0.01788617886178867
0 0.5345934959349594 0.31152845528455286 0.016260162601625994 0.014634146341463483
0 0.5703658536585366 0.307869918699187 0.01300813008130075 0.017073170731707332
0 0.3142682926829269 0.3290081300813008 0.019512195121951237 0.018699186991869954
0 0.3634552845528456 0.29730081300813005 0.017073170731707332 0.01544715447154471
0 0.4553252032520326 0.2977073170731707 0.015447154471544766 0.016260162601625994
0 0.46792682926829277 0.299739837398374 0.014634146341463428 0.020325203252032575
0 0.4069512195121952 0.307869918699187 0.011382113821138184 0.017073170731707332
0 0.2532926829268294 0.3038048780487805 0.019512195121951237 0.020325203252032575
0 0.654469696969697 0.31812121212121214 0.018939393939393923 0.021212121212121238