0 0.2820506329113922 0.5386962025316455 0.07088607594936702 0.069620253164557
0 0.22825316455696187 0.5412278481012658 0.04683544303797471 0.06455696202531647
0 0.42572151898734156 0.5424936708860759 0.06455696202531636 0.07468354430379742
0 0.4833164556962024 0.5450253164556962 0.07341772151898751 0.06962025316455689
0 0.7206582278481011 0.6342658227848101 0.03670886075949342 0.04556962025316447
0 0.7472405063291139 0.6348987341772152 0.029113924050632956 0.036708860759493644
0 0.6269873417721517 0.6640126582278482 0.036708860759493755 0.03417721518987338
0 0.5016708860759491 0.7007215189873418 0.03417721518987327 0.026582278481012578
0 0.9763544303797468 0.7019873417721518 0.026582278481012578 0.02658227848101269
0 0.9941898734177215 0.7045189873417721 0.011620253164556948 0.024050632911392422
0 0.7921463414634147 0.7319430894308943 0.01707317073170722 0.0186991869918699
0 0.6926212121212123 0.7420909090909091 0.017424242424242453 0.021212121212121127