0 0.07405063291139219 0.4713037974683544 0.07088607594936713 0.06962025316455706
0 0.021835443037974633 0.4687721518987341 0.04367088607594927 0.06455696202531652
0 0.2177215189873416 0.467506329113924 0.06455696202531636 0.07468354430379737
0 0.27531645569620244 0.46497468354430377 0.07341772151898751 0.06962025316455689
0 0.5126582278481011 0.37573417721518987 0.03670886075949353 0.04556962025316452
0 0.5392405063291138 0.3751012658227848 0.029113924050632844 0.036708860759493644
0 0.41898734177215174 0.3459873417721519 0.036708860759493755 0.03417721518987338
0 0.29367088607594916 0.3092784810126582 0.03417721518987338 0.026582278481012633
0 0.7683544303797468 0.3080126582278481 0.026582278481012578 0.02658227848101269
0 0.7930379746835443 0.3054810126582278 0.025316455696202556 0.024050632911392367
0 0.929268292682927 0.30000813008130084 0.019512195121951126 0.0186991869918699
0 0.9784552845528456 0.26830081300813 0.017073170731707443 0.01544715447154471
0 0.8682926829268294 0.2748048780487805 0.019512195121951237 0.020325203252032575
0 0.5841463414634147 0.2780569105691057 0.017073170731707332 0.01869918699187001
0 0.48462121212121223 0.2679090909090909 0.017424242424242564 0.021212121212121182