0 0.1746582278481011 0.6392658227848101 0.03670886075949353 0.04556962025316458
0 0.20124050632911383 0.6398987341772152 0.029113924050632844 0.036708860759493644
0 0.08098734177215167 0.6690126582278481 0.036708860759493755 0.03417721518987338
0 0.4303544303797468 0.706987341772152 0.02658227848101269 0.02658227848101269
0 0.4550379746835443 0.7095189873417721 0.025316455696202556 0.02405063291139231
0 0.9693170731707317 0.7178373983739836 0.021138211382113803 0.021138211382113803
0 0.9831382113821139 0.7145853658536585 0.019512195121951237 0.026016260162601612
0 0.7998048780487805 0.7340975609756097 0.015447154471544766 0.017886178861788782
0 0.8115934959349593 0.7324715447154471 0.016260162601625994 0.014634146341463539
0 0.8473658536585366 0.7361300813008129 0.01300813008130075 0.017073170731707443
0 0.5912682926829269 0.7149918699186992 0.019512195121951237 0.0186991869918699
0 0.6404552845528456 0.74669918699187 0.017073170731707332 0.015447154471544766
0 0.7323252032520325 0.7462926829268293 0.015447154471544655 0.016260162601625994
0 0.7449268292682928 0.7442601626016261 0.014634146341463428 0.020325203252032575
0 0.6839512195121953 0.7361300813008129 0.011382113821138184 0.017073170731707443
0 0.5302926829268293 0.7401951219512195 0.019512195121951237 0.020325203252032686
0 0.24614634146341474 0.7369430894308943 0.017073170731707332 0.01869918699187001
0 0.1466212121212122 0.7470909090909091 0.017424242424242453 0.021212121212121238
0 0.931469696969697 0.7258787878787879 0.018939393939393923 0.021212121212121238