0 0.027499999999999913 0.47649367088607597 0.05499999999999983 0.07468354430379742
0 0.08031645569620238 0.47902531645569624 0.07341772151898751 0.06962025316455689
0 0.3176582278481011 0.5682658227848102 0.03670886075949353 0.04556962025316458
0 0.3442405063291138 0.5688987341772153 0.029113924050632956 0.036708860759493644
0 0.22398734177215168 0.5980126582278481 0.036708860759493755 0.03417721518987338
0 0.09867088607594915 0.6347215189873417 0.03417721518987327 0.026582278481012578
0 0.5733544303797468 0.6359873417721519 0.026582278481012578 0.026582278481012578
0 0.5980379746835442 0.6385189873417721 0.025316455696202556 0.02405063291139231
0 0.9428048780487805 0.6630975609756098 0.015447154471544877 0.01788617886178867
0 0.9545934959349593 0.6614715447154471 0.016260162601625994 0.014634146341463428
0 0.9903658536585366 0.665130081300813 0.01300813008130075 0.017073170731707332
0 0.7342682926829269 0.6439918699186992 0.019512195121951237 0.01869918699187001
0 0.7834552845528456 0.6756991869918699 0.017073170731707332 0.015447154471544655
0 0.8753252032520326 0.6752926829268293 0.015447154471544655 0.016260162601625994
0 0.8879268292682928 0.673260162601626 0.014634146341463428 0.020325203252032464
0 0.8269512195121953 0.665130081300813 0.011382113821138184 0.017073170731707332
0 0.6732926829268293 0.6691951219512196 0.019512195121951237 0.020325203252032575
0 0.3891463414634147 0.6659430894308943 0.01707317073170722 0.01869918699187001
0 0.2896212121212122 0.6760909090909091 0.017424242424242453 0.021212121212121127