0 0.9906012658227848 0.3881012658227848 0.018797468354430302 0.036708860759493644
0 0.7666455696202532 0.3210126582278481 0.026582278481012578 0.026582278481012633
0 0.7419620253164557 0.3184810126582278 0.025316455696202445 0.024050632911392367
0 0.2276829268292683 0.3101626016260163 0.021138211382113803 0.021138211382113803
0 0.21386178861788618 0.3134146341463415 0.019512195121951265 0.026016260162601668
0 0.3971951219512194 0.2939024390243902 0.01544715447154471 0.01788617886178867
0 0.3854065040650406 0.29552845528455285 0.016260162601625994 0.014634146341463428
0 0.3496341463414634 0.291869918699187 0.013008130081300806 0.017073170731707332
0 0.605731707317073 0.31300813008130085 0.019512195121951237 0.0186991869918699
0 0.5565447154471543 0.28130081300813004 0.017073170731707332 0.01544715447154471
0 0.4646747967479674 0.2817073170731707 0.015447154471544766 0.016260162601625994
0 0.45207317073170716 0.283739837398374 0.014634146341463372 0.020325203252032575
0 0.5130487804878048 0.291869918699187 0.011382113821138296 0.017073170731707332
0 0.6667073170731707 0.2878048780487805 0.019512195121951237 0.02032520325203252
0 0.9508536585365852 0.29105691056910565 0.01707317073170722 0.018699186991869954
0 0.265530303030303 0.3021212121212121 0.018939393939393978 0.021212121212121238