0 0.8893417721518989 0.5972658227848101 0.03670886075949342 0.04556962025316458
0 0.8627594936708862 0.5978987341772152 0.029113924050632956 0.036708860759493644
0 0.9823291139240506 0.6270126582278481 0.0353417721518986 0.03417721518987338
0 0.6336455696202532 0.6649873417721519 0.026582278481012578 0.0265822784810128
0 0.6089620253164557 0.6675189873417722 0.025316455696202445 0.024050632911392422
0 0.0946829268292683 0.6758373983739837 0.021138211382113803 0.021138211382113914
0 0.08086178861788616 0.6725853658536585 0.019512195121951265 0.026016260162601612
0 0.26419512195121947 0.6920975609756097 0.015447154471544766 0.01788617886178867
0 0.2524065040650406 0.6904715447154472 0.016260162601625994 0.014634146341463539
0 0.2166341463414634 0.694130081300813 0.013008130081300806 0.017073170731707332
0 0.47273170731707304 0.6729918699186992 0.01951219512195118 0.0186991869918699
0 0.4235447154471544 0.70469918699187 0.017073170731707332 0.015447154471544766
0 0.33167479674796746 0.7042926829268292 0.015447154471544766 0.016260162601625994
0 0.31907317073170716 0.702260162601626 0.014634146341463372 0.020325203252032575
0 0.38004878048780477 0.694130081300813 0.011382113821138184 0.017073170731707332
0 0.5337073170731707 0.6981951219512195 0.019512195121951237 0.020325203252032575
0 0.8178536585365852 0.6949430894308943 0.01707317073170722 0.0186991869918699
0 0.9173787878787878 0.7050909090909091 0.017424242424242453 0.021212121212121238
0 0.13253030303030303 0.6838787878787879 0.018939393939393923 0.021212121212121238