0 0.21035443037974683 0.3280126582278481 0.02658227848101269 0.02658227848101269
0 0.23503797468354432 0.3254810126582278 0.025316455696202556 0.024050632911392367
0 0.7493170731707317 0.3171626016260163 0.021138211382113692 0.021138211382113803
0 0.7631382113821139 0.3204146341463415 0.019512195121951348 0.026016260162601668
0 0.5798048780487806 0.30090243902439023 0.015447154471544877 0.01788617886178867
0 0.5915934959349594 0.30252845528455286 0.016260162601625994 0.014634146341463428
0 0.6273658536585366 0.298869918699187 0.01300813008130075 0.017073170731707332
0 0.37126829268292694 0.32000813008130086 0.019512195121951237 0.0186991869918699
0 0.42045528455284564 0.28830081300813004 0.017073170731707332 0.01544715447154471
0 0.5123252032520326 0.2887073170731707 0.015447154471544655 0.016260162601625994
0 0.5249268292682928 0.290739837398374 0.014634146341463428 0.020325203252032575
0 0.46395121951219526 0.298869918699187 0.011382113821138184 0.017073170731707332
0 0.3102926829268293 0.29480487804878047 0.019512195121951237 0.020325203252032575
0 0.026146341463414713 0.29805691056910566 0.01707317073170722 0.018699186991869954
0 0.711469696969697 0.30912121212121213 0.018939393939394034 0.021212121212121238