0 0.8436455696202532 0.3450126582278481 0.026582278481012578 0.02658227848101269
0 0.8189620253164558 0.34248101265822783 0.025316455696202556 0.024050632911392367
0 0.3046829268292683 0.3341626016260163 0.021138211382113803 0.021138211382113803
0 0.29086178861788614 0.33741463414634154 0.019512195121951292 0.026016260162601668
0 0.47419512195121943 0.31790243902439025 0.015447154471544766 0.01788617886178867
0 0.46240650406504064 0.31952845528455287 0.016260162601625994 0.014634146341463483
0 0.42663414634146346 0.315869918699187 0.013008130081300806 0.017073170731707388
0 0.6827317073170731 0.3370081300813008 0.019512195121951237 0.0186991869918699
0 0.6335447154471544 0.30530081300813006 0.017073170731707332 0.01544715447154471
0 0.5416747967479674 0.3057073170731707 0.015447154471544766 0.016260162601625994
0 0.5290731707317072 0.30773983739837396 0.014634146341463428 0.02032520325203252
0 0.5900487804878047 0.315869918699187 0.011382113821138184 0.017073170731707388
0 0.7437073170731707 0.3118048780487805 0.019512195121951126 0.020325203252032575
0 0.342530303030303 0.32612121212121215 0.018939393939393923 0.021212121212121238