0 0.9854303797468354 0.5182784810126582 0.0291392405063291 0.06835443037974687
0 0.950607594936709 0.5189113924050633 0.05822784810126569 0.06202531645569631
0 0.7044050632911393 0.47207594936708863 0.04936708860759498 0.05189873417721519
0 0.6601012658227849 0.4733417721518987 0.044303797468354555 0.051898734177215244
0 0.41389873417721523 0.4891645569620253 0.06582278481012654 0.07594936708860761
0 0.3601012658227849 0.4942278481012658 0.054430379746835345 0.06329113924050633
0 0.5892151898734179 0.3973924050632911 0.04936708860759509 0.05949367088607588
0 0.7537721518987343 0.41258227848101264 0.03164556962025311 0.04683544303797471
0 0.720860759493671 0.415746835443038 0.03924050632911369 0.05569620253164553
0 0.8695949367088609 0.376506329113924 0.03797468354430389 0.030379746835443033
0 0.8145316455696204 0.40182278481012657 0.03924050632911391 0.04810126582278479
0 0.2911139240506329 0.45372151898734175 0.048101265822784844 0.05569620253164553