0 0.16754430379746815 0.46344303797468356 0.05316455696202527 0.0658227848101266
0 0.34412658227848086 0.5102784810126582 0.06202531645569642 0.06835443037974687
0 0.395392405063291 0.5109113924050633 0.05822784810126569 0.06202531645569631
0 0.6415949367088607 0.4640759493670886 0.04936708860759498 0.05189873417721519
0 0.685898734177215 0.4653417721518987 0.044303797468354444 0.051898734177215244
0 0.9321012658227847 0.4811645569620253 0.0658227848101266 0.07594936708860756
0 0.9793417721518987 0.4862278481012658 0.04131645569620257 0.06329113924050633
0 0.7567848101265822 0.38939240506329115 0.04936708860759509 0.05949367088607593
0 0.5922278481012657 0.40458227848101264 0.03164556962025322 0.04683544303797471
0 0.625139240506329 0.40774683544303797 0.03924050632911369 0.05569620253164553
0 0.4764050632911392 0.368506329113924 0.03797468354430378 0.030379746835443033
0 0.5314683544303795 0.39382278481012656 0.03924050632911402 0.04810126582278479