0 0.0015696202531645387 0.5247215189873418 0.0031392405063290774 0.06835443037974676
0 0.026253164556961917 0.5240886075949366 0.05250632911392383 0.06202531645569631
0 0.2695949367088607 0.5709240506329114 0.04936708860759498 0.05189873417721513
0 0.31389873417721503 0.5696582278481013 0.044303797468354666 0.05189873417721513
0 0.5601012658227849 0.5538354430379747 0.0658227848101266 0.07594936708860756
0 0.6138987341772151 0.5487721518987342 0.0544303797468354 0.06329113924050644
0 0.38478481012658217 0.6456075949367088 0.04936708860759498 0.05949367088607582
0 0.22022784810126572 0.6304177215189873 0.03164556962025311 0.04683544303797471
0 0.25313924050632897 0.627253164556962 0.03924050632911369 0.055696202531645644
0 0.10440506329113919 0.6664936708860759 0.03797468354430378 0.030379746835442978
0 0.15946835443037954 0.6411772151898734 0.03924050632911391 0.04810126582278473
0 0.682886075949367 0.5892784810126582 0.048101265822784844 0.055696202531645644