0 0.8204556962025318 0.5445569620253164 0.05316455696202527 0.06582278481012671
0 0.6438734177215191 0.4977215189873418 0.06202531645569642 0.06835443037974687
0 0.592607594936709 0.49708860759493667 0.05822784810126569 0.06202531645569631
0 0.3464050632911393 0.5439240506329114 0.04936708860759498 0.051898734177215244
0 0.30210126582278496 0.5426582278481012 0.044303797468354555 0.051898734177215244
0 0.0558987341772152 0.5268354430379747 0.06582278481012656 0.07594936708860756
0 0.014658227848101262 0.5217721518987342 0.029316455696202524 0.06329113924050633
0 0.23121518987341783 0.6186075949367089 0.04936708860759506 0.05949367088607593
0 0.39577215189873427 0.6034177215189873 0.03164556962025311 0.0468354430379746
0 0.362860759493671 0.600253164556962 0.03924050632911369 0.05569620253164553
0 0.5115949367088608 0.639493670886076 0.03797468354430378 0.030379746835442978
0 0.45653164556962045 0.6141772151898734 0.03924050632911397 0.04810126582278473