0 0.8884556962025318 0.4174430379746836 0.053164556962025156 0.0658227848101266
0 0.7118734177215191 0.46427848101265823 0.06202531645569642 0.06835443037974681
0 0.660607594936709 0.46491139240506335 0.05822784810126558 0.06202531645569631
0 0.4144050632911393 0.4180759493670886 0.04936708860759498 0.05189873417721519
0 0.37010126582278496 0.4193417721518987 0.044303797468354555 0.05189873417721519
0 0.12389873417721521 0.4351645569620253 0.06582278481012657 0.07594936708860761
0 0.07010126582278485 0.4402278481012658 0.05443037974683534 0.06329113924050633
0 0.29921518987341783 0.34339240506329116 0.04936708860759509 0.05949367088607588
0 0.4637721518987342 0.35858227848101265 0.03164556962025317 0.04683544303797471
0 0.43086075949367103 0.361746835443038 0.03924050632911369 0.05569620253164553
0 0.5795949367088609 0.3225063291139241 0.03797468354430389 0.030379746835443033
0 0.5245316455696204 0.34782278481012663 0.03924050632911391 0.04810126582278479
0 0.01258227848101268 0.39972151898734176 0.02516455696202536 0.05569620253164553