0 0.15754430379746814 0.40344303797468356 0.05316455696202527 0.0658227848101266
0 0.3341265822784809 0.4502784810126582 0.06202531645569631 0.06835443037974681
0 0.385392405063291 0.4509113924050634 0.05822784810126569 0.06202531645569637
0 0.6315949367088607 0.40407594936708857 0.04936708860759498 0.05189873417721519
0 0.675898734177215 0.4053417721518987 0.044303797468354444 0.051898734177215244
0 0.9221012658227847 0.4211645569620253 0.0658227848101266 0.07594936708860756
0 0.9743417721518988 0.4262278481012658 0.05131645569620247 0.06329113924050639
0 0.7467848101265822 0.32939240506329115 0.0493670886075952 0.05949367088607588
0 0.5822278481012658 0.34458227848101264 0.03164556962025311 0.04683544303797471
0 0.615139240506329 0.34774683544303797 0.03924050632911369 0.05569620253164553
0 0.4664050632911392 0.30850632911392406 0.03797468354430378 0.030379746835443033
0 0.5214683544303796 0.3338227848101266 0.03924050632911391 0.04810126582278479