0 0.8804556962025318 0.5895569620253165 0.053164556962025156 0.0658227848101266
0 0.7038734177215191 0.5427215189873418 0.06202531645569642 0.06835443037974676
0 0.652607594936709 0.5420886075949366 0.05822784810126558 0.06202531645569631
0 0.4064050632911393 0.5889240506329114 0.04936708860759498 0.05189873417721513
0 0.36210126582278496 0.5876582278481013 0.044303797468354555 0.051898734177215244
0 0.1158987341772152 0.5718354430379746 0.06582278481012657 0.07594936708860767
0 0.06210126582278486 0.5667721518987342 0.054430379746835345 0.06329113924050644
0 0.2912151898734179 0.6636075949367088 0.04936708860759503 0.05949367088607582
0 0.45577215189873427 0.6484177215189874 0.03164556962025311 0.04683544303797471
0 0.422860759493671 0.645253164556962 0.03924050632911369 0.055696202531645644
0 0.5715949367088609 0.6844936708860759 0.03797468354430389 0.030379746835442978
0 0.5165316455696204 0.6591772151898734 0.03924050632911391 0.04810126582278473
0 0.00858227848101268 0.6072784810126582 0.01716455696202536 0.055696202531645644