0 0.9104556962025319 0.46144303797468356 0.05316455696202527 0.0658227848101266
0 0.7338734177215192 0.5082784810126582 0.06202531645569642 0.06835443037974687
0 0.682607594936709 0.5089113924050633 0.05822784810126558 0.06202531645569631
0 0.43640506329113926 0.4620759493670886 0.04936708860759492 0.05189873417721519
0 0.392101265822785 0.46334177215189876 0.044303797468354555 0.05189873417721519
0 0.14589873417721522 0.4791645569620253 0.06582278481012657 0.07594936708860756
0 0.09210126582278486 0.4842278481012658 0.054430379746835345 0.06329113924050633
0 0.32121518987341785 0.38739240506329115 0.04936708860759509 0.05949367088607593
0 0.48577215189873424 0.40258227848101263 0.03164556962025311 0.04683544303797471
0 0.452860759493671 0.40574683544303797 0.039240506329113745 0.05569620253164553
0 0.6015949367088609 0.366506329113924 0.03797468354430389 0.030379746835443033
0 0.5465316455696204 0.39182278481012656 0.03924050632911391 0.04810126582278479
0 0.02358227848101268 0.4437215189873418 0.04716455696202536 0.05569620253164559