0 0.033544303797468145 0.4174430379746836 0.05316455696202527 0.0658227848101266
0 0.2101265822784809 0.46427848101265823 0.06202531645569631 0.06835443037974681
0 0.261392405063291 0.46491139240506335 0.05822784810126569 0.06202531645569631
0 0.5075949367088607 0.4180759493670886 0.04936708860759498 0.05189873417721519
0 0.551898734177215 0.4193417721518987 0.044303797468354666 0.05189873417721519
0 0.7981012658227848 0.4351645569620253 0.0658227848101266 0.07594936708860761
0 0.8518987341772151 0.4402278481012658 0.0544303797468354 0.06329113924050633
0 0.6227848101265822 0.34339240506329116 0.04936708860759498 0.05949367088607588
0 0.4582278481012657 0.35858227848101265 0.03164556962025311 0.04683544303797471
0 0.491139240506329 0.361746835443038 0.0392405063291138 0.05569620253164553
0 0.3424050632911392 0.3225063291139241 0.03797468354430378 0.030379746835443033
0 0.3974683544303796 0.34782278481012663 0.03924050632911402 0.04810126582278479
0 0.9208860759493671 0.39972151898734176 0.048101265822784844 0.05569620253164553