0 0.8954556962025318 0.43544303797468353 0.053164556962025156 0.06582278481012666
0 0.718873417721519 0.48227848101265824 0.06202531645569642 0.06835443037974681
0 0.6676075949367091 0.4829113924050634 0.05822784810126558 0.06202531645569637
0 0.4214050632911393 0.4360759493670886 0.04936708860759498 0.05189873417721519
0 0.37710126582278497 0.43734177215189873 0.044303797468354555 0.05189873417721519
0 0.1308987341772152 0.4531645569620253 0.06582278481012656 0.07594936708860756
0 0.07710126582278486 0.4582278481012658 0.054430379746835345 0.06329113924050639
0 0.30621518987341784 0.3613924050632912 0.04936708860759509 0.05949367088607588
0 0.4707721518987342 0.37658227848101267 0.03164556962025317 0.04683544303797471
0 0.43786075949367104 0.379746835443038 0.03924050632911369 0.05569620253164559
0 0.5865949367088608 0.3405063291139241 0.03797468354430389 0.030379746835443033
0 0.5315316455696204 0.3658227848101266 0.03924050632911391 0.048101265822784844
0 0.01608227848101268 0.4177215189873418 0.03216455696202536 0.05569620253164553