0 0.19354430379746818 0.5355569620253164 0.05316455696202527 0.06582278481012649
0 0.3701265822784809 0.4887215189873418 0.06202531645569642 0.06835443037974687
0 0.421392405063291 0.48808860759493666 0.05822784810126569 0.06202531645569631
0 0.6675949367088607 0.5349240506329114 0.04936708860759487 0.05189873417721513
0 0.711898734177215 0.5336582278481014 0.044303797468354444 0.051898734177215244
0 0.9581012658227848 0.5178354430379747 0.0658227848101266 0.07594936708860756
0 0.9923417721518988 0.5127721518987343 0.015316455696202547 0.06329113924050633
0 0.7827848101265822 0.6096075949367088 0.04936708860759509 0.05949367088607593
0 0.6182278481012657 0.5944177215189873 0.03164556962025311 0.04683544303797471
0 0.651139240506329 0.5912531645569621 0.03924050632911369 0.05569620253164553
0 0.5024050632911392 0.630493670886076 0.03797468354430389 0.03037974683544309
0 0.5574683544303796 0.6051772151898734 0.03924050632911391 0.048101265822784844