0 0.07254430379746818 0.5305569620253164 0.05316455696202527 0.06582278481012671
0 0.2491265822784809 0.4837215189873418 0.06202531645569642 0.06835443037974687
0 0.300392405063291 0.48308860759493666 0.05822784810126569 0.06202531645569631
0 0.5465949367088607 0.5299240506329114 0.04936708860759487 0.051898734177215244
0 0.5908987341772151 0.5286582278481012 0.044303797468354444 0.051898734177215244
0 0.8371012658227848 0.5128354430379747 0.06582278481012649 0.07594936708860756
0 0.8908987341772152 0.5077721518987341 0.0544303797468354 0.06329113924050633
0 0.6617848101265822 0.6046075949367089 0.04936708860759509 0.05949367088607582
0 0.49722784810126575 0.5894177215189874 0.03164556962025311 0.04683544303797471
0 0.530139240506329 0.586253164556962 0.03924050632911369 0.05569620253164553
0 0.38140506329113916 0.625493670886076 0.03797468354430389 0.030379746835442978
0 0.43646835443037957 0.6001772151898734 0.03924050632911391 0.04810126582278473
0 0.959886075949367 0.5482784810126582 0.048101265822784844 0.05569620253164553