0 0.8988734177215192 0.4827215189873418 0.06202531645569642 0.06835443037974687
0 0.847607594936709 0.48208860759493666 0.05822784810126569 0.06202531645569631
0 0.6014050632911393 0.5289240506329114 0.04936708860759498 0.05189873417721513
0 0.557101265822785 0.5276582278481013 0.044303797468354555 0.051898734177215244
0 0.3108987341772152 0.5118354430379747 0.0658227848101266 0.07594936708860756
0 0.25710126582278486 0.5067721518987343 0.05443037974683532 0.06329113924050633
0 0.48621518987341783 0.6036075949367088 0.04936708860759503 0.05949367088607593
0 0.6507721518987343 0.5884177215189873 0.03164556962025311 0.04683544303797471
0 0.617860759493671 0.5852531645569621 0.03924050632911369 0.05569620253164553
0 0.7665949367088608 0.624493670886076 0.03797468354430378 0.03037974683544309
0 0.7115316455696205 0.5991772151898734 0.03924050632911391 0.048101265822784844
0 0.18811392405063293 0.5472784810126583 0.048101265822784844 0.05569620253164553