0 0.0564556962025316 0.36878481012658226 0.1129113924050632 0.12278481012658227
0 0.21481012658227838 0.4232151898734178 0.09746835443037982 0.08481012658227849
0 0.3939240506329113 0.11941772151898739 0.14177215189873416 0.13797468354430376
0 0.9116455696202531 0.27827848101265823 0.1240506329113924 0.13417721518987336
0 0.9836708860759493 0.29283544303797476 0.03265822784810135 0.11772151898734184
0 0.7173417721518986 0.5213164556962026 0.0772151898734178 0.07088607594936702
0 0.642025316455696 0.5200506329113924 0.06582278481012671 0.06582278481012671
0 0.9684810126582278 0.5637215189873418 0.06303797468354433 0.06708860759493684
0 0.3869620253164557 0.6535949367088608 0.05189873417721513 0.03924050632911391
0 0.39582278481012645 0.5244810126582279 0.05696202531645578 0.04683544303797471
0 0.9211392405063291 0.6542278481012658 0.05696202531645578 0.04556962025316447