0 0.033772151898734115 0.40121518987341775 0.06754430379746823 0.08481012658227849
0 0.1979240506329113 0.09741772151898742 0.14177215189873404 0.13797468354430387
0 0.715645569620253 0.25627848101265827 0.1240506329113924 0.13417721518987347
0 0.8358987341772152 0.27083544303797474 0.12911392405063293 0.11772151898734184
0 0.5213417721518986 0.49931645569620253 0.07721518987341791 0.07088607594936702
0 0.44602531645569604 0.4980506329113924 0.0658227848101266 0.06582278481012671
0 0.7732405063291139 0.5417215189873418 0.06455696202531636 0.06708860759493684
0 0.8618481012658227 0.5341265822784811 0.05696202531645578 0.06455696202531636
0 0.19096202531645562 0.6315949367088608 0.05189873417721513 0.03924050632911391
0 0.1998227848101265 0.5024810126582279 0.05696202531645578 0.04683544303797471
0 0.725139240506329 0.6322278481012659 0.05696202531645567 0.04556962025316458