0 0.9090759493670888 0.9095822784810126 0.14177215189873416 0.13797468354430387
0 0.39135443037974693 0.7507215189873417 0.1240506329113924 0.13417721518987347
0 0.2711012658227849 0.7361645569620252 0.12911392405063296 0.11772151898734184
0 0.5856582278481015 0.5076835443037975 0.0772151898734178 0.07088607594936702
0 0.660974683544304 0.5089493670886076 0.0658227848101266 0.06582278481012666
0 0.33375949367088614 0.46527848101265823 0.06455696202531647 0.06708860759493668
0 0.24515189873417725 0.472873417721519 0.05696202531645575 0.06455696202531647
0 0.026689873417721572 0.47730379746835444 0.053379746835443144 0.06329113924050633
0 0.9160379746835443 0.3754050632911392 0.05189873417721513 0.03924050632911397
0 0.9071772151898736 0.5045189873417721 0.05696202531645578 0.04683544303797471
0 0.38186075949367093 0.3747721518987342 0.05696202531645578 0.04556962025316458