0 0.9978354430379748 0.565995801478882 0.004329113924050443 0.10619413460333371
0 0.931746835443038 0.5882151898734178 0.12531645569620264 0.12278481012658238
0 0.7671898734177216 0.5337848101265823 0.09746835443037982 0.08481012658227849
0 0.5880759493670886 0.8375822784810126 0.14177215189873416 0.13797468354430387
0 0.07035443037974694 0.6787215189873418 0.12405063291139243 0.13417721518987347
0 0.00732911392405066 0.6641645569620253 0.01465822784810132 0.11772151898734173
0 0.26465822784810145 0.4356835443037975 0.0772151898734178 0.07088607594936708
0 0.33997468354430394 0.4369493670886076 0.06582278481012666 0.0658227848101266
0 0.022518987341772174 0.3932784810126582 0.04503797468354435 0.06708860759493673
0 0.5950379746835444 0.30340506329113925 0.05189873417721513 0.03924050632911391
0 0.5861772151898735 0.43251898734177213 0.05696202531645578 0.04683544303797471
0 0.06086075949367091 0.3027721518987342 0.05696202531645577 0.04556962025316458