0 0.7423544303797469 0.6967215189873418 0.1240506329113924 0.13417721518987347
0 0.6221012658227848 0.6821645569620252 0.12911392405063293 0.11772151898734184
0 0.29551898734177223 0.5695063291139241 0.08607594936708851 0.09746835443037982
0 0.21324050632911407 0.5612784810126582 0.08101265822784809 0.08101265822784809
0 0.9366582278481015 0.4536835443037974 0.0772151898734178 0.07088607594936708
0 0.9895316455696204 0.4549493670886076 0.02093670886075938 0.0658227848101266
0 0.6847594936708861 0.4112784810126582 0.06455696202531647 0.06708860759493668
0 0.5961518987341773 0.418873417721519 0.05696202531645578 0.06455696202531641
0 0.37336708860759504 0.42330379746835445 0.062025316455696256 0.06329113924050628
0 0.30944303797468364 0.41381012658227845 0.06329113924050622 0.05189873417721519
0 0.7328607594936709 0.3207721518987342 0.05696202531645578 0.04556962025316458