0 0.017455696202531623 0.6672151898734178 0.034911392405063246 0.12278481012658238
0 0.13681012658227837 0.6127848101265823 0.09746835443037971 0.08481012658227849
0 0.31592405063291135 0.9165822784810126 0.14177215189873416 0.13797468354430387
0 0.833645569620253 0.7577215189873417 0.1240506329113924 0.13417721518987347
0 0.9446708860759494 0.7431645569620253 0.11065822784810131 0.11772151898734184
0 0.6393417721518986 0.5146835443037975 0.07721518987341769 0.07088607594936702
0 0.564025316455696 0.5159493670886076 0.06582278481012671 0.06582278481012654
0 0.8912405063291139 0.47227848101265824 0.06455696202531658 0.06708860759493668
0 0.9756835443037974 0.479873417721519 0.04863291139240511 0.06455696202531647
0 0.3089620253164556 0.3824050632911392 0.05189873417721513 0.03924050632911397
0 0.3178227848101265 0.5115189873417721 0.05696202531645578 0.04683544303797471
0 0.843139240506329 0.3817721518987342 0.05696202531645578 0.04556962025316458