0 0.008955696202531616 0.6122151898734177 0.01791139240506323 0.12278481012658227
0 0.11981012658227841 0.5577848101265823 0.09746835443037982 0.08481012658227849
0 0.29892405063291133 0.8615822784810127 0.14177215189873416 0.13797468354430387
0 0.816645569620253 0.7027215189873417 0.12405063291139251 0.13417721518987336
0 0.9361708860759493 0.6881645569620252 0.12765822784810132 0.11772151898734184
0 0.6223417721518986 0.45968354430379743 0.07721518987341791 0.07088607594936708
0 0.5470253164556961 0.46094936708860756 0.06582278481012671 0.06582278481012666
0 0.8742405063291139 0.4172784810126582 0.06455696202531647 0.06708860759493673
0 0.9628481012658228 0.424873417721519 0.05696202531645578 0.06455696202531641
0 0.29196202531645565 0.3274050632911393 0.051898734177215244 0.03924050632911397
0 0.3008227848101265 0.45651898734177215 0.05696202531645578 0.04683544303797471
0 0.8261392405063291 0.3267721518987342 0.05696202531645578 0.04556962025316452