0 0.9530949367088608 0.13441772151898734 0.09381012658227839 0.13797468354430387
0 0.459354430379747 0.29327848101265824 0.12405063291139246 0.13417721518987336
0 0.3391012658227849 0.3078354430379748 0.12911392405063288 0.11772151898734184
0 0.027778481012658233 0.4204936708860759 0.055556962025316466 0.09746835443037982
0 0.6536582278481013 0.5363164556962026 0.0772151898734178 0.07088607594936702
0 0.728974683544304 0.5350506329113924 0.06582278481012671 0.0658227848101266
0 0.4017594936708861 0.5787215189873418 0.06455696202531647 0.06708860759493662
0 0.31315189873417726 0.571126582278481 0.05696202531645578 0.06455696202531636
0 0.09036708860759501 0.5666962025316455 0.06202531645569627 0.06329113924050633
0 0.029044303797468387 0.5761898734177215 0.058088607594936774 0.051898734177215244
0 0.9790443037974683 0.6685949367088607 0.04191139240506325 0.03924050632911391
0 0.9733481012658228 0.5394810126582278 0.05330379746835434 0.04683544303797471
0 0.4498607594936709 0.6692278481012658 0.05696202531645572 0.04556962025316458