0 0.9777278481012659 0.4372151898734177 0.04454430379746832 0.08481012658227849
0 0.8250759493670887 0.13341772151898734 0.14177215189873416 0.13797468354430387
0 0.30735443037974697 0.29227848101265824 0.12405063291139246 0.13417721518987336
0 0.18710126582278486 0.3068354430379748 0.12911392405063293 0.11772151898734184
0 0.5016582278481014 0.5353164556962025 0.07721518987341774 0.07088607594936713
0 0.5769746835443039 0.5340506329113924 0.06582278481012671 0.06582278481012671
0 0.24975949367088612 0.5777215189873418 0.06455696202531647 0.06708860759493684
0 0.1611518987341773 0.5701265822784811 0.05696202531645575 0.06455696202531647
0 0.8320379746835443 0.6675949367088607 0.051898734177215244 0.03924050632911402
0 0.8231772151898735 0.5384810126582279 0.05696202531645578 0.04683544303797471
0 0.2978607594936709 0.6682278481012658 0.05696202531645578 0.04556962025316447