0 0.9430443037974684 0.3907848101265823 0.1139113924050632 0.12278481012658227
0 0.7841898734177216 0.4452151898734177 0.09746835443037982 0.08481012658227849
0 0.6050759493670888 0.14141772151898735 0.14177215189873416 0.13797468354430387
0 0.08735443037974693 0.3002784810126582 0.12405063291139243 0.13417721518987347
0 0.01582911392405066 0.3148354430379748 0.03165822784810132 0.11772151898734184
0 0.2816582278481014 0.5433164556962025 0.07721518987341777 0.07088607594936713
0 0.35697468354430395 0.5420506329113923 0.06582278481012671 0.0658227848101266
0 0.031018987341772174 0.5857215189873417 0.06203797468354435 0.06708860759493673
0 0.6120379746835443 0.6755949367088607 0.05189873417721513 0.03924050632911402
0 0.6031772151898736 0.5464810126582279 0.05696202531645578 0.04683544303797471
0 0.07786075949367091 0.6762278481012658 0.05696202531645577 0.04556962025316447