0 0.9687278481012659 0.41721518987341777 0.06254430379746823 0.08481012658227849
0 0.8070759493670887 0.11341772151898738 0.14177215189873416 0.13797468354430376
0 0.28935443037974695 0.2722784810126582 0.12405063291139243 0.13417721518987336
0 0.16910126582278484 0.28683544303797476 0.12911392405063293 0.11772151898734184
0 0.4836582278481014 0.5153164556962025 0.07721518987341786 0.07088607594936702
0 0.5589746835443039 0.5140506329113924 0.0658227848101266 0.06582278481012671
0 0.2317594936708861 0.5577215189873418 0.06455696202531647 0.06708860759493684
0 0.14315189873417727 0.5501265822784811 0.056962025316455764 0.06455696202531647
0 0.8140379746835444 0.6475949367088608 0.05189873417721513 0.03924050632911391
0 0.8051772151898735 0.5184810126582279 0.05696202531645578 0.04683544303797471
0 0.2798607594936709 0.6482278481012658 0.05696202531645578 0.04556962025316447