0 0.9170759493670887 0.10541772151898737 0.14177215189873404 0.13797468354430376
0 0.39935443037974694 0.2642784810126583 0.1240506329113924 0.13417721518987347
0 0.2791012658227848 0.27883544303797475 0.1291139240506329 0.11772151898734184
0 0.5936582278481015 0.5073164556962025 0.0772151898734178 0.07088607594936702
0 0.668974683544304 0.5060506329113924 0.0658227848101266 0.06582278481012671
0 0.3417594936708861 0.5497215189873418 0.06455696202531647 0.06708860759493684
0 0.25315189873417726 0.5421265822784811 0.05696202531645575 0.06455696202531647
0 0.030689873417721572 0.5376962025316456 0.061379746835443144 0.06329113924050633
0 0.9240379746835443 0.6395949367088608 0.05189873417721513 0.03924050632911391
0 0.9151772151898736 0.5104810126582279 0.05696202531645567 0.04683544303797471
0 0.38986075949367094 0.6402278481012658 0.05696202531645572 0.04556962025316447