0 0.9485443037974683 0.6372151898734177 0.1029113924050632 0.12278481012658227
0 0.7951898734177216 0.5827848101265822 0.09746835443037982 0.08481012658227849
0 0.6160759493670886 0.8865822784810127 0.14177215189873416 0.13797468354430376
0 0.09835443037974693 0.7277215189873418 0.12405063291139243 0.13417721518987336
0 0.02132911392405066 0.7131645569620253 0.04265822784810132 0.11772151898734184
0 0.2926582278481014 0.48468354430379745 0.0772151898734178 0.07088607594936702
0 0.36797468354430396 0.4859493670886076 0.06582278481012671 0.06582278481012666
0 0.04075949367088612 0.4422784810126582 0.06455696202531647 0.06708860759493673
0 0.6230379746835444 0.35240506329113924 0.05189873417721513 0.03924050632911391
0 0.6141772151898736 0.4815189873417721 0.05696202531645578 0.046835443037974656
0 0.08886075949367092 0.35177215189873423 0.056962025316455764 0.04556962025316452