0 0.9550443037974684 0.3927848101265823 0.08991139240506318 0.12278481012658227
0 0.8081898734177216 0.4472151898734177 0.09746835443037982 0.08481012658227849
0 0.6290759493670888 0.14341772151898735 0.14177215189873416 0.13797468354430387
0 0.11135443037974693 0.3022784810126582 0.12405063291139241 0.13417721518987347
0 0.027829113924050658 0.3168354430379748 0.055658227848101316 0.11772151898734184
0 0.3056582278481014 0.5453164556962025 0.0772151898734178 0.07088607594936713
0 0.38097468354430397 0.5440506329113923 0.06582278481012666 0.0658227848101266
0 0.053759493670886116 0.5877215189873417 0.06455696202531647 0.06708860759493673
0 0.6360379746835443 0.6775949367088607 0.05189873417721513 0.03924050632911402
0 0.6271772151898736 0.5484810126582279 0.05696202531645578 0.04683544303797471
0 0.1018607594936709 0.6782278481012658 0.056962025316455764 0.04556962025316458