0 0.9565443037974684 0.6412151898734177 0.08691139240506318 0.12278481012658227
0 0.8111898734177216 0.5867848101265822 0.09746835443037982 0.08481012658227849
0 0.6320759493670887 0.8905822784810127 0.14177215189873416 0.13797468354430376
0 0.11435443037974692 0.7317215189873418 0.12405063291139243 0.13417721518987336
0 0.02932911392405066 0.7171645569620253 0.05865822784810132 0.11772151898734184
0 0.30865822784810143 0.48868354430379746 0.0772151898734178 0.07088607594936702
0 0.383974683544304 0.4899493670886076 0.06582278481012666 0.06582278481012666
0 0.05675949367088612 0.4462784810126582 0.06455696202531647 0.06708860759493673
0 0.6390379746835444 0.35640506329113925 0.05189873417721513 0.03924050632911391
0 0.6301772151898736 0.4855189873417721 0.05696202531645578 0.046835443037974656
0 0.10486075949367091 0.35577215189873423 0.056962025316455764 0.04556962025316452