0 0.9903354430379747 0.572995801478882 0.019329113924050456 0.10619413460333371
0 0.9167468354430381 0.5952151898734177 0.12531645569620264 0.12278481012658227
0 0.7521898734177216 0.5407848101265823 0.09746835443037982 0.08481012658227854
0 0.5730759493670887 0.8445822784810126 0.14177215189873416 0.13797468354430387
0 0.05868987341772157 0.6857215189873418 0.11737974683544314 0.13417721518987347
0 0.24965822784810143 0.44268354430379747 0.0772151898734178 0.07088607594936702
0 0.3249746835443039 0.4439493670886076 0.06582278481012666 0.0658227848101266
0 0.015018987341772174 0.40027848101265817 0.030037974683544348 0.06708860759493668
0 0.5800379746835443 0.31040506329113926 0.051898734177215244 0.03924050632911397
0 0.5711772151898735 0.43951898734177214 0.05696202531645578 0.04683544303797471
0 0.04586075949367091 0.3097721518987342 0.05696202531645577 0.04556962025316458