0 0.707354430379747 0.2992784810126582 0.12405063291139251 0.13417721518987347
0 0.5871012658227849 0.3138354430379748 0.12911392405063293 0.11772151898734184
0 0.26051898734177226 0.4264936708860759 0.08607594936708846 0.09746835443037982
0 0.17824050632911406 0.4347215189873418 0.08101265822784809 0.08101265822784809
0 0.9016582278481013 0.5423164556962026 0.0772151898734178 0.07088607594936702
0 0.9720316455696203 0.5410506329113924 0.05593670886075941 0.0658227848101266
0 0.6497594936708861 0.5847215189873418 0.06455696202531647 0.06708860759493662
0 0.5611518987341773 0.577126582278481 0.05696202531645578 0.06455696202531636
0 0.338367088607595 0.5726962025316455 0.06202531645569631 0.06329113924050622
0 0.27444303797468367 0.5821898734177215 0.06329113924050625 0.051898734177215244
0 0.6978607594936709 0.6752278481012658 0.05696202531645578 0.04556962025316458