0 0.9597278481012659 0.6067848101265823 0.08054430379746824 0.08481012658227849
0 0.7890759493670887 0.9105822784810126 0.14177215189873404 0.13797468354430387
0 0.27135443037974694 0.7517215189873417 0.12405063291139243 0.13417721518987347
0 0.15110126582278485 0.7371645569620253 0.12911392405063293 0.11772151898734184
0 0.46565822784810146 0.5086835443037975 0.0772151898734178 0.07088607594936702
0 0.5409746835443039 0.5099493670886076 0.0658227848101266 0.06582278481012666
0 0.21375949367088612 0.46627848101265823 0.06455696202531647 0.06708860759493668
0 0.12515189873417729 0.473873417721519 0.05696202531645578 0.06455696202531647
0 0.7960379746835444 0.3764050632911392 0.05189873417721513 0.03924050632911397
0 0.7871772151898735 0.5055189873417721 0.05696202531645567 0.04683544303797471
0 0.2618607594936709 0.3757721518987342 0.05696202531645575 0.04556962025316458