0 0.9131898734177216 0.4672151898734177 0.09746835443037982 0.08481012658227849
0 0.7340759493670888 0.16341772151898737 0.14177215189873416 0.13797468354430387
0 0.21635443037974694 0.3222784810126582 0.12405063291139243 0.13417721518987347
0 0.09610126582278486 0.33683544303797475 0.12911392405063293 0.11772151898734173
0 0.41065822784810146 0.5653164556962025 0.07721518987341774 0.07088607594936702
0 0.48597468354430395 0.5640506329113923 0.06582278481012671 0.0658227848101266
0 0.15875949367088613 0.6077215189873417 0.06455696202531647 0.06708860759493673
0 0.07015189873417728 0.6001265822784811 0.05696202531645577 0.06455696202531647
0 0.7410379746835443 0.6975949367088607 0.05189873417721513 0.03924050632911391
0 0.7321772151898736 0.5684810126582279 0.05696202531645578 0.04683544303797471
0 0.20686075949367091 0.6982278481012658 0.05696202531645578 0.04556962025316458