0 0.050905063291139196 0.11741772151898738 0.10181012658227839 0.13797468354430376
0 0.548645569620253 0.27627848101265823 0.12405063291139251 0.13417721518987336
0 0.6688987341772151 0.29083544303797476 0.12911392405063293 0.11772151898734184
0 0.9762215189873418 0.40349367088607596 0.04755696202531645 0.09746835443037971
0 0.3543417721518986 0.5193164556962026 0.0772151898734178 0.07088607594936702
0 0.27902531645569606 0.5180506329113924 0.06582278481012671 0.06582278481012671
0 0.6062405063291139 0.5617215189873418 0.06455696202531636 0.06708860759493684
0 0.6948481012658227 0.5541265822784811 0.05696202531645567 0.06455696202531647
0 0.917632911392405 0.5496962025316456 0.06202531645569631 0.06329113924050633
0 0.9749556962025316 0.5591898734177215 0.05008860759493672 0.051898734177215244
0 0.02495569620253163 0.6515949367088608 0.04991139240506326 0.03924050632911391
0 0.03282278481012646 0.5224810126582279 0.05696202531645578 0.04683544303797471
0 0.5581392405063291 0.6522278481012658 0.05696202531645578 0.04556962025316447