0 0.23864556962025307 0.6857215189873418 0.1240506329113924 0.13417721518987347
0 0.3588987341772152 0.6711645569620253 0.12911392405063293 0.11772151898734184
0 0.6854810126582278 0.5585063291139241 0.08607594936708851 0.09746835443037982
0 0.767759493670886 0.5502784810126582 0.08101265822784798 0.08101265822784809
0 0.04434177215189855 0.44268354430379747 0.0772151898734178 0.07088607594936702
0 0.0009683544303796809 0.4439493670886076 0.0019367088607593619 0.0658227848101266
0 0.29624050632911386 0.40027848101265817 0.06455696202531647 0.06708860759493668
0 0.3848481012658227 0.40787341772151897 0.05696202531645578 0.06455696202531641
0 0.6076329113924049 0.41230379746835444 0.06202531645569631 0.06329113924050628
0 0.6715569620253163 0.40281012658227844 0.06329113924050622 0.05189873417721519
0 0.24813924050632907 0.3097721518987342 0.05696202531645578 0.04556962025316458