0 0.018905063291139168 0.14241772151898735 0.037810126582278336 0.13797468354430387
0 0.48464556962025307 0.3012784810126582 0.1240506329113924 0.13417721518987347
0 0.6048987341772151 0.3158354430379748 0.12911392405063293 0.11772151898734184
0 0.9314810126582278 0.42849367088607593 0.08607594936708851 0.09746835443037982
0 0.986626582278481 0.4367215189873418 0.02674683544303813 0.08101265822784809
0 0.29034177215189855 0.5443164556962026 0.0772151898734178 0.07088607594936702
0 0.21502531645569606 0.5430506329113924 0.0658227848101266 0.0658227848101266
0 0.5422405063291138 0.5867215189873418 0.06455696202531647 0.06708860759493662
0 0.6308481012658227 0.579126582278481 0.05696202531645567 0.06455696202531636
0 0.853632911392405 0.5746962025316456 0.0620253164556962 0.06329113924050622
0 0.9175569620253163 0.5841898734177216 0.06329113924050622 0.051898734177215244
0 0.49413924050632907 0.6772278481012658 0.05696202531645578 0.04556962025316458