0 0.41083544303797487 0.3973544303797468 0.05189873417721513 0.06455696202531658
0 0.3640000000000001 0.40368354430379744 0.05189873417721513 0.069620253164557
0 0.0013037974683544461 0.4378607594936709 0.0026075949367088923 0.04177215189873407
0 0.45070886075949385 0.5321645569620254 0.027848101265822822 0.02784810126582271
0 0.42475949367088617 0.5340632911392404 0.029113924050632956 0.03417721518987349
0 0.343113924050633 0.5568481012658228 0.02531645569620261 0.02658227848101269
0 0.3962784810126584 0.5720379746835443 0.020253164556962022 0.018987341772151778
0 0.6431139240506331 0.5650759493670886 0.0227848101265824 0.022784810126582178
0 0.6234936708860761 0.5669746835443038 0.018987341772151667 0.021518987341772045
0 0.5260253164556964 0.5619113924050634 0.018987341772152 0.01898734177215189
0 0.5095696202531647 0.558746835443038 0.0215189873417721 0.02278481012658229