0 0.6348354430379748 0.42435443037974685 0.05189873417721513 0.06455696202531658
0 0.5880000000000001 0.43068354430379746 0.05189873417721513 0.069620253164557
0 0.19306329113924056 0.4648607594936709 0.06708860759493668 0.04177215189873418
0 0.6747088607594938 0.5591645569620254 0.027848101265822822 0.027848101265822822
0 0.6487594936708863 0.5610632911392405 0.029113924050632956 0.03417721518987338
0 0.5671139240506331 0.5838481012658228 0.025316455696202556 0.02658227848101269
0 0.6202784810126585 0.5990379746835444 0.020253164556962022 0.01898734177215189
0 0.867113924050633 0.5920759493670886 0.0227848101265824 0.0227848101265824
0 0.8474936708860761 0.5939746835443038 0.018987341772151778 0.021518987341772267
0 0.7500253164556965 0.5889113924050633 0.01898734177215189 0.01898734177215189
0 0.7335696202531647 0.585746835443038 0.021518987341772156 0.0227848101265824