0 0.4828354430379749 0.43235443037974686 0.05189873417721508 0.06455696202531658
0 0.4360000000000001 0.43868354430379747 0.05189873417721513 0.069620253164557
0 0.04106329113924056 0.4728607594936709 0.06708860759493666 0.04177215189873418
0 0.5227088607594939 0.5671645569620254 0.027848101265822933 0.027848101265822822
0 0.4967594936708862 0.5690632911392405 0.029113924050632956 0.03417721518987338
0 0.4151139240506331 0.5918481012658228 0.02531645569620261 0.02658227848101269
0 0.4682784810126584 0.6070379746835444 0.020253164556962022 0.01898734177215189
0 0.715113924050633 0.6000759493670886 0.02278481012658251 0.02278481012658229
0 0.6954936708860762 0.6019746835443038 0.018987341772151667 0.021518987341772267
0 0.5980253164556963 0.5969113924050633 0.01898734177215189 0.018987341772152
0 0.5815696202531646 0.593746835443038 0.021518987341772156 0.0227848101265824