0 0.4261645569620251 0.44435443037974687 0.05189873417721513 0.06455696202531658
0 0.4729999999999999 0.4506835443037975 0.05189873417721513 0.069620253164557
0 0.8679367088607595 0.4848607594936709 0.06708860759493662 0.04177215189873418
0 0.3862911392405061 0.5791645569620253 0.027848101265822822 0.02784810126582271
0 0.41224050632911385 0.5810632911392405 0.029113924050632956 0.03417721518987338
0 0.49388607594936695 0.6038481012658228 0.025316455696202667 0.02658227848101269
0 0.44072151898734163 0.6190379746835444 0.020253164556962022 0.01898734177215189
0 0.19388607594936696 0.6120759493670886 0.02278481012658251 0.02278481012658229
0 0.21350632911392392 0.6139746835443038 0.018987341772151667 0.021518987341772267
0 0.31097468354430363 0.6089113924050633 0.01898734177215189 0.018987341772152
0 0.32743037974683536 0.605746835443038 0.021518987341772156 0.0227848101265824