0 0.27716455696202513 0.41835443037974684 0.051898734177215244 0.06455696202531658
0 0.3239999999999999 0.42468354430379746 0.05189873417721513 0.069620253164557
0 0.7189367088607594 0.4588607594936709 0.06708860759493662 0.04177215189873418
0 0.2372911392405061 0.5531645569620254 0.027848101265822822 0.027848101265822822
0 0.26324050632911383 0.5550632911392405 0.029113924050632956 0.03417721518987338
0 0.34488607594936693 0.5778481012658228 0.025316455696202667 0.02658227848101269
0 0.2917215189873416 0.5930379746835444 0.020253164556962022 0.01898734177215189
0 0.044886075949366944 0.5860759493670886 0.02278481012658251 0.0227848101265824
0 0.0645063291139239 0.5879746835443038 0.018987341772151667 0.021518987341772267
0 0.1619746835443036 0.5829113924050633 0.01898734177215189 0.01898734177215189
0 0.17843037974683534 0.579746835443038 0.021518987341772156 0.0227848101265824