0 0.3221645569620251 0.5546455696202531 0.05189873417721513 0.06455696202531658
0 0.3689999999999999 0.5483164556962026 0.051898734177215244 0.069620253164557
0 0.7639367088607594 0.5141392405063291 0.06708860759493673 0.04177215189873418
0 0.28229113924050614 0.4198354430379747 0.027848101265822822 0.027848101265822767
0 0.3082405063291138 0.4179367088607595 0.029113924050632844 0.03417721518987338
0 0.389886075949367 0.3951518987341772 0.025316455696202667 0.026582278481012633
0 0.33672151898734165 0.3799620253164557 0.020253164556962022 0.01898734177215189
0 0.08988607594936693 0.38692405063291135 0.0227848101265824 0.022784810126582233
0 0.10950632911392394 0.38502531645569615 0.018987341772151667 0.02151898734177221
0 0.20697468354430365 0.3900886075949367 0.01898734177215189 0.01898734177215189
0 0.22343037974683533 0.393253164556962 0.021518987341772045 0.02278481012658229