0 0.5171645569620251 0.5536455696202531 0.05189873417721502 0.06455696202531658
0 0.5639999999999998 0.5473164556962025 0.05189873417721513 0.069620253164557
0 0.9589367088607594 0.5131392405063291 0.06708860759493662 0.04177215189873418
0 0.47729113924050615 0.4188354430379747 0.027848101265822933 0.027848101265822767
0 0.5032405063291139 0.4169367088607595 0.029113924050632956 0.03417721518987338
0 0.584886075949367 0.3941518987341772 0.025316455696202556 0.026582278481012633
0 0.5317215189873417 0.3789620253164557 0.020253164556962022 0.01898734177215189
0 0.28488607594936693 0.38592405063291135 0.02278481012658251 0.022784810126582233
0 0.3045063291139239 0.38402531645569615 0.018987341772151667 0.02151898734177221
0 0.4019746835443036 0.3890886075949367 0.01898734177215189 0.01898734177215189
0 0.41843037974683533 0.392253164556962 0.021518987341772156 0.02278481012658229