0 0.12526582278480997 0.6696835443037975 0.06329113924050656 0.05822784810126591
0 0.18349367088607582 0.6722151898734177 0.05569620253164542 0.06075949367088607
0 0.25817721518987324 0.7019620253164557 0.048101265822784844 0.05443037974683551
0 0.3423544303797467 0.7285443037974684 0.04177215189873407 0.04177215189873418
0 0.42906329113924047 0.7209493670886076 0.04303797468354431 0.04936708860759487
0 0.47463291139240504 0.7209493670886076 0.05063291139240511 0.05696202531645567
0 0.5119746835443038 0.6595569620253164 0.06455696202531647 0.06329113924050644
0 0.574632911392405 0.6614556962025318 0.06835443037974698 0.06455696202531647
0 0.42969620253164553 0.7709493670886076 0.036708860759493644 0.03544303797468362
0 0.6132405063291139 0.7931012658227847 0.03417721518987338 0.03417721518987349
0 0.6455189873417722 0.7874050632911392 0.03797468354430389 0.040506329113924044
0 0.8410886075949366 0.8228481012658228 0.0265822784810128 0.02025316455696191
0 0.8708354430379747 0.8209493670886076 0.030379746835442978 0.03417721518987338
0 0.9758987341772152 0.8298101265822784 0.020253164556962022 0.02658227848101269
0 0.9936455696202531 0.8285443037974682 0.012708860759493734 0.01898734177215189
0 0.8119746835443038 0.8279113924050632 0.036708860759493755 0.02278481012658229