0 0.10025316455696193 0.6294177215189873 0.12405063291139251 0.16582278481012658
0 0.23379746835443027 0.6028354430379748 0.15569620253164573 0.1354430379746835
0 0.31860759493670876 0.34460759493670884 0.04936708860759498 0.0544303797468354
0 0.48126582278481 0.3313164556962025 0.06329113924050644 0.058227848101265856
0 0.5394936708860758 0.3287848101265823 0.05569620253164542 0.06075949367088607
0 0.6141772151898732 0.2990379746835443 0.048101265822784844 0.054430379746835456
0 0.6983544303797466 0.2724556962025316 0.04177215189873407 0.04177215189873418
0 0.7850632911392404 0.2800506329113924 0.04303797468354431 0.04936708860759492
0 0.830632911392405 0.2800506329113924 0.05063291139240511 0.05696202531645572
0 0.8679746835443038 0.34144303797468356 0.06455696202531647 0.06329113924050639
0 0.930632911392405 0.33954430379746825 0.06835443037974687 0.06455696202531652
0 0.7856962025316455 0.23005063291139244 0.036708860759493644 0.03544303797468354
0 0.9692405063291138 0.20789873417721522 0.03417721518987349 0.034177215189873406
0 0.9912658227848101 0.21359493670886076 0.01746835443037975 0.04050632911392402