0 0.9833860759493671 0.33003797468354434 0.03322784810126567 0.054430379746835456
0 0.9066455696202533 0.30345569620253166 0.04177215189873407 0.04177215189873418
0 0.8199367088607595 0.3110506329113924 0.04303797468354431 0.04936708860759487
0 0.774367088607595 0.3110506329113924 0.05063291139240511 0.05696202531645567
0 0.7370253164556961 0.37244303797468353 0.06455696202531647 0.06329113924050633
0 0.674367088607595 0.3705443037974683 0.06835443037974687 0.06455696202531652
0 0.8193037974683545 0.2610506329113924 0.036708860759493644 0.03544303797468351
0 0.6357594936708861 0.23889873417721524 0.03417721518987338 0.034177215189873406
0 0.603481012658228 0.24459493670886076 0.03797468354430389 0.04050632911392399
0 0.40791139240506336 0.20915189873417725 0.026582278481012744 0.020253164556962022
0 0.37816455696202533 0.21105063291139242 0.030379746835443033 0.034177215189873406
0 0.2731012658227849 0.20218987341772154 0.020253164556962022 0.02658227848101266
0 0.2528481012658229 0.20345569620253168 0.0177215189873417 0.01898734177215189
0 0.12753164556962032 0.20978481012658232 0.03037974683544302 0.026582278481012633
0 0.43702531645569626 0.20408860759493674 0.036708860759493755 0.02278481012658229