0 0.05413924050632907 0.34258227848101264 0.10827848101265813 0.16582278481012658
0 0.17979746835443028 0.36916455696202527 0.15569620253164562 0.1354430379746835
0 0.26460759493670877 0.6273924050632911 0.04936708860759487 0.0544303797468354
0 0.42726582278480996 0.6406835443037975 0.06329113924050644 0.0582278481012658
0 0.48549367088607587 0.6432151898734177 0.05569620253164542 0.060759493670885956
0 0.5601772151898732 0.6729620253164557 0.048101265822784955 0.0544303797468354
0 0.6443544303797466 0.6995443037974683 0.04177215189873407 0.04177215189873418
0 0.7310632911392404 0.6919493670886077 0.04303797468354431 0.04936708860759487
0 0.7766329113924051 0.6919493670886077 0.050632911392405 0.05696202531645567
0 0.8139746835443038 0.6305569620253164 0.06455696202531636 0.06329113924050633
0 0.876632911392405 0.6324556962025317 0.06835443037974687 0.06455696202531658
0 0.7316962025316455 0.7419493670886076 0.036708860759493644 0.03544303797468351
0 0.9152405063291139 0.7641012658227848 0.03417721518987338 0.03417721518987349
0 0.9475189873417722 0.7584050632911392 0.03797468354430389 0.04050632911392393