0 0.9730949367088608 0.4898481012658228 0.05381012658227835 0.1088607594936708
0 0.810746835443038 0.33858227848101263 0.12405063291139251 0.16582278481012658
0 0.6772025316455696 0.3651645569620253 0.15569620253164562 0.1354430379746836
0 0.5923924050632912 0.6233924050632911 0.04936708860759487 0.0544303797468354
0 0.42973417721519 0.6366835443037975 0.0632911392405065 0.05822784810126591
0 0.3715063291139241 0.6392151898734177 0.05569620253164548 0.060759493670885956
0 0.2968227848101268 0.6689620253164557 0.048101265822784844 0.0544303797468354
0 0.2126455696202533 0.6955443037974683 0.04177215189873401 0.04177215189873418
0 0.12593670886075956 0.6879493670886077 0.04303797468354437 0.04936708860759487
0 0.08036708860759495 0.6879493670886077 0.05063291139240505 0.05696202531645567
0 0.04302531645569621 0.6265569620253164 0.06455696202531647 0.06329113924050633
0 0.007272151898734194 0.6284556962025317 0.014544303797468388 0.06455696202531658
0 0.1253037974683545 0.7379493670886076 0.03670886075949363 0.03544303797468351