0 0.03140506329113918 0.5518481012658227 0.06281012658227836 0.10886075949367091
0 0.1982531645569619 0.4005822784810127 0.12405063291139251 0.16582278481012658
0 0.3317974683544303 0.4271645569620253 0.15569620253164562 0.1354430379746835
0 0.4166075949367088 0.6853924050632911 0.04936708860759487 0.05443037974683529
0 0.57926582278481 0.6986835443037974 0.06329113924050644 0.05822784810126591
0 0.6374936708860759 0.7012151898734178 0.05569620253164542 0.06075949367088607
0 0.7121772151898732 0.7309620253164557 0.048101265822784844 0.05443037974683551
0 0.7963544303797467 0.7575443037974684 0.041772151898733956 0.04177215189873418
0 0.8830632911392404 0.7499493670886076 0.04303797468354431 0.04936708860759498
0 0.928632911392405 0.7499493670886076 0.050632911392405 0.05696202531645578
0 0.9659746835443037 0.6885569620253165 0.06455696202531647 0.06329113924050622
0 0.9972278481012657 0.6904556962025317 0.005544303797468397 0.06455696202531647
0 0.8836962025316455 0.7999493670886075 0.036708860759493644 0.03544303797468362