0 0.9720949367088608 0.5118481012658228 0.05581012658227835 0.1088607594936708
0 0.808746835443038 0.36058227848101265 0.12405063291139251 0.16582278481012658
0 0.6752025316455696 0.3871645569620253 0.15569620253164562 0.1354430379746835
0 0.5903924050632912 0.6453924050632911 0.04936708860759487 0.0544303797468354
0 0.42773417721519 0.6586835443037975 0.0632911392405065 0.0582278481012658
0 0.36950632911392417 0.6612151898734178 0.05569620253164542 0.06075949367088607
0 0.2948227848101268 0.6909620253164557 0.048101265822784844 0.0544303797468354
0 0.2106455696202533 0.7175443037974684 0.04177215189873401 0.04177215189873418
0 0.12393670886075955 0.7099493670886076 0.04303797468354435 0.04936708860759498
0 0.07836708860759495 0.7099493670886076 0.05063291139240505 0.05696202531645578
0 0.04102531645569621 0.6485569620253164 0.06455696202531647 0.06329113924050633
0 0.006272151898734194 0.6504556962025317 0.012544303797468388 0.06455696202531658
0 0.1233037974683545 0.7599493670886076 0.03670886075949362 0.03544303797468351