0 0.881227848101266 0.4671518987341772 0.08607594936708862 0.1088607594936708
0 0.960867088607595 0.4728481012658228 0.07826582278481009 0.10253164556962036
0 0.7027468354430382 0.6184177215189873 0.12405063291139251 0.16582278481012658
0 0.5692025316455697 0.5918354430379746 0.15569620253164568 0.1354430379746835
0 0.4843924050632912 0.3336075949367089 0.04936708860759492 0.0544303797468354
0 0.32173417721519004 0.3203164556962025 0.0632911392405065 0.058227848101265856
0 0.26350632911392413 0.3177848101265823 0.05569620253164548 0.06075949367088607
0 0.1888227848101268 0.2880379746835443 0.048101265822784844 0.054430379746835456
0 0.1046455696202533 0.2614556962025317 0.04177215189873404 0.041772151898734206
0 0.019727848101265863 0.2690506329113924 0.039455696202531726 0.049367088607594894
0 0.01782911392405066 0.21905063291139243 0.03565822784810132 0.03544303797468351