0 0.08977215189873405 0.4731518987341772 0.08607594936708873 0.1088607594936708
0 0.024632911392405032 0.4788481012658228 0.049265822784810065 0.10253164556962036
0 0.2682531645569619 0.6244177215189873 0.12405063291139262 0.16582278481012658
0 0.4017974683544303 0.5978354430379746 0.15569620253164573 0.1354430379746835
0 0.48660759493670874 0.3396075949367089 0.04936708860759487 0.0544303797468354
0 0.6492658227848099 0.3263164556962025 0.06329113924050644 0.058227848101265856
0 0.7074936708860758 0.3237848101265823 0.05569620253164542 0.06075949367088607
0 0.7821772151898733 0.2940379746835443 0.048101265822784844 0.054430379746835456
0 0.8663544303797468 0.2674556962025316 0.04177215189873407 0.04177215189873418
0 0.9530632911392405 0.2750506329113924 0.04303797468354442 0.04936708860759492
0 0.9866582278481013 0.2750506329113924 0.02668354430379749 0.05696202531645572
0 0.9536962025316454 0.22505063291139243 0.036708860759493644 0.03544303797468354