0 0.013405063291139163 0.5018481012658228 0.026810126582278326 0.1088607594936708
0 0.16225316455696187 0.35058227848101264 0.12405063291139251 0.16582278481012658
0 0.29579746835443027 0.3771645569620253 0.15569620253164562 0.1354430379746835
0 0.3806075949367088 0.6353924050632911 0.04936708860759498 0.0544303797468354
0 0.54326582278481 0.6486835443037975 0.06329113924050656 0.0582278481012658
0 0.6014936708860759 0.6512151898734178 0.05569620253164542 0.060759493670885956
0 0.6761772151898732 0.6809620253164557 0.048101265822784844 0.0544303797468354
0 0.7603544303797467 0.7075443037974684 0.041772151898733956 0.04177215189873418
0 0.8470632911392404 0.6999493670886077 0.04303797468354442 0.04936708860759487
0 0.892632911392405 0.6999493670886076 0.050632911392405 0.05696202531645578
0 0.9299746835443037 0.6385569620253164 0.06455696202531647 0.06329113924050633
0 0.9792278481012657 0.6404556962025317 0.04154430379746843 0.06455696202531658
0 0.8476962025316455 0.7499493670886076 0.03670886075949353 0.03544303797468351