0 0.06832278481012655 0.6168354430379748 0.1366455696202531 0.1354430379746835
0 0.14360759493670877 0.35860759493670885 0.04936708860759487 0.0544303797468354
0 0.30626582278480996 0.3453164556962025 0.06329113924050644 0.058227848101265856
0 0.36449367088607587 0.3427848101265823 0.05569620253164542 0.06075949367088607
0 0.4391772151898732 0.31303797468354433 0.048101265822784844 0.054430379746835456
0 0.5233544303797466 0.28645569620253164 0.04177215189873407 0.04177215189873418
0 0.6100632911392404 0.2940506329113924 0.04303797468354431 0.04936708860759487
0 0.6556329113924051 0.29405063291139244 0.050632911392405 0.05696202531645572
0 0.6929746835443038 0.3554430379746836 0.06455696202531636 0.06329113924050639
0 0.755632911392405 0.35354430379746826 0.06835443037974687 0.06455696202531652
0 0.6106962025316455 0.24405063291139245 0.036708860759493644 0.03544303797468354
0 0.7942405063291139 0.22189873417721523 0.03417721518987338 0.034177215189873406
0 0.8265189873417721 0.22759493670886077 0.03797468354430378 0.04050632911392399
0 0.9873101265822783 0.18708860759493673 0.025379746835443195 0.02278481012658226