0 0.0013227848101265427 0.5768354430379747 0.0026455696202530854 0.1354430379746835
0 0.017145569620253154 0.31860759493670887 0.03429113924050631 0.0544303797468354
0 0.17226582278480995 0.3053164556962025 0.06329113924050644 0.05822784810126591
0 0.23049367088607586 0.30278481012658226 0.05569620253164542 0.06075949367088607
0 0.3051772151898732 0.2730379746835443 0.048101265822784844 0.05443037974683543
0 0.3893544303797467 0.24645569620253166 0.041772151898733956 0.041772151898734206
0 0.47606329113924045 0.2540506329113924 0.04303797468354442 0.049367088607594894
0 0.5216329113924051 0.2540506329113924 0.05063291139240511 0.056962025316455694
0 0.5589746835443038 0.31544303797468354 0.06455696202531658 0.06329113924050633
0 0.6216329113924051 0.31354430379746834 0.06835443037974676 0.06455696202531652
0 0.47669620253164546 0.20405063291139242 0.036708860759493644 0.03544303797468354
0 0.6602405063291139 0.1818987341772152 0.03417721518987349 0.034177215189873406
0 0.6925189873417721 0.1875949367088608 0.03797468354430389 0.04050632911392402
0 0.8880886075949366 0.15215189873417725 0.02658227848101269 0.020253164556962022
0 0.9178354430379747 0.15405063291139243 0.03037974683544309 0.034177215189873406
0 0.8589746835443037 0.14708860759493675 0.036708860759493867 0.02278481012658229