0 0.9685949367088609 0.5038481012658228 0.06281012658227836 0.1088607594936708
0 0.8017468354430382 0.35258227848101265 0.12405063291139251 0.16582278481012658
0 0.6682025316455698 0.3791645569620253 0.15569620253164562 0.1354430379746835
0 0.5833924050632913 0.6373924050632911 0.04936708860759487 0.0544303797468354
0 0.42073417721519 0.6506835443037975 0.06329113924050644 0.0582278481012658
0 0.36250632911392416 0.6532151898734178 0.05569620253164542 0.060759493670885956
0 0.2878227848101268 0.6829620253164557 0.048101265822784844 0.0544303797468354
0 0.2036455696202533 0.7095443037974684 0.04177215189873401 0.04177215189873418
0 0.11693670886075955 0.7019493670886077 0.04303797468354435 0.04936708860759487
0 0.07136708860759494 0.7019493670886076 0.05063291139240504 0.05696202531645578
0 0.03402531645569622 0.6405569620253164 0.06455696202531647 0.06329113924050633
0 0.002772151898734194 0.6424556962025317 0.005544303797468388 0.06455696202531658
0 0.11630379746835451 0.7519493670886076 0.036708860759493644 0.03544303797468351