0 0.9027468354430381 0.6504177215189874 0.12405063291139251 0.16582278481012658
0 0.7692025316455697 0.6238354430379747 0.15569620253164562 0.1354430379746835
0 0.6843924050632912 0.36560759493670886 0.04936708860759498 0.0544303797468354
0 0.52173417721519 0.3523164556962025 0.06329113924050644 0.058227848101265856
0 0.46350632911392414 0.34978481012658225 0.05569620253164542 0.06075949367088601
0 0.3888227848101268 0.32003797468354434 0.048101265822784844 0.054430379746835456
0 0.3046455696202533 0.29345569620253165 0.04177215189873407 0.04177215189873418
0 0.21793670886075955 0.3010506329113924 0.04303797468354437 0.04936708860759487
0 0.17236708860759495 0.30105063291139245 0.050632911392405056 0.05696202531645572
0 0.1350253164556962 0.3624430379746835 0.06455696202531647 0.06329113924050633
0 0.07236708860759496 0.36054430379746827 0.06835443037974687 0.06455696202531652
0 0.2173037974683545 0.2510506329113924 0.03670886075949362 0.03544303797468357
0 0.03375949367088612 0.22889873417721524 0.03417721518987343 0.034177215189873406
0 0.010234177215189903 0.23459493670886078 0.020468354430379806 0.040506329113924044