0 0.10026582278481 0.3153164556962025 0.06329113924050644 0.058227848101265856
0 0.15849367088607585 0.31278481012658227 0.05569620253164553 0.06075949367088607
0 0.23317721518987322 0.2830379746835443 0.048101265822784844 0.054430379746835456
0 0.3173544303797467 0.25645569620253167 0.04177215189873407 0.041772151898734206
0 0.40406329113924044 0.2640506329113924 0.04303797468354431 0.049367088607594894
0 0.4496329113924051 0.2640506329113924 0.050632911392405 0.056962025316455694
0 0.4869746835443038 0.32544303797468355 0.06455696202531647 0.06329113924050639
0 0.549632911392405 0.32354430379746835 0.06835443037974687 0.06455696202531652
0 0.4046962025316455 0.21405063291139242 0.036708860759493644 0.03544303797468351
0 0.5882405063291138 0.1918987341772152 0.03417721518987349 0.034177215189873406
0 0.6205189873417721 0.19759493670886077 0.03797468354430378 0.04050632911392399
0 0.8160886075949367 0.16215189873417726 0.02658227848101269 0.020253164556962022
0 0.8458354430379746 0.16405063291139244 0.030379746835442978 0.034177215189873406
0 0.950898734177215 0.15518987341772156 0.020253164556962022 0.026582278481012633
0 0.9711518987341772 0.1564556962025317 0.017721518987341756 0.01898734177215189
0 0.7869746835443037 0.15708860759493676 0.036708860759493755 0.02278481012658226