0 0.08225316455696191 0.6104177215189873 0.12405063291139251 0.16582278481012658
0 0.2157974683544303 0.5838354430379746 0.15569620253164562 0.1354430379746835
0 0.30060759493670874 0.3256075949367089 0.04936708860759498 0.0544303797468354
0 0.46326582278481 0.3123164556962025 0.06329113924050644 0.058227848101265856
0 0.5214936708860758 0.30978481012658227 0.05569620253164542 0.06075949367088607
0 0.5961772151898732 0.2800379746835443 0.048101265822784844 0.054430379746835456
0 0.6803544303797466 0.25345569620253167 0.04177215189873407 0.041772151898734206
0 0.7670632911392404 0.2610506329113924 0.04303797468354431 0.049367088607594894
0 0.812632911392405 0.2610506329113924 0.05063291139240511 0.056962025316455694
0 0.8499746835443038 0.32244303797468354 0.06455696202531647 0.06329113924050633
0 0.912632911392405 0.32054430379746834 0.06835443037974687 0.06455696202531652
0 0.7676962025316455 0.21105063291139242 0.036708860759493644 0.03544303797468354
0 0.9512405063291138 0.1888987341772152 0.03417721518987349 0.034177215189873406
0 0.9822658227848101 0.19459493670886077 0.03546835443037977 0.04050632911392399