0 0.023139240506329095 0.6164177215189873 0.04627848101265819 0.16582278481012658
0 0.11779746835443028 0.5898354430379746 0.15569620253164573 0.1354430379746835
0 0.20260759493670877 0.3316075949367089 0.04936708860759498 0.0544303797468354
0 0.36526582278481 0.3183164556962025 0.06329113924050644 0.058227848101265856
0 0.4234936708860758 0.31578481012658227 0.05569620253164542 0.06075949367088607
0 0.49817721518987323 0.2860379746835443 0.048101265822784844 0.054430379746835456
0 0.5823544303797468 0.25945569620253167 0.04177215189873407 0.041772151898734206
0 0.6690632911392405 0.2670506329113924 0.04303797468354431 0.049367088607594894
0 0.714632911392405 0.2670506329113924 0.050632911392405 0.056962025316455694
0 0.7519746835443037 0.32844303797468355 0.06455696202531647 0.06329113924050639
0 0.8146329113924051 0.32654430379746835 0.06835443037974687 0.06455696202531652
0 0.6696962025316455 0.21705063291139243 0.03670886075949353 0.03544303797468351
0 0.8532405063291139 0.1948987341772152 0.03417721518987338 0.034177215189873406
0 0.8855189873417721 0.20059493670886075 0.03797468354430389 0.04050632911392402