0 0.8657468354430381 0.6424177215189874 0.12405063291139262 0.16582278481012658
0 0.7322025316455697 0.6158354430379747 0.15569620253164573 0.1354430379746835
0 0.6473924050632912 0.35760759493670885 0.04936708860759498 0.0544303797468354
0 0.4847341772151901 0.3443164556962025 0.0632911392405065 0.058227848101265856
0 0.42650632911392417 0.3417848101265823 0.05569620253164542 0.06075949367088607
0 0.3518227848101268 0.31203797468354433 0.048101265822784844 0.054430379746835456
0 0.2676455696202533 0.28545569620253164 0.04177215189873401 0.04177215189873418
0 0.18093670886075955 0.29305063291139244 0.04303797468354437 0.04936708860759492
0 0.13536708860759494 0.29305063291139244 0.05063291139240504 0.05696202531645572
0 0.0980253164556962 0.3544430379746836 0.06455696202531645 0.06329113924050639
0 0.03536708860759495 0.35254430379746826 0.06835443037974687 0.06455696202531652
0 0.1803037974683545 0.24305063291139245 0.036708860759493644 0.03544303797468354
0 0.006924050632911417 0.22089873417721523 0.013848101265822834 0.034177215189873406