0 0.8637341772151901 0.6896835443037975 0.06329113924050656 0.05822784810126591
0 0.8055063291139242 0.6922151898734177 0.05569620253164542 0.06075949367088607
0 0.7308227848101267 0.7219620253164557 0.048101265822784844 0.05443037974683551
0 0.6466455696202533 0.7485443037974684 0.04177215189873407 0.04177215189873429
0 0.5599367088607595 0.7409493670886076 0.04303797468354431 0.04936708860759487
0 0.514367088607595 0.7409493670886076 0.050632911392405056 0.05696202531645567
0 0.47702531645569624 0.6795569620253165 0.06455696202531641 0.06329113924050644
0 0.41436708860759497 0.6814556962025317 0.06835443037974687 0.06455696202531658
0 0.5593037974683545 0.7909493670886075 0.036708860759493644 0.03544303797468351
0 0.3757594936708861 0.8131012658227847 0.03417721518987343 0.03417721518987349
0 0.34348101265822784 0.8074050632911393 0.03797468354430383 0.040506329113924044
0 0.14791139240506335 0.8428481012658227 0.026582278481012744 0.020253164556962022
0 0.11816455696202535 0.8409493670886076 0.03037974683544302 0.03417721518987338
0 0.013101265822784853 0.8498101265822784 0.02025316455696202 0.02658227848101269
0 0.0008544303797468728 0.8485443037974683 0.0017088607594937457 0.01898734177215189
0 0.17702531645569627 0.8479113924050632 0.036708860759493755 0.02278481012658229