0 0.04117721518987316 0.2860379746835443 0.048101265822784844 0.054430379746835456
0 0.1253544303797467 0.25945569620253167 0.041772151898733956 0.041772151898734206
0 0.21206329113924044 0.2670506329113924 0.04303797468354442 0.049367088607594894
0 0.2576329113924051 0.2670506329113924 0.05063291139240511 0.056962025316455694
0 0.29497468354430384 0.32844303797468355 0.06455696202531647 0.06329113924050639
0 0.35763291139240505 0.32654430379746835 0.06835443037974698 0.06455696202531652
0 0.21269620253164545 0.21705063291139243 0.036708860759493644 0.03544303797468351
0 0.3962405063291139 0.1948987341772152 0.03417721518987338 0.034177215189873406
0 0.42851898734177213 0.20059493670886075 0.03797468354430389 0.04050632911392402
0 0.6240886075949366 0.16515189873417724 0.02658227848101269 0.020253164556961994
0 0.6538354430379747 0.16705063291139244 0.03037974683544309 0.034177215189873406
0 0.7588987341772151 0.15818987341772156 0.020253164556962022 0.026582278481012633
0 0.7791518987341771 0.1594556962025317 0.017721518987341645 0.01898734177215189
0 0.9044683544303797 0.1657848101265823 0.030379746835442978 0.02658227848101266
0 0.5949746835443037 0.16008860759493676 0.036708860759493867 0.02278481012658226