0 0.008645569620253146 0.35860759493670885 0.017291139240506292 0.0544303797468354
0 0.15526582278481 0.3453164556962025 0.06329113924050656 0.058227848101265856
0 0.21349367088607585 0.3427848101265823 0.05569620253164542 0.06075949367088607
0 0.28817721518987316 0.31303797468354433 0.048101265822784844 0.054430379746835456
0 0.3723544303797467 0.28645569620253164 0.041772151898733956 0.04177215189873418
0 0.45906329113924044 0.2940506329113924 0.04303797468354442 0.04936708860759487
0 0.5046329113924051 0.29405063291139244 0.050632911392405 0.05696202531645572
0 0.5419746835443038 0.3554430379746836 0.06455696202531636 0.06329113924050639
0 0.604632911392405 0.35354430379746826 0.06835443037974698 0.06455696202531652
0 0.45969620253164545 0.24405063291139245 0.036708860759493644 0.03544303797468354
0 0.6432405063291139 0.22189873417721523 0.03417721518987338 0.034177215189873406
0 0.6755189873417721 0.22759493670886077 0.03797468354430378 0.04050632911392399
0 0.8710886075949367 0.19215189873417726 0.0265822784810128 0.020253164556962022
0 0.9008354430379746 0.19405063291139246 0.03037974683544309 0.034177215189873406
0 0.9978860759493671 0.18518987341772156 0.004227848101265863 0.026582278481012633
0 0.8419746835443037 0.18708860759493673 0.036708860759493644 0.02278481012658226