0 0.06826582278480997 0.6416835443037975 0.06329113924050644 0.05822784810126591
0 0.12649367088607588 0.6442151898734177 0.05569620253164542 0.06075949367088618
0 0.2011772151898732 0.6739620253164557 0.048101265822784844 0.05443037974683551
0 0.28535443037974667 0.7005443037974683 0.04177215189873407 0.04177215189873418
0 0.3720632911392404 0.6929493670886075 0.04303797468354431 0.04936708860759487
0 0.41763291139240505 0.6929493670886075 0.050632911392405 0.05696202531645567
0 0.45497468354430376 0.6315569620253165 0.06455696202531647 0.06329113924050633
0 0.517632911392405 0.6334556962025317 0.06835443037974687 0.06455696202531647
0 0.3726962025316455 0.7429493670886076 0.036708860759493644 0.03544303797468362
0 0.5562405063291139 0.7651012658227848 0.03417721518987338 0.03417721518987338
0 0.5885189873417721 0.7594050632911392 0.03797468354430378 0.040506329113924044
0 0.7840886075949367 0.7948481012658228 0.02658227848101269 0.020253164556962022
0 0.8138354430379746 0.7929493670886075 0.03037974683544309 0.03417721518987338
0 0.9188987341772152 0.8018101265822785 0.020253164556962022 0.026582278481012578
0 0.9391518987341771 0.8005443037974683 0.017721518987341756 0.018987341772151778
0 0.7549746835443037 0.7999113924050633 0.036708860759493644 0.022784810126582178