0 0.0039050632911392102 0.5658481012658229 0.0078101265822784205 0.1088607594936708
0 0.1432531645569619 0.4145822784810127 0.12405063291139262 0.16582278481012658
0 0.2767974683544303 0.44116455696202533 0.15569620253164573 0.1354430379746835
0 0.3616075949367088 0.6993924050632911 0.04936708860759498 0.05443037974683529
0 0.5242658227848099 0.7126835443037974 0.06329113924050644 0.05822784810126591
0 0.5824936708860758 0.7152151898734178 0.05569620253164542 0.06075949367088607
0 0.6571772151898733 0.7449620253164557 0.048101265822784844 0.0544303797468354
0 0.7413544303797468 0.7715443037974684 0.04177215189873407 0.04177215189873418
0 0.8280632911392405 0.7639493670886076 0.04303797468354442 0.04936708860759498
0 0.8736329113924051 0.7639493670886076 0.05063291139240511 0.05696202531645578
0 0.9109746835443038 0.7025569620253165 0.06455696202531647 0.06329113924050633
0 0.9697278481012658 0.7044556962025317 0.060544303797468446 0.06455696202531647
0 0.8286962025316454 0.8139493670886075 0.036708860759493644 0.03544303797468351
0 0.9975759493670886 0.8361012658227848 0.004848101265822802 0.03417721518987338