0 0.9403607594936709 0.6054177215189873 0.11927848101265814 0.16582278481012658
0 0.8092025316455698 0.5788354430379747 0.15569620253164562 0.1354430379746835
0 0.7243924050632913 0.3206075949367089 0.04936708860759487 0.0544303797468354
0 0.56173417721519 0.3073164556962025 0.06329113924050644 0.058227848101265856
0 0.5035063291139241 0.30478481012658226 0.05569620253164542 0.06075949367088607
0 0.4288227848101268 0.2750379746835443 0.048101265822784844 0.05443037974683543
0 0.3446455696202533 0.24845569620253166 0.04177215189873401 0.041772151898734206
0 0.2579367088607596 0.2560506329113924 0.04303797468354437 0.049367088607594894
0 0.21236708860759496 0.2560506329113924 0.050632911392405056 0.056962025316455694
0 0.17502531645569622 0.31744303797468354 0.06455696202531647 0.06329113924050633
0 0.11236708860759495 0.31554430379746834 0.06835443037974687 0.06455696202531652
0 0.2573037974683545 0.20605063291139242 0.036708860759493644 0.03544303797468354
0 0.07375949367088612 0.1838987341772152 0.03417721518987344 0.034177215189873406
0 0.04148101265822788 0.1895949367088608 0.03797468354430385 0.04050632911392402