0 0.11525316455696194 0.37058227848101266 0.12405063291139251 0.16582278481012658
0 0.24879746835443028 0.3971645569620253 0.15569620253164573 0.1354430379746835
0 0.3336075949367088 0.6553924050632911 0.04936708860759498 0.0544303797468354
0 0.49626582278481 0.6686835443037975 0.06329113924050644 0.0582278481012658
0 0.5544936708860759 0.6712151898734178 0.05569620253164553 0.06075949367088607
0 0.6291772151898732 0.7009620253164557 0.048101265822784844 0.0544303797468354
0 0.7133544303797468 0.7275443037974684 0.04177215189873407 0.04177215189873418
0 0.8000632911392405 0.7199493670886076 0.04303797468354431 0.04936708860759498
0 0.845632911392405 0.7199493670886076 0.05063291139240511 0.05696202531645578
0 0.8829746835443038 0.6585569620253164 0.06455696202531647 0.06329113924050633
0 0.9456329113924051 0.6604556962025318 0.06835443037974687 0.06455696202531658
0 0.8006962025316455 0.7699493670886076 0.036708860759493644 0.03544303797468351
0 0.9835759493670886 0.7921012658227847 0.03284810126582283 0.03417721518987338
0 0.9987658227848101 0.7864050632911392 0.002468354430379849 0.040506329113924044