0 0.5685063291139243 0.346493670886076 0.12151898734177213 0.14556962025316456
0 0.4476202531645571 0.3553544303797469 0.1253164556962026 0.14303797468354418
0 0.0716708860759494 0.5762405063291139 0.0873417721518988 0.09113924050632893
0 0.005139240506329145 0.5901645569620253 0.01027848101265829 0.07848101265822782
0 0.2298987341772152 0.6737088607594938 0.036708860759493644 0.040506329113924044
0 0.33559493670886076 0.7059873417721519 0.03797468354430378 0.029113924050632844
0 0.3045822784810127 0.7059873417721519 0.026582278481012633 0.029113924050632844
0 0.439875 0.7255416666666666 0.01874999999999999 0.02604166666666674
0 0.42008333333333336 0.7260624999999999 0.01874999999999999 0.027083333333333348
0 0.6180000000000001 0.7557499999999999 0.01666666666666683 0.02187500000000009
0 0.6023750000000001 0.7510625 0.02083333333333326 0.025000000000000022
0 0.5273749999999999 0.7349166666666667 0.025000000000000022 0.030208333333333393
0 0.5065416666666667 0.7364791666666667 0.018749999999999933 0.027083333333333348
0 0.5055000000000001 0.7687708333333334 0.020833333333333204 0.02083333333333337