0 0.3904936708860757 0.316493670886076 0.12151898734177202 0.14556962025316456
0 0.5113797468354428 0.3253544303797469 0.12531645569620264 0.14303797468354418
0 0.8873291139240507 0.546240506329114 0.08734177215189887 0.09113924050632904
0 0.9743607594936708 0.5601645569620253 0.051278481012658306 0.07848101265822782
0 0.7291012658227848 0.6437088607594937 0.036708860759493644 0.040506329113924044
0 0.6234050632911392 0.6759873417721519 0.03797468354430367 0.029113924050632844
0 0.6544177215189874 0.6759873417721519 0.026582278481012578 0.029113924050632844
0 0.519125 0.6955416666666666 0.018750000000000044 0.02604166666666674
0 0.5389166666666666 0.6960625 0.018750000000000044 0.02708333333333346
0 0.3409999999999999 0.7257499999999999 0.01666666666666672 0.021874999999999978
0 0.35662499999999986 0.7210624999999999 0.02083333333333326 0.025000000000000022
0 0.431625 0.7049166666666666 0.025000000000000022 0.030208333333333393
0 0.45245833333333324 0.7064791666666667 0.018749999999999933 0.027083333333333348
0 0.4534999999999999 0.7387708333333334 0.02083333333333326 0.02083333333333337