0 0.37449367088607577 0.6725063291139239 0.12151898734177213 0.14556962025316456
0 0.4953797468354429 0.6636455696202531 0.12531645569620264 0.14303797468354418
0 0.8713291139240507 0.4427594936708861 0.08734177215189887 0.0911392405063291
0 0.9663607594936708 0.42883544303797466 0.06727848101265832 0.07848101265822782
0 0.7131012658227848 0.3452911392405063 0.036708860759493644 0.040506329113924044
0 0.6074050632911392 0.3130126582278481 0.03797468354430367 0.0291139240506329
0 0.6384177215189873 0.3130126582278481 0.026582278481012578 0.0291139240506329
0 0.503125 0.2934583333333334 0.018749999999999933 0.026041666666666685
0 0.5229166666666666 0.29293749999999996 0.018750000000000044 0.027083333333333404
0 0.3249999999999999 0.26325000000000004 0.01666666666666672 0.02187500000000009
0 0.34062499999999984 0.2679375 0.02083333333333326 0.025000000000000022
0 0.41562499999999997 0.28408333333333335 0.025000000000000022 0.030208333333333337
0 0.4364583333333333 0.28252083333333333 0.018750000000000044 0.027083333333333348
0 0.4374999999999999 0.25022916666666667 0.02083333333333326 0.020833333333333287