0 0.4535063291139243 0.6725063291139239 0.12151898734177213 0.14556962025316456
0 0.33262025316455707 0.6636455696202531 0.12531645569620264 0.14303797468354418
0 0.0001708860759493973 0.4427594936708861 0.0003417721518987946 0.0911392405063291
0 0.11489873417721519 0.3452911392405063 0.03670886075949363 0.040506329113924044
0 0.22059493670886077 0.3130126582278481 0.03797468354430372 0.0291139240506329
0 0.18958227848101267 0.3130126582278481 0.026582278481012606 0.0291139240506329
0 0.324875 0.2934583333333334 0.01874999999999999 0.026041666666666685
0 0.3050833333333334 0.29293749999999996 0.018750000000000044 0.027083333333333404
0 0.5030000000000001 0.26325000000000004 0.016666666666666774 0.02187500000000009
0 0.4873750000000001 0.2679375 0.02083333333333326 0.025000000000000022
0 0.412375 0.28408333333333335 0.025000000000000022 0.030208333333333337
0 0.3915416666666668 0.28252083333333333 0.01874999999999999 0.027083333333333348
0 0.3905000000000001 0.25022916666666667 0.02083333333333326 0.020833333333333287