0 0.34350632911392426 0.684506329113924 0.12151898734177213 0.14556962025316456
0 0.22262025316455708 0.6756455696202531 0.12531645569620264 0.14303797468354418
0 0.011626582278481009 0.3572911392405063 0.023253164556962018 0.040506329113924044
0 0.11059493670886075 0.3250126582278481 0.03797468354430372 0.0291139240506329
0 0.07958227848101268 0.3250126582278481 0.026582278481012633 0.0291139240506329
0 0.21487499999999998 0.3054583333333334 0.018750000000000017 0.026041666666666685
0 0.1950833333333334 0.3049375 0.018750000000000017 0.027083333333333404
0 0.3930000000000001 0.27525 0.01666666666666672 0.021875000000000033
0 0.3773750000000001 0.2799375 0.02083333333333326 0.025000000000000022
0 0.302375 0.29608333333333337 0.025000000000000022 0.030208333333333337
0 0.28154166666666675 0.29452083333333334 0.018750000000000044 0.027083333333333348
0 0.28050000000000014 0.2622291666666666 0.02083333333333326 0.020833333333333315