0 0.5984936708860757 0.335493670886076 0.12151898734177213 0.14556962025316456
0 0.7193797468354429 0.3443544303797469 0.12531645569620253 0.14303797468354418
0 0.9371012658227847 0.6627088607594936 0.036708860759493644 0.040506329113924044
0 0.8314050632911393 0.6949873417721519 0.03797468354430378 0.029113924050632956
0 0.8624177215189873 0.6949873417721519 0.026582278481012578 0.029113924050632956
0 0.727125 0.7145416666666666 0.018749999999999933 0.02604166666666663
0 0.7469166666666667 0.7150625 0.018749999999999933 0.027083333333333348
0 0.5489999999999999 0.74475 0.01666666666666672 0.02187500000000009
0 0.5646249999999998 0.7400625000000001 0.02083333333333326 0.025000000000000022
0 0.639625 0.7239166666666667 0.025000000000000133 0.03020833333333317
0 0.6604583333333333 0.7254791666666667 0.018750000000000044 0.027083333333333237
0 0.6614999999999999 0.7577708333333334 0.02083333333333326 0.02083333333333326