0 0.6285063291139242 0.663506329113924 0.12151898734177213 0.14556962025316456
0 0.5076202531645571 0.6546455696202531 0.12531645569620264 0.14303797468354418
0 0.1316708860759494 0.43375949367088606 0.08734177215189881 0.0911392405063291
0 0.03513924050632915 0.41983544303797465 0.0702784810126583 0.07848101265822782
0 0.28989873417721523 0.3362911392405063 0.03670886075949359 0.040506329113924044
0 0.39559493670886076 0.30401265822784806 0.03797468354430378 0.0291139240506329
0 0.36458227848101266 0.30401265822784806 0.026582278481012633 0.0291139240506329
0 0.49987499999999996 0.28445833333333337 0.01874999999999999 0.026041666666666685
0 0.4800833333333334 0.2839375 0.01874999999999999 0.027083333333333348
0 0.6780000000000002 0.25425000000000003 0.01666666666666672 0.02187500000000009
0 0.6623750000000002 0.2589375 0.02083333333333326 0.024999999999999994
0 0.587375 0.27508333333333335 0.025000000000000022 0.03020833333333328
0 0.5665416666666667 0.2735208333333333 0.018750000000000044 0.027083333333333293
0 0.5655000000000001 0.24122916666666666 0.02083333333333326 0.020833333333333287