0 0.6805063291139243 0.297493670886076 0.12151898734177213 0.14556962025316456
0 0.5596202531645571 0.30635443037974686 0.1253164556962026 0.14303797468354418
0 0.1836708860759494 0.5272405063291139 0.08734177215189878 0.09113924050632904
0 0.08303797468354435 0.5411645569620254 0.07848101265822788 0.07848101265822782
0 0.3418987341772152 0.6247088607594936 0.036708860759493644 0.040506329113924044
0 0.44759493670886075 0.6569873417721519 0.03797468354430372 0.029113924050632844
0 0.4165822784810127 0.6569873417721519 0.026582278481012633 0.029113924050632844
0 0.551875 0.6765416666666667 0.018750000000000044 0.02604166666666674
0 0.5320833333333334 0.6770625 0.018750000000000044 0.027083333333333348
0 0.7300000000000002 0.70675 0.01666666666666672 0.02187500000000009
0 0.7143750000000001 0.7020625 0.02083333333333326 0.02499999999999991
0 0.639375 0.6859166666666667 0.025000000000000022 0.03020833333333328
0 0.6185416666666668 0.6874791666666666 0.018750000000000044 0.027083333333333237
0 0.6175000000000002 0.7197708333333334 0.02083333333333326 0.02083333333333326