0 0.6145063291139242 0.708506329113924 0.12151898734177213 0.14556962025316456
0 0.4936202531645571 0.6996455696202531 0.12531645569620264 0.14303797468354418
0 0.11767088607594939 0.47875949367088605 0.0873417721518988 0.09113924050632904
0 0.028139240506329145 0.46483544303797464 0.05627848101265829 0.07848101265822777
0 0.2758987341772152 0.3812911392405063 0.036708860759493644 0.04050632911392399
0 0.3815949367088608 0.3490126582278481 0.03797468354430372 0.029113924050632844
0 0.35058227848101264 0.3490126582278481 0.026582278481012633 0.029113924050632844
0 0.485875 0.3294583333333333 0.018750000000000044 0.026041666666666685
0 0.4660833333333334 0.3289375 0.01874999999999999 0.027083333333333348
0 0.6640000000000001 0.29925 0.01666666666666672 0.021875000000000033
0 0.6483750000000001 0.30393749999999997 0.02083333333333326 0.024999999999999967
0 0.573375 0.3200833333333334 0.025000000000000022 0.030208333333333337
0 0.5525416666666667 0.31852083333333336 0.018749999999999933 0.027083333333333293
0 0.5515000000000001 0.28622916666666665 0.02083333333333326 0.020833333333333315