0 0.08349367088607573 0.27149367088607607 0.12151898734177213 0.14556962025316456
0 0.20437974683544297 0.2803544303797469 0.12531645569620264 0.1430379746835443
0 0.5803291139240505 0.5012405063291139 0.08734177215189887 0.09113924050632904
0 0.6809620253164557 0.5151645569620253 0.07848101265822782 0.07848101265822782
0 0.42210126582278484 0.5987088607594937 0.036708860759493644 0.040506329113924044
0 0.31640506329113927 0.6309873417721519 0.03797468354430378 0.029113924050632956
0 0.3474177215189873 0.6309873417721519 0.026582278481012578 0.029113924050632956
0 0.212125 0.6505416666666667 0.018750000000000044 0.02604166666666674
0 0.23191666666666666 0.6510625 0.018750000000000044 0.027083333333333348
0 0.033999999999999864 0.68075 0.01666666666666672 0.02187500000000009
0 0.04962499999999992 0.6760625 0.02083333333333326 0.02499999999999991
0 0.12462500000000004 0.6599166666666667 0.025000000000000022 0.03020833333333328
0 0.14545833333333325 0.6614791666666666 0.018750000000000044 0.027083333333333237
0 0.14649999999999985 0.6937708333333333 0.02083333333333326 0.02083333333333326