0 0.4335063291139243 0.315493670886076 0.12151898734177213 0.14556962025316456
0 0.3126202531645571 0.32435443037974687 0.12531645569620267 0.14303797468354418
0 0.0948987341772152 0.6427088607594936 0.03670886075949363 0.040506329113924044
0 0.20059493670886075 0.6749873417721519 0.03797468354430372 0.029113924050632956
0 0.16958227848101268 0.6749873417721519 0.026582278481012633 0.029113924050632956
0 0.304875 0.6945416666666666 0.01874999999999999 0.02604166666666663
0 0.28508333333333336 0.6950625 0.01874999999999999 0.027083333333333348
0 0.4830000000000001 0.72475 0.016666666666666774 0.02187500000000009
0 0.4673750000000001 0.7200625 0.02083333333333326 0.025000000000000022
0 0.39237500000000003 0.7039166666666667 0.024999999999999967 0.03020833333333328
0 0.37154166666666677 0.7054791666666667 0.01874999999999999 0.027083333333333348
0 0.3705000000000001 0.7377708333333334 0.02083333333333326 0.02083333333333326