0 0.6964936708860757 0.321493670886076 0.12151898734177213 0.14556962025316456
0 0.8173797468354429 0.3303544303797469 0.12531645569620264 0.14303797468354418
0 0.9294050632911393 0.6809873417721519 0.03797468354430378 0.029113924050632956
0 0.9604177215189873 0.6809873417721519 0.026582278481012578 0.029113924050632956
0 0.825125 0.7005416666666666 0.018750000000000044 0.02604166666666663
0 0.8449166666666666 0.7010625 0.018750000000000044 0.027083333333333348
0 0.6469999999999999 0.73075 0.01666666666666683 0.02187500000000009
0 0.6626249999999999 0.7260625 0.02083333333333326 0.025000000000000022
0 0.737625 0.7099166666666668 0.02499999999999991 0.03020833333333328
0 0.7584583333333332 0.7114791666666667 0.018749999999999933 0.027083333333333348
0 0.7595 0.7437708333333334 0.02083333333333326 0.02083333333333326