0 0.7755063291139243 0.657506329113924 0.12151898734177213 0.14556962025316456
0 0.6546202531645571 0.6486455696202531 0.12531645569620264 0.14303797468354418
0 0.27867088607594936 0.42775949367088606 0.08734177215189881 0.09113924050632904
0 0.17803797468354435 0.41383544303797465 0.07848101265822788 0.07848101265822782
0 0.4368987341772152 0.3302911392405063 0.036708860759493644 0.040506329113924044
0 0.5425949367088607 0.2980126582278481 0.03797468354430367 0.029113924050632844
0 0.5115822784810127 0.2980126582278481 0.026582278481012578 0.029113924050632844
0 0.646875 0.27845833333333336 0.018750000000000044 0.026041666666666685
0 0.6270833333333334 0.2779375 0.018749999999999933 0.027083333333333348
0 0.8250000000000002 0.24825000000000003 0.01666666666666672 0.02187500000000006
0 0.8093750000000001 0.2529375 0.02083333333333326 0.024999999999999994
0 0.734375 0.26908333333333334 0.02499999999999991 0.03020833333333328
0 0.7135416666666667 0.2675208333333333 0.018750000000000044 0.027083333333333293
0 0.7125000000000001 0.23522916666666666 0.02083333333333326 0.020833333333333315