0 0.3255063291139243 0.6745063291139239 0.12151898734177208 0.14556962025316456
0 0.20462025316455706 0.6656455696202531 0.12531645569620262 0.14303797468354418
0 0.0026265822784810097 0.3472911392405063 0.005253164556962019 0.040506329113924044
0 0.09259493670886076 0.3150126582278481 0.037974683544303736 0.0291139240506329
0 0.06158227848101268 0.3150126582278481 0.026582278481012626 0.0291139240506329
0 0.196875 0.2954583333333334 0.01874999999999999 0.026041666666666685
0 0.17708333333333337 0.29493749999999996 0.01874999999999999 0.027083333333333404
0 0.3750000000000001 0.26525 0.01666666666666672 0.021875000000000033
0 0.3593750000000001 0.2699375 0.02083333333333326 0.025000000000000022
0 0.284375 0.28608333333333336 0.025000000000000022 0.030208333333333337
0 0.2635416666666668 0.28452083333333333 0.01874999999999999 0.027083333333333348
0 0.2625000000000001 0.25222916666666667 0.02083333333333326 0.020833333333333287