0 0.4144936708860757 0.661506329113924 0.12151898734177213 0.14556962025316456
0 0.5353797468354429 0.6526455696202531 0.12531645569620264 0.14303797468354418
0 0.9113291139240506 0.43175949367088606 0.08734177215189876 0.09113924050632904
0 0.9863607594936709 0.41783544303797465 0.027278481012658284 0.07848101265822782
0 0.7531012658227848 0.3342911392405063 0.036708860759493644 0.040506329113924044
0 0.6474050632911392 0.3020126582278481 0.03797468354430367 0.029113924050632844
0 0.6784177215189873 0.3020126582278481 0.02658227848101269 0.029113924050632844
0 0.543125 0.28245833333333337 0.018750000000000044 0.026041666666666685
0 0.5629166666666666 0.2819375 0.018750000000000044 0.027083333333333348
0 0.3649999999999999 0.25225000000000003 0.01666666666666683 0.02187500000000006
0 0.3806249999999999 0.2569375 0.02083333333333326 0.024999999999999994
0 0.455625 0.27308333333333334 0.025000000000000022 0.03020833333333328
0 0.47645833333333326 0.2715208333333333 0.018749999999999933 0.027083333333333293
0 0.4774999999999999 0.23922916666666666 0.02083333333333326 0.020833333333333315