0 0.9518734177215191 0.665506329113924 0.09625316455696176 0.14556962025316456
0 0.8436202531645571 0.6566455696202531 0.12531645569620264 0.14303797468354418
0 0.4676708860759494 0.43575949367088607 0.08734177215189881 0.0911392405063291
0 0.3670379746835444 0.42183544303797466 0.07848101265822788 0.07848101265822782
0 0.6258987341772152 0.3382911392405063 0.036708860759493644 0.040506329113924044
0 0.7315949367088608 0.30601265822784807 0.03797468354430378 0.0291139240506329
0 0.7005822784810127 0.30601265822784807 0.02658227848101269 0.0291139240506329
0 0.8358749999999999 0.28645833333333337 0.018749999999999933 0.026041666666666685
0 0.8160833333333334 0.2859375 0.018750000000000044 0.027083333333333348
0 0.9939791666666667 0.2609375 0.012041666666666506 0.024999999999999994
0 0.9233750000000001 0.27708333333333335 0.025000000000000022 0.03020833333333328
0 0.9025416666666668 0.2755208333333333 0.018749999999999933 0.027083333333333293
0 0.9015000000000001 0.24322916666666666 0.02083333333333326 0.020833333333333287