0 0.34950632911392426 0.333493670886076 0.12151898734177213 0.14556962025316456
0 0.22862025316455709 0.3423544303797469 0.12531645569620264 0.14303797468354418
0 0.01462658227848101 0.6607088607594936 0.02925316455696202 0.040506329113924044
0 0.11659493670886076 0.6929873417721519 0.03797468354430372 0.029113924050632956
0 0.08558227848101269 0.6929873417721519 0.02658227848101262 0.029113924050632956
0 0.220875 0.7125416666666666 0.018750000000000017 0.02604166666666663
0 0.20108333333333336 0.7130625 0.01874999999999999 0.027083333333333348
0 0.39900000000000013 0.74275 0.016666666666666774 0.02187500000000009
0 0.38337500000000013 0.7380625000000001 0.02083333333333326 0.025000000000000022
0 0.308375 0.7219166666666667 0.025000000000000022 0.03020833333333317
0 0.2875416666666667 0.7234791666666667 0.01874999999999999 0.027083333333333237
0 0.2865000000000001 0.7557708333333334 0.02083333333333326 0.02083333333333326