0 0.6625063291139243 0.311493670886076 0.12151898734177213 0.14556962025316456
0 0.5416202531645571 0.32035443037974687 0.1253164556962026 0.14303797468354418
0 0.1656708860759494 0.5412405063291139 0.08734177215189881 0.09113924050632904
0 0.06503797468354434 0.5551645569620254 0.07848101265822788 0.07848101265822782
0 0.3238987341772152 0.6387088607594936 0.036708860759493644 0.040506329113924044
0 0.42959493670886073 0.6709873417721519 0.03797468354430372 0.029113924050632956
0 0.3985822784810127 0.6709873417721519 0.026582278481012633 0.029113924050632956
0 0.533875 0.6905416666666666 0.018750000000000044 0.02604166666666663
0 0.5140833333333334 0.6910625 0.018749999999999933 0.027083333333333348
0 0.7120000000000002 0.72075 0.01666666666666672 0.02187500000000009
0 0.6963750000000001 0.7160625 0.02083333333333326 0.025000000000000022
0 0.621375 0.6999166666666667 0.02499999999999991 0.03020833333333328
0 0.6005416666666668 0.7014791666666667 0.018750000000000044 0.027083333333333348
0 0.5995000000000001 0.7337708333333334 0.02083333333333326 0.02083333333333326