0 0.26450632911392424 0.710506329113924 0.1215189873417721 0.14556962025316456
0 0.1436202531645571 0.7016455696202532 0.12531645569620264 0.14303797468354418
0 0.03159493670886076 0.3510126582278481 0.03797468354430373 0.029113924050632844
0 0.006936708860759495 0.3510126582278481 0.01387341772151899 0.029113924050632844
0 0.135875 0.3314583333333333 0.01874999999999999 0.026041666666666685
0 0.11608333333333337 0.3309375 0.01874999999999999 0.027083333333333348
0 0.3140000000000001 0.30125 0.01666666666666672 0.02187500000000009
0 0.2983750000000001 0.3059375 0.02083333333333326 0.024999999999999967
0 0.223375 0.32208333333333333 0.024999999999999994 0.03020833333333328
0 0.20254166666666673 0.32052083333333337 0.018750000000000017 0.027083333333333293
0 0.20150000000000012 0.28822916666666665 0.02083333333333326 0.020833333333333315