0 0.04662658227848088 0.6685063291139239 0.09325316455696175 0.14556962025316456
0 0.15337974683544292 0.6596455696202531 0.12531645569620264 0.14303797468354418
0 0.5293291139240506 0.43875949367088607 0.08734177215189876 0.0911392405063291
0 0.6299620253164557 0.42483544303797466 0.07848101265822793 0.07848101265822782
0 0.3711012658227848 0.3412911392405063 0.036708860759493644 0.040506329113924044
0 0.2654050632911392 0.30901265822784807 0.03797468354430378 0.0291139240506329
0 0.2964177215189873 0.30901265822784807 0.02658227848101269 0.0291139240506329
0 0.16112500000000002 0.2894583333333334 0.018749999999999933 0.026041666666666685
0 0.18091666666666661 0.2889375 0.018750000000000044 0.027083333333333348
0 0.004520833333333252 0.2639375 0.009041666666666504 0.025000000000000022
0 0.073625 0.28008333333333335 0.025000000000000022 0.03020833333333328
0 0.09445833333333326 0.27852083333333333 0.018749999999999933 0.027083333333333293
0 0.09549999999999992 0.24622916666666667 0.02083333333333326 0.020833333333333287