0 0.41850632911392427 0.723506329113924 0.12151898734177213 0.14556962025316444
0 0.2976202531645571 0.7146455696202532 0.12531645569620264 0.1430379746835443
0 0.0798987341772152 0.3962911392405063 0.03670886075949364 0.040506329113924044
0 0.18559493670886076 0.3640126582278481 0.03797468354430372 0.029113924050632844
0 0.1545822784810127 0.3640126582278481 0.026582278481012606 0.029113924050632844
0 0.289875 0.3444583333333333 0.01874999999999999 0.026041666666666685
0 0.27008333333333334 0.3439375 0.01874999999999999 0.027083333333333348
0 0.4680000000000001 0.31425000000000003 0.016666666666666774 0.02187500000000009
0 0.45237500000000014 0.3189375 0.02083333333333326 0.025000000000000022
0 0.377375 0.33508333333333334 0.025000000000000022 0.03020833333333328
0 0.35654166666666676 0.3335208333333334 0.01874999999999999 0.027083333333333293
0 0.3555000000000001 0.30122916666666666 0.02083333333333326 0.020833333333333315