0 0.25950632911392424 0.299493670886076 0.1215189873417721 0.14556962025316456
0 0.1386202531645571 0.30835443037974686 0.12531645569620264 0.14303797468354418
0 0.026594936708860758 0.6589873417721519 0.03797468354430373 0.029113924050632844
0 0.004436708860759495 0.6589873417721519 0.00887341772151899 0.029113924050632844
0 0.13087500000000002 0.6785416666666667 0.018750000000000017 0.02604166666666674
0 0.11108333333333337 0.6790625 0.018750000000000003 0.027083333333333348
0 0.3090000000000001 0.70875 0.01666666666666672 0.02187500000000009
0 0.2933750000000001 0.7040625 0.02083333333333326 0.02499999999999991
0 0.21837499999999999 0.6879166666666667 0.024999999999999994 0.03020833333333328
0 0.19754166666666673 0.6894791666666666 0.018750000000000017 0.027083333333333237
0 0.19650000000000012 0.7217708333333334 0.02083333333333326 0.02083333333333326