0 0.11449367088607576 0.338493670886076 0.12151898734177213 0.14556962025316456
0 0.23537974683544288 0.3473544303797469 0.12531645569620264 0.14303797468354418
0 0.6113291139240506 0.5682405063291139 0.08734177215189876 0.09113924050632893
0 0.7119620253164556 0.5821645569620253 0.07848101265822793 0.07848101265822782
0 0.45310126582278476 0.6657088607594938 0.036708860759493644 0.040506329113924044
0 0.34740506329113924 0.6979873417721519 0.03797468354430367 0.029113924050632844
0 0.37841772151898734 0.6979873417721519 0.026582278481012578 0.029113924050632844
0 0.24312499999999998 0.7175416666666666 0.018749999999999933 0.02604166666666674
0 0.26291666666666663 0.7180624999999999 0.018749999999999933 0.027083333333333348
0 0.06499999999999989 0.7477499999999999 0.01666666666666672 0.02187500000000009
0 0.08062499999999984 0.7430625 0.02083333333333326 0.025000000000000022
0 0.15562499999999996 0.7269166666666667 0.025000000000000022 0.030208333333333393
0 0.17645833333333327 0.7284791666666667 0.018750000000000044 0.027083333333333348
0 0.17749999999999988 0.7607708333333334 0.02083333333333326 0.02083333333333337