0 0.0016265822784808925 0.276493670886076 0.003253164556961785 0.14556962025316444
0 0.06337974683544295 0.2853544303797469 0.12531645569620264 0.1430379746835443
0 0.4393291139240506 0.506240506329114 0.08734177215189876 0.09113924050632904
0 0.5399620253164557 0.5201645569620253 0.07848101265822782 0.07848101265822782
0 0.28110126582278483 0.6037088607594937 0.036708860759493644 0.040506329113924044
0 0.17540506329113925 0.6359873417721519 0.03797468354430378 0.029113924050632844
0 0.2064177215189873 0.6359873417721519 0.026582278481012578 0.029113924050632844
0 0.071125 0.6555416666666667 0.018750000000000044 0.02604166666666663
0 0.09091666666666665 0.6560625 0.018750000000000044 0.027083333333333348
0 0.0069166666666666266 0.6664791666666666 0.013833333333333253 0.027083333333333348
0 0.007958333333333234 0.6987708333333333 0.015916666666666468 0.02083333333333337