0 0.3015063291139243 0.7055063291139241 0.12151898734177213 0.14556962025316456
0 0.18062025316455707 0.6966455696202531 0.12531645569620264 0.14303797468354418
0 0.06859493670886076 0.3460126582278481 0.03797468354430372 0.029113924050632844
0 0.03758227848101268 0.3460126582278481 0.02658227848101262 0.029113924050632844
0 0.172875 0.3264583333333333 0.01874999999999999 0.026041666666666685
0 0.15308333333333338 0.3259375 0.01874999999999999 0.027083333333333348
0 0.3510000000000001 0.29625 0.016666666666666774 0.021875000000000033
0 0.3353750000000001 0.30093749999999997 0.02083333333333326 0.024999999999999967
0 0.260375 0.3170833333333334 0.024999999999999967 0.030208333333333337
0 0.23954166666666674 0.31552083333333336 0.01874999999999999 0.027083333333333293
0 0.2385000000000001 0.28322916666666664 0.02083333333333326 0.020833333333333315