0 0.25950632911392424 0.7075063291139241 0.1215189873417721 0.14556962025316456
0 0.1386202531645571 0.6986455696202531 0.12531645569620264 0.14303797468354418
0 0.026594936708860758 0.3480126582278481 0.03797468354430373 0.029113924050632844
0 0.004436708860759495 0.3480126582278481 0.00887341772151899 0.029113924050632844
0 0.13087500000000002 0.3284583333333333 0.018750000000000017 0.026041666666666685
0 0.11108333333333337 0.3279375 0.018750000000000003 0.027083333333333348
0 0.3090000000000001 0.29825 0.01666666666666672 0.021875000000000033
0 0.2933750000000001 0.30293749999999997 0.02083333333333326 0.024999999999999967
0 0.21837499999999999 0.3190833333333334 0.024999999999999994 0.030208333333333337
0 0.19754166666666673 0.31752083333333336 0.018750000000000017 0.027083333333333293
0 0.19650000000000012 0.28522916666666664 0.02083333333333326 0.020833333333333315