0 0.8715569620253165 0.4321518987341772 0.04556962025316458 0.04683544303797471
0 0.616493670886076 0.3992405063291139 0.03417721518987349 0.024050632911392367
0 0.5588987341772151 0.3840506329113924 0.03544303797468362 0.021518987341772156
0 0.4842151898734178 0.37455696202531646 0.027848101265822822 0.025316455696202556
0 0.4626962025316456 0.37392405063291134 0.025316455696202556 0.024050632911392367
0 0.3911772151898735 0.3789873417721519 0.024050632911392367 0.02658227848101269
0 0.16016455696202545 0.35810126582278484 0.02278481012658229 0.017721518987341756
0 0.1443417721518988 0.35873417721518985 0.01898734177215189 0.016455696202531678
0 0.0009683544303798044 0.3650632911392405 0.0019367088607596089 0.013924050632911411
0 0.037379746835443144 0.3524050632911392 0.007594936708860758 0.008860759493670878
0 0.0449746835443039 0.349873417721519 0.015189873417721517 0.011392405063291089