0 0.9115569620253166 0.5788481012658228 0.04556962025316458 0.04683544303797471
0 0.656493670886076 0.6117594936708861 0.03417721518987338 0.024050632911392422
0 0.5988987341772152 0.6269493670886076 0.03544303797468351 0.021518987341772045
0 0.5242151898734178 0.6364430379746835 0.027848101265822822 0.025316455696202556
0 0.5026962025316456 0.6370759493670886 0.025316455696202445 0.024050632911392422
0 0.4311772151898735 0.6320126582278481 0.024050632911392367 0.026582278481012578
0 0.20016455696202545 0.6528987341772152 0.02278481012658226 0.017721518987341756
0 0.18434177215189881 0.6522658227848102 0.01898734177215189 0.016455696202531733
0 0.03244303797468365 0.6459367088607595 0.01898734177215192 0.013924050632911467
0 0.018518987341772257 0.6453037974683544 0.01898734177215192 0.0151898734177216
0 0.07737974683544313 0.6585949367088608 0.007594936708860758 0.008860759493670933
0 0.0849746835443039 0.6611265822784811 0.015189873417721517 0.011392405063291089