0 0.9325569620253165 0.4511518987341772 0.04556962025316447 0.04683544303797471
0 0.677493670886076 0.4182405063291139 0.03417721518987338 0.024050632911392367
0 0.6198987341772152 0.4030506329113924 0.03544303797468351 0.02151898734177221
0 0.5452151898734179 0.3935569620253164 0.027848101265822822 0.0253164556962025
0 0.5236962025316456 0.39292405063291136 0.025316455696202445 0.024050632911392367
0 0.4521772151898735 0.3979873417721519 0.024050632911392367 0.02658227848101269
0 0.22116455696202544 0.3771012658227848 0.02278481012658229 0.017721518987341756
0 0.2053417721518988 0.37773417721518987 0.01898734177215189 0.016455696202531622
0 0.05344303797468365 0.38406329113924054 0.018987341772151924 0.013924050632911411
0 0.03951898734177226 0.38469620253164555 0.01898734177215192 0.015189873417721489
0 0.09837974683544315 0.3714050632911392 0.007594936708860758 0.008860759493670822
0 0.1059746835443039 0.368873417721519 0.015189873417721503 0.011392405063291089