0 0.11344303797468347 0.46215189873417717 0.04556962025316458 0.046835443037974656
0 0.368506329113924 0.4292405063291139 0.03417721518987338 0.024050632911392367
0 0.4261012658227848 0.4140506329113924 0.03544303797468362 0.021518987341772156
0 0.5007848101265822 0.40455696202531644 0.027848101265822822 0.0253164556962025
0 0.5223037974683544 0.40392405063291137 0.025316455696202556 0.024050632911392367
0 0.5938227848101265 0.4089873417721519 0.024050632911392422 0.02658227848101269
0 0.8248354430379745 0.3881012658227848 0.02278481012658229 0.017721518987341756
0 0.8406582278481012 0.3887341772151899 0.018987341772152 0.016455696202531678
0 0.9915316455696201 0.39506329113924055 0.016936708860759597 0.013924050632911411
0 0.9984936708860759 0.39569620253164556 0.0030126582278482417 0.015189873417721489
0 0.9476202531645568 0.3824050632911392 0.007594936708860689 0.008860759493670822
0 0.9400253164556962 0.379873417721519 0.015189873417721489 0.011392405063291089