0 0.9894430379746837 0.5389873417721519 0.021113924050632726 0.059493670886076044
0 0.8617974683544305 0.5383544303797468 0.05696202531645578 0.06582278481012671
0 0.7978734177215191 0.5649367088607595 0.053164556962025156 0.05569620253164553
0 0.6978734177215191 0.5364556962025316 0.05063291139240511 0.051898734177215244
0 0.6244556962025317 0.5712658227848101 0.048101265822784844 0.040506329113924044
0 0.5807848101265823 0.5655696202531646 0.04936708860759498 0.04177215189873429
0 0.5295189873417722 0.5465822784810126 0.04556962025316458 0.0544303797468354
0 0.487746835443038 0.5472151898734177 0.05063291139240511 0.05316455696202527
0 0.5023037974683544 0.6655696202531645 0.031645569620253056 0.024050632911392422
0 0.4776202531645569 0.6592405063291139 0.030379746835443033 0.03164556962025311
0 0.4004050632911393 0.6687341772151898 0.027848101265822822 0.03037974683544309
0 0.38015189873417726 0.6662025316455696 0.027848101265822822 0.02784810126582271