0 0.09722784810126578 0.6058860759493672 0.05316455696202527 0.06329113924050633
0 0.1427974683544302 0.603987341772152 0.05063291139240511 0.05949367088607593
0 0.2852025316455695 0.6033544303797469 0.05696202531645578 0.0658227848101266
0 0.34912658227848087 0.6299367088607595 0.05316455696202527 0.05569620253164553
0 0.4491265822784809 0.6014556962025317 0.05063291139240511 0.05189873417721513
0 0.5225443037974683 0.6362658227848101 0.048101265822784844 0.040506329113924044
0 0.5662151898734177 0.6305696202531645 0.04936708860759498 0.04177215189873429
0 0.6174810126582279 0.6115822784810127 0.04556962025316458 0.05443037974683551
0 0.659253164556962 0.6122151898734177 0.05063291139240511 0.05316455696202538
0 0.6446962025316455 0.7305696202531645 0.03164556962025311 0.02405063291139231
0 0.669379746835443 0.724240506329114 0.03037974683544309 0.03164556962025322
0 0.7465949367088607 0.7337341772151899 0.027848101265822933 0.030379746835442978
0 0.7668481012658228 0.7312025316455696 0.027848101265822822 0.02784810126582271