0 0.9847151898734178 0.5078607594936708 0.030569620253164453 0.08354430379746836
0 0.9510759493670887 0.5135569620253164 0.07468354430379764 0.08481012658227849
0 0.8010759493670888 0.49583544303797467 0.06835443037974698 0.06708860759493668
0 0.6567721518987342 0.42811392405063287 0.05316455696202527 0.06329113924050628
0 0.6112025316455698 0.43001265822784807 0.05063291139240511 0.05949367088607593
0 0.46879746835443054 0.43064556962025313 0.05696202531645578 0.06582278481012666
0 0.4048734177215191 0.4040632911392405 0.05316455696202521 0.05569620253164553
0 0.3048734177215191 0.43254430379746833 0.050632911392405 0.05189873417721513
0 0.23145569620253176 0.39773417721518983 0.04810126582278487 0.040506329113924044
0 0.18778481012658232 0.40343037974683543 0.04936708860759495 0.04177215189873418
0 0.13651898734177217 0.4224177215189874 0.045569620253164536 0.054430379746835345
0 0.09474683544303798 0.4217848101265823 0.050632911392405056 0.05316455696202527
0 0.10930379746835445 0.30343037974683545 0.031645569620253125 0.024050632911392422
0 0.08462025316455697 0.30975949367088607 0.030379746835443033 0.03164556962025317
0 0.010664556962025357 0.3002658227848101 0.021329113924050715 0.03037974683544309
0 0.0005379746835443484 0.30279746835443033 0.0010759493670886968 0.027848101265822767