0 0.9932151898734178 0.5008607594936709 0.013569620253164438 0.08354430379746847
0 0.9653670886075949 0.5065569620253164 0.06926582278481008 0.08481012658227849
0 0.8180759493670888 0.48883544303797466 0.06835443037974687 0.06708860759493679
0 0.6737721518987343 0.4211139240506329 0.05316455696202527 0.06329113924050633
0 0.6282025316455698 0.42301265822784806 0.05063291139240511 0.05949367088607599
0 0.4857974683544305 0.4236455696202531 0.05696202531645572 0.06582278481012666
0 0.4218734177215191 0.3970632911392405 0.05316455696202527 0.05569620253164553
0 0.3218734177215191 0.4255443037974683 0.050632911392405056 0.05189873417721513
0 0.24845569620253172 0.3907341772151898 0.048101265822784844 0.040506329113924044
0 0.20478481012658234 0.3964303797468354 0.04936708860759495 0.04177215189873418
0 0.15351898734177216 0.41541772151898737 0.04556962025316455 0.0544303797468354
0 0.11174683544303798 0.4147848101265823 0.050632911392405056 0.05316455696202527
0 0.12630379746835446 0.29643037974683545 0.03164556962025314 0.024050632911392422
0 0.10162025316455697 0.30275949367088606 0.030379746835443033 0.03164556962025317
0 0.024405063291139298 0.2932658227848101 0.027848101265822833 0.03037974683544309
0 0.009037974683544349 0.2957974683544304 0.018075949367088697 0.027848101265822822