0 0.08022784810126576 0.4011139240506329 0.05316455696202527 0.06329113924050633
0 0.12579746835443018 0.40301265822784804 0.05063291139240511 0.05949367088607599
0 0.2682025316455695 0.40364556962025316 0.05696202531645578 0.0658227848101266
0 0.33212658227848085 0.37706329113924053 0.05316455696202527 0.05569620253164559
0 0.4321265822784809 0.4055443037974683 0.05063291139240511 0.05189873417721519
0 0.5055443037974683 0.37073417721518986 0.048101265822784844 0.040506329113924044
0 0.5492151898734177 0.3764303797468354 0.04936708860759498 0.04177215189873418
0 0.6004810126582278 0.39541772151898735 0.04556962025316447 0.0544303797468354
0 0.642253164556962 0.3947848101265823 0.05063291139240489 0.05316455696202532
0 0.6276962025316456 0.27643037974683543 0.03164556962025311 0.024050632911392422
0 0.652379746835443 0.28275949367088604 0.030379746835442978 0.03164556962025317
0 0.7295949367088608 0.27326582278481015 0.027848101265822822 0.030379746835443033
0 0.7498481012658227 0.2757974683544304 0.027848101265822822 0.027848101265822767