0 0.005056962025316358 0.603987341772152 0.010113924050632717 0.05949367088607593
0 0.1272025316455695 0.6033544303797469 0.05696202531645578 0.0658227848101266
0 0.1911265822784809 0.6299367088607595 0.053164556962025156 0.05569620253164553
0 0.29112658227848087 0.6014556962025317 0.05063291139240511 0.05189873417721513
0 0.36454430379746827 0.6362658227848101 0.048101265822784844 0.040506329113924044
0 0.40821518987341765 0.6305696202531645 0.04936708860759498 0.04177215189873429
0 0.4594810126582278 0.6115822784810127 0.04556962025316458 0.05443037974683551
0 0.501253164556962 0.6122151898734177 0.05063291139240511 0.05316455696202538
0 0.4866962025316456 0.7305696202531645 0.03164556962025311 0.02405063291139231
0 0.5113797468354431 0.724240506329114 0.03037974683544309 0.03164556962025322
0 0.5885949367088608 0.7337341772151899 0.027848101265822822 0.030379746835442978
0 0.6088481012658227 0.7312025316455696 0.027848101265822822 0.02784810126582271