0 0.018550632911392306 0.49083544303797466 0.03710126582278461 0.06708860759493679
0 0.1472278481012657 0.4231139240506329 0.05316455696202527 0.06329113924050633
0 0.19279746835443018 0.42501265822784806 0.050632911392405 0.05949367088607599
0 0.33520253164556946 0.42564556962025313 0.05696202531645578 0.06582278481012666
0 0.3991265822784809 0.3990632911392405 0.05316455696202527 0.05569620253164553
0 0.4991265822784809 0.42754430379746833 0.050632911392405 0.05189873417721513
0 0.5725443037974683 0.39273417721518983 0.048101265822784844 0.040506329113924044
0 0.6162151898734177 0.39843037974683543 0.04936708860759498 0.04177215189873418
0 0.6674810126582278 0.4174177215189874 0.04556962025316447 0.0544303797468354
0 0.709253164556962 0.4167848101265823 0.050632911392405 0.05316455696202527
0 0.6946962025316455 0.29843037974683545 0.03164556962025311 0.024050632911392422
0 0.719379746835443 0.30475949367088606 0.03037974683544309 0.03164556962025317
0 0.7965949367088607 0.2952658227848101 0.027848101265822822 0.03037974683544309
0 0.8168481012658226 0.2977974683544304 0.027848101265822822 0.027848101265822822