0 0.9337974683544306 0.43364556962025314 0.05696202531645578 0.06582278481012666
0 0.869873417721519 0.4070632911392405 0.05316455696202527 0.05569620253164553
0 0.7698734177215192 0.43554430379746834 0.050632911392405 0.05189873417721513
0 0.6964556962025317 0.40073417721518984 0.048101265822784955 0.040506329113924044
0 0.6527848101265823 0.40643037974683544 0.04936708860759498 0.04177215189873418
0 0.6015189873417721 0.4254177215189873 0.04556962025316447 0.0544303797468354
0 0.5597468354430379 0.4247848101265823 0.050632911392405 0.05316455696202532
0 0.5743037974683545 0.30643037974683546 0.03164556962025311 0.024050632911392422
0 0.549620253164557 0.31275949367088607 0.030379746835442978 0.03164556962025317
0 0.4724050632911393 0.3032658227848101 0.027848101265822822 0.03037974683544309
0 0.45215189873417727 0.30579746835443034 0.027848101265822822 0.027848101265822767