0 0.07092405063291124 0.5331645569620254 0.06835443037974687 0.06708860759493673
0 0.21522784810126577 0.600886075949367 0.05316455696202527 0.06329113924050633
0 0.2607974683544302 0.598987341772152 0.05063291139240511 0.059493670886076044
0 0.4032025316455695 0.5983544303797468 0.05696202531645578 0.0658227848101266
0 0.46712658227848086 0.6249367088607595 0.05316455696202527 0.055696202531645644
0 0.5671265822784809 0.5964556962025317 0.05063291139240511 0.051898734177215244
0 0.6405443037974683 0.6312658227848101 0.048101265822784844 0.040506329113924044
0 0.6842151898734177 0.6255696202531645 0.04936708860759498 0.04177215189873418
0 0.7354810126582279 0.6065822784810126 0.04556962025316447 0.05443037974683529
0 0.777253164556962 0.6072151898734177 0.05063291139240511 0.05316455696202527
0 0.7626962025316456 0.7255696202531645 0.03164556962025311 0.024050632911392533
0 0.7873797468354431 0.7192405063291138 0.03037974683544309 0.03164556962025322
0 0.8645949367088608 0.7287341772151898 0.027848101265822822 0.0303797468354432
0 0.8848481012658227 0.7262025316455696 0.027848101265822822 0.027848101265822822