0 0.05220253164556948 0.44364556962025314 0.05696202531645567 0.0658227848101266
0 0.11612658227848088 0.4170632911392405 0.05316455696202527 0.05569620253164553
0 0.21612658227848092 0.44554430379746834 0.05063291139240511 0.05189873417721513
0 0.2895443037974683 0.41073417721518984 0.048101265822784844 0.040506329113924044
0 0.3332151898734177 0.41643037974683544 0.04936708860759498 0.04177215189873418
0 0.3844810126582278 0.43541772151898733 0.04556962025316447 0.0544303797468354
0 0.426253164556962 0.4347848101265823 0.050632911392405 0.05316455696202532
0 0.4116962025316455 0.31643037974683547 0.03164556962025311 0.024050632911392422
0 0.436379746835443 0.3227594936708861 0.030379746835442978 0.03164556962025317
0 0.5135949367088607 0.31326582278481013 0.02784810126582271 0.03037974683544309
0 0.5338481012658227 0.31579746835443034 0.027848101265822933 0.027848101265822767