0 0.03628481012658219 0.4961392405063292 0.07256962025316438 0.08354430379746836
0 0.09092405063291131 0.4904430379746836 0.07468354430379764 0.08481012658227849
0 0.24092405063291117 0.5081645569620253 0.06835443037974687 0.06708860759493684
0 0.38522784810126576 0.5758860759493671 0.053164556962025156 0.06329113924050633
0 0.43079746835443017 0.5739873417721519 0.050632911392405 0.05949367088607593
0 0.5732025316455694 0.5733544303797469 0.05696202531645578 0.0658227848101266
0 0.6371265822784808 0.5999367088607594 0.05316455696202527 0.05569620253164553
0 0.7371265822784809 0.5714556962025317 0.050632911392405 0.05189873417721502
0 0.8105443037974683 0.6062658227848102 0.048101265822784844 0.040506329113924044
0 0.8542151898734177 0.6005696202531646 0.04936708860759498 0.04177215189873418
0 0.9054810126582278 0.5815822784810126 0.04556962025316447 0.05443037974683551
0 0.947253164556962 0.5822151898734177 0.050632911392405 0.05316455696202538
0 0.9326962025316455 0.7005696202531646 0.03164556962025311 0.024050632911392422
0 0.957379746835443 0.6942405063291139 0.030379746835442978 0.03164556962025322