0 0.05992405063291123 0.49783544303797467 0.06835443037974687 0.06708860759493668
0 0.20422784810126576 0.43011392405063287 0.05316455696202527 0.06329113924050628
0 0.24979746835443017 0.43201265822784807 0.05063291139240511 0.05949367088607593
0 0.3922025316455695 0.43264556962025313 0.05696202531645578 0.06582278481012666
0 0.45612658227848085 0.4060632911392405 0.05316455696202527 0.05569620253164553
0 0.5561265822784809 0.43454430379746833 0.050632911392405 0.05189873417721513
0 0.6295443037974683 0.39973417721518983 0.048101265822784844 0.040506329113924044
0 0.6732151898734177 0.40543037974683543 0.04936708860759498 0.04177215189873418
0 0.7244810126582278 0.4244177215189873 0.04556962025316458 0.0544303797468354
0 0.766253164556962 0.4237848101265823 0.05063291139240511 0.05316455696202532
0 0.7516962025316456 0.30543037974683546 0.03164556962025322 0.024050632911392422
0 0.776379746835443 0.31175949367088607 0.03037974683544309 0.03164556962025317
0 0.8535949367088607 0.3022658227848101 0.027848101265822822 0.03037974683544309
0 0.8738481012658228 0.30479746835443033 0.027848101265822822 0.027848101265822767