0 0.9784430379746836 0.41801265822784806 0.043113924050632746 0.05949367088607599
0 0.8397974683544305 0.4186455696202531 0.05696202531645578 0.06582278481012666
0 0.7758734177215192 0.3920632911392405 0.05316455696202527 0.05569620253164553
0 0.6758734177215191 0.4205443037974683 0.05063291139240511 0.05189873417721513
0 0.6024556962025317 0.3857341772151898 0.048101265822784844 0.040506329113924044
0 0.5587848101265823 0.3914303797468354 0.04936708860759498 0.04177215189873418
0 0.5075189873417721 0.41041772151898737 0.04556962025316452 0.0544303797468354
0 0.46574683544303797 0.4097848101265823 0.050632911392405056 0.05316455696202527
0 0.48030379746835444 0.29143037974683544 0.03164556962025311 0.024050632911392422
0 0.455620253164557 0.29775949367088606 0.030379746835443033 0.03164556962025317
0 0.3784050632911393 0.2882658227848101 0.027848101265822822 0.03037974683544309
0 0.3581518987341773 0.2907974683544304 0.027848101265822822 0.027848101265822822