0 0.8897974683544305 0.6043544303797468 0.05696202531645578 0.0658227848101266
0 0.825873417721519 0.6309367088607595 0.05316455696202527 0.055696202531645644
0 0.7258734177215191 0.6024556962025317 0.050632911392405 0.051898734177215244
0 0.6524556962025317 0.6372658227848101 0.048101265822784844 0.040506329113924044
0 0.6087848101265824 0.6315696202531645 0.04936708860759498 0.04177215189873418
0 0.5575189873417722 0.6125822784810127 0.04556962025316458 0.05443037974683529
0 0.5157468354430379 0.6132151898734177 0.050632911392405 0.05316455696202527
0 0.5303037974683544 0.7315696202531645 0.03164556962025311 0.024050632911392533
0 0.5056202531645569 0.7252405063291139 0.030379746835442978 0.03164556962025322
0 0.4284050632911393 0.7347341772151899 0.027848101265822822 0.0303797468354432
0 0.4081518987341773 0.7322025316455696 0.027848101265822822 0.027848101265822822