0 0.003132911392405069 0.5234430379746836 0.006265822784810138 0.08481012658227849
0 0.11892405063291117 0.5411645569620254 0.06835443037974687 0.06708860759493673
0 0.26322784810126576 0.6088860759493671 0.053164556962025156 0.06329113924050633
0 0.30879746835443017 0.6069873417721519 0.050632911392405 0.05949367088607593
0 0.45120253164556945 0.6063544303797468 0.05696202531645578 0.0658227848101266
0 0.515126582278481 0.6329367088607595 0.05316455696202527 0.055696202531645644
0 0.6151265822784809 0.6044556962025317 0.05063291139240511 0.051898734177215244
0 0.6885443037974682 0.6392658227848101 0.048101265822784844 0.040506329113924044
0 0.7322151898734176 0.6335696202531645 0.04936708860759498 0.04177215189873418
0 0.7834810126582278 0.6145822784810127 0.04556962025316458 0.05443037974683529
0 0.8252531645569621 0.6152151898734177 0.050632911392405 0.05316455696202527
0 0.8106962025316455 0.7335696202531645 0.03164556962025311 0.024050632911392533
0 0.835379746835443 0.7272405063291139 0.030379746835442978 0.03164556962025322
0 0.9125949367088606 0.7367341772151899 0.027848101265822822 0.0303797468354432
0 0.9328481012658227 0.7342025316455696 0.027848101265822822 0.027848101265822822