0 0.015550632911392304 0.4608354430379747 0.031101265822784607 0.06708860759493673
0 0.1412278481012657 0.3931139240506329 0.05316455696202527 0.06329113924050633
0 0.18679746835443017 0.3950126582278481 0.050632911392405 0.05949367088607593
0 0.32920253164556945 0.39564556962025316 0.05696202531645578 0.0658227848101266
0 0.3931265822784809 0.3690632911392405 0.05316455696202527 0.05569620253164559
0 0.4931265822784809 0.3975443037974683 0.050632911392405 0.05189873417721519
0 0.5665443037974683 0.36273417721518986 0.048101265822784844 0.040506329113924044
0 0.6102151898734177 0.36843037974683546 0.04936708860759498 0.04177215189873423
0 0.6614810126582278 0.38741772151898735 0.04556962025316447 0.0544303797468354
0 0.703253164556962 0.3867848101265823 0.050632911392405 0.05316455696202532
0 0.6886962025316455 0.2684303797468355 0.03164556962025311 0.024050632911392422
0 0.713379746835443 0.2747594936708861 0.030379746835442978 0.03164556962025322
0 0.7905949367088607 0.26526582278481015 0.027848101265822933 0.03037974683544309
0 0.8108481012658226 0.2677974683544304 0.027848101265822822 0.027848101265822767