0 0.992867088607595 0.4835569620253164 0.014265822784810145 0.08481012658227849
0 0.8730759493670888 0.46583544303797464 0.06835443037974687 0.06708860759493668
0 0.7287721518987342 0.3981139240506329 0.05316455696202527 0.06329113924050633
0 0.6832025316455699 0.40001265822784804 0.050632911392405 0.05949367088607599
0 0.5407974683544305 0.40064556962025316 0.05696202531645578 0.0658227848101266
0 0.4768734177215191 0.37406329113924053 0.05316455696202527 0.05569620253164559
0 0.37687341772151906 0.4025443037974683 0.050632911392405056 0.05189873417721519
0 0.3034556962025317 0.36773417721518986 0.048101265822784844 0.040506329113924044
0 0.25978481012658233 0.37343037974683546 0.04936708860759498 0.04177215189873423
0 0.20851898734177216 0.39241772151898735 0.04556962025316455 0.0544303797468354
0 0.16674683544303798 0.3917848101265823 0.050632911392405056 0.05316455696202532
0 0.18130379746835446 0.2734303797468355 0.03164556962025314 0.024050632911392478
0 0.15662025316455697 0.2797594936708861 0.030379746835443033 0.03164556962025322
0 0.0794050632911393 0.27026582278481015 0.027848101265822836 0.03037974683544309
0 0.05915189873417728 0.2727974683544304 0.02784810126582283 0.027848101265822767