0 0.11092405063291116 0.5121645569620253 0.06835443037974687 0.06708860759493684
0 0.25522784810126575 0.5798860759493671 0.053164556962025156 0.06329113924050633
0 0.30079746835443016 0.5779873417721519 0.050632911392405 0.05949367088607593
0 0.44320253164556944 0.5773544303797469 0.05696202531645578 0.0658227848101266
0 0.507126582278481 0.6039367088607595 0.05316455696202527 0.05569620253164553
0 0.6071265822784809 0.5754556962025317 0.05063291139240511 0.05189873417721502
0 0.6805443037974682 0.6102658227848102 0.048101265822784844 0.040506329113924044
0 0.7242151898734177 0.6045696202531646 0.04936708860759487 0.04177215189873418
0 0.7754810126582278 0.5855822784810126 0.04556962025316458 0.05443037974683551
0 0.8172531645569621 0.5862151898734177 0.050632911392405 0.05316455696202538
0 0.8026962025316455 0.7045696202531646 0.03164556962025311 0.024050632911392422
0 0.827379746835443 0.6982405063291139 0.030379746835442978 0.03164556962025322
0 0.9045949367088606 0.7077341772151899 0.027848101265822822 0.03037974683544309
0 0.9248481012658227 0.7052025316455697 0.027848101265822822 0.027848101265822822