0 0.9047974683544305 0.5733544303797469 0.05696202531645578 0.0658227848101266
0 0.8408734177215191 0.5999367088607594 0.05316455696202527 0.05569620253164553
0 0.740873417721519 0.5714556962025317 0.050632911392405 0.05189873417721502
0 0.6674556962025318 0.6062658227848102 0.048101265822784844 0.040506329113924044
0 0.6237848101265824 0.6005696202531646 0.04936708860759487 0.04177215189873418
0 0.5725189873417722 0.5815822784810126 0.04556962025316458 0.05443037974683551
0 0.530746835443038 0.5822151898734177 0.050632911392405 0.05316455696202538
0 0.5453037974683544 0.7005696202531646 0.03164556962025311 0.024050632911392422
0 0.520620253164557 0.6942405063291139 0.030379746835442978 0.03164556962025322
0 0.44340506329113927 0.7037341772151899 0.027848101265822878 0.03037974683544309
0 0.4231518987341773 0.7012025316455697 0.027848101265822822 0.027848101265822822