0 0.9103037974683545 0.5298607594936708 0.07974683544303796 0.08354430379746836
0 0.8520759493670886 0.5355569620253164 0.07468354430379753 0.08481012658227854
0 0.7020759493670887 0.5178354430379747 0.06835443037974687 0.06708860759493668
0 0.5577721518987342 0.4501139240506329 0.05316455696202527 0.06329113924050628
0 0.5122025316455698 0.4520126582278481 0.05063291139240511 0.05949367088607593
0 0.3697974683544305 0.45264556962025315 0.05696202531645578 0.0658227848101266
0 0.3058734177215191 0.4260632911392405 0.05316455696202527 0.05569620253164553
0 0.2058734177215191 0.45454430379746835 0.050632911392405056 0.05189873417721519
0 0.13245569620253173 0.41973417721518985 0.048101265822784844 0.040506329113924044
0 0.08878481012658233 0.4254303797468354 0.04936708860759495 0.04177215189873423
0 0.03751898734177217 0.44441772151898734 0.04556962025316454 0.0544303797468354
0 0.010531645569620253 0.44378481012658233 0.021063291139240506 0.05316455696202532
0 0.013063291139240506 0.3254303797468355 0.02612658227848101 0.024050632911392422
0 0.00040506329113924265 0.3317594936708861 0.0008101265822784853 0.03164556962025322