0 0.9787151898734178 0.47413924050632916 0.042569620253164464 0.08354430379746836
0 0.9390759493670887 0.46844303797468356 0.07468354430379764 0.08481012658227849
0 0.7890759493670889 0.4861645569620254 0.06835443037974687 0.06708860759493673
0 0.6447721518987342 0.5538860759493671 0.05316455696202527 0.06329113924050622
0 0.5992025316455698 0.5519873417721519 0.05063291139240511 0.05949367088607582
0 0.4567974683544305 0.5513544303797469 0.05696202531645578 0.06582278481012649
0 0.39287341772151907 0.5779367088607594 0.05316455696202521 0.05569620253164553
0 0.2928734177215191 0.5494556962025317 0.050632911392405056 0.05189873417721502
0 0.21945569620253172 0.5842658227848102 0.048101265822784844 0.040506329113924044
0 0.1757848101265823 0.5785696202531646 0.04936708860759495 0.04177215189873418
0 0.12451898734177218 0.5595822784810127 0.04556962025316455 0.0544303797468354
0 0.08274683544303799 0.5602151898734177 0.05063291139240504 0.05316455696202538
0 0.09730379746835444 0.6785696202531646 0.031645569620253125 0.024050632911392422
0 0.07262025316455697 0.6722405063291139 0.030379746835443033 0.03164556962025333
0 0.004664556962025358 0.6817341772151899 0.009329113924050716 0.03037974683544309