0 0.9763037974683544 0.7051139240506329 0.04739240506329112 0.08607594936708862
0 0.9234936708860761 0.7095443037974684 0.08607594936708873 0.08481012658227849
0 0.682987341772152 0.6241012658227848 0.07088607594936702 0.07848101265822782
0 0.6152658227848103 0.6215696202531646 0.06202531645569609 0.06835443037974687
0 0.5462784810126582 0.5506835443037974 0.06835443037974687 0.0582278481012658
0 0.41020253164556975 0.5291645569620254 0.04936708860759503 0.04810126582278473
0 0.3665316455696203 0.5310632911392406 0.0430379746835442 0.051898734177215244
0 0.2817215189873418 0.5095443037974683 0.0430379746835442 0.04177215189873429
0 0.22982278481012663 0.5323291139240507 0.04303797468354434 0.044303797468354444
0 0.19058227848101272 0.5373924050632911 0.04810126582278487 0.044303797468354444
0 0.12412658227848107 0.5405569620253164 0.03924050632911383 0.04303797468354431
0 0.08805063291139242 0.5354936708860759 0.03797468354430385 0.04556962025316458
0 0.02187341772151899 0.5437215189873418 0.04374683544303798 0.051898734177215244
0 0.004151898734177223 0.5437215189873418 0.008303797468354445 0.051898734177215244