0 0.11025316455696188 0.26788607594936714 0.08227848101265844 0.08607594936708851
0 0.1805063291139239 0.2634556962025316 0.08607594936708873 0.08481012658227849
0 0.42101265822784795 0.3488987341772152 0.07088607594936702 0.07848101265822782
0 0.48873417721518964 0.3514303797468355 0.06202531645569609 0.06835443037974687
0 0.5577215189873417 0.4223164556962025 0.06835443037974687 0.0582278481012658
0 0.6937974683544302 0.4438354430379747 0.04936708860759498 0.04810126582278473
0 0.7374683544303797 0.4419367088607594 0.0430379746835442 0.051898734177215244
0 0.8222784810126582 0.4634556962025317 0.0430379746835442 0.04177215189873418
0 0.8741772151898733 0.4406708860759493 0.04303797468354431 0.044303797468354444
0 0.9134177215189873 0.43560759493670886 0.048101265822784844 0.044303797468354444
0 0.9798734177215189 0.4324430379746836 0.03924050632911391 0.04303797468354442
0 0.9984810126582278 0.43750632911392406 0.0030379746835443866 0.04556962025316458