0 0.10325316455696187 0.25288607594936713 0.08227848101265844 0.08607594936708851
0 0.17350632911392394 0.24845569620253172 0.08607594936708862 0.08481012658227849
0 0.41401265822784794 0.3338987341772152 0.07088607594936702 0.07848101265822771
0 0.4817341772151897 0.3364303797468355 0.0620253164556962 0.06835443037974687
0 0.5507215189873418 0.4073164556962025 0.06835443037974687 0.0582278481012658
0 0.6867974683544302 0.42883544303797466 0.0493670886075952 0.04810126582278473
0 0.7304683544303797 0.4269367088607594 0.04303797468354431 0.051898734177215244
0 0.8152784810126582 0.4484556962025317 0.04303797468354431 0.04177215189873418
0 0.8671772151898733 0.4256708860759494 0.04303797468354442 0.044303797468354444
0 0.9064177215189873 0.42060759493670885 0.048101265822784844 0.044303797468354444
0 0.9728734177215189 0.4174430379746836 0.03924050632911391 0.04303797468354442
0 0.9949810126582278 0.4225063291139241 0.010037974683544393 0.04556962025316447