0 0.9807721518987342 0.6591012658227848 0.03845569620253153 0.07848101265822771
0 0.9292658227848103 0.6565696202531646 0.0620253164556962 0.06835443037974687
0 0.8602784810126582 0.5856835443037975 0.06835443037974687 0.0582278481012658
0 0.7242025316455698 0.5641645569620253 0.04936708860759509 0.04810126582278473
0 0.6805316455696203 0.5660632911392406 0.04303797468354431 0.051898734177215244
0 0.5957215189873418 0.5445443037974683 0.04303797468354431 0.04177215189873418
0 0.5438227848101267 0.5673291139240506 0.04303797468354442 0.044303797468354444
0 0.5045822784810128 0.5723924050632911 0.0481012658227849 0.044303797468354444
0 0.43812658227848106 0.5755569620253165 0.0392405063291138 0.04303797468354442
0 0.4020506329113924 0.5704936708860759 0.03797468354430389 0.04556962025316447
0 0.3343291139240506 0.5787215189873418 0.046835443037974656 0.051898734177215244
0 0.297620253164557 0.5787215189873418 0.04936708860759498 0.051898734177215244
0 0.2349620253164557 0.5584683544303798 0.035443037974683594 0.036708860759493644
0 0.2033164556962026 0.5641645569620253 0.03544303797468354 0.04303797468354431