0 0.18201265822784796 0.3318987341772152 0.07088607594936702 0.07848101265822771
0 0.2497341772151897 0.3344303797468355 0.0620253164556962 0.06835443037974687
0 0.31872151898734175 0.4053164556962025 0.06835443037974687 0.0582278481012658
0 0.45479746835443025 0.42683544303797466 0.04936708860759498 0.04810126582278473
0 0.49846835443037973 0.4249367088607594 0.04303797468354431 0.051898734177215244
0 0.5832784810126581 0.44645569620253167 0.0430379746835442 0.04177215189873418
0 0.6351772151898734 0.4236708860759494 0.04303797468354442 0.044303797468354444
0 0.6744177215189873 0.41860759493670885 0.048101265822784844 0.044303797468354444
0 0.7408734177215189 0.4154430379746836 0.03924050632911391 0.04303797468354431
0 0.7769493670886076 0.4205063291139241 0.03797468354430389 0.04556962025316447
0 0.8446708860759493 0.41227848101265824 0.0468354430379746 0.051898734177215355
0 0.8813797468354431 0.41227848101265824 0.04936708860759498 0.051898734177215355
0 0.9440379746835443 0.4325316455696202 0.03544303797468362 0.036708860759493644
0 0.9756835443037974 0.4268354430379747 0.03544303797468351 0.04303797468354431