0 0.9918037974683545 0.3028860759493671 0.016392405063291093 0.08607594936708862
0 0.9544936708860761 0.29845569620253165 0.08607594936708862 0.08481012658227849
0 0.7139873417721521 0.3838987341772152 0.07088607594936702 0.07848101265822782
0 0.6462658227848104 0.3864303797468354 0.0620253164556962 0.06835443037974687
0 0.5772784810126583 0.4573164556962025 0.06835443037974687 0.05822784810126591
0 0.4412025316455698 0.4788354430379747 0.04936708860759509 0.04810126582278473
0 0.3975316455696203 0.47693670886075945 0.043037974683544256 0.051898734177215244
0 0.3127215189873418 0.49845569620253166 0.043037974683544256 0.04177215189873429
0 0.26082278481012666 0.4756708860759493 0.04303797468354437 0.044303797468354444
0 0.22158227848101275 0.4706075949367088 0.04810126582278487 0.044303797468354444
0 0.15512658227848108 0.46744303797468356 0.03924050632911383 0.04303797468354431
0 0.11905063291139242 0.4725063291139241 0.03797468354430383 0.04556962025316458
0 0.05132911392405066 0.46427848101265823 0.04683544303797464 0.051898734177215244
0 0.019651898734177223 0.46427848101265823 0.03930379746835445 0.051898734177215244