0 0.8729873417721521 0.6731012658227848 0.07088607594936713 0.07848101265822771
0 0.8052658227848104 0.6705696202531646 0.0620253164556962 0.06835443037974687
0 0.7362784810126584 0.5996835443037974 0.06835443037974687 0.05822784810126591
0 0.6002025316455697 0.5781645569620253 0.04936708860759509 0.04810126582278473
0 0.5565316455696203 0.5800632911392406 0.04303797468354431 0.051898734177215244
0 0.4717215189873418 0.5585443037974683 0.0430379746835442 0.04177215189873418
0 0.4198227848101266 0.5813291139240506 0.04303797468354437 0.044303797468354444
0 0.3805822784810127 0.5863924050632912 0.048101265822784844 0.044303797468354444
0 0.31412658227848106 0.5895569620253164 0.0392405063291138 0.04303797468354431
0 0.2780506329113924 0.584493670886076 0.03797468354430389 0.04556962025316447
0 0.21032911392405065 0.5927215189873418 0.046835443037974656 0.051898734177215355
0 0.17362025316455698 0.5927215189873418 0.04936708860759495 0.051898734177215355
0 0.11096202531645574 0.5724683544303797 0.03544303797468358 0.03670886075949353
0 0.07931645569620258 0.5781645569620253 0.03544303797468353 0.04303797468354431