0 0.8937468354430381 0.6911139240506329 0.08227848101265844 0.08607594936708862
0 0.8234936708860761 0.6955443037974683 0.08607594936708862 0.08481012658227849
0 0.5829873417721521 0.6101012658227848 0.07088607594936702 0.07848101265822782
0 0.5152658227848104 0.6075696202531646 0.062025316455696144 0.06835443037974687
0 0.44627848101265827 0.5366835443037975 0.06835443037974687 0.05822784810126591
0 0.31020253164556977 0.5151645569620253 0.04936708860759509 0.04810126582278473
0 0.2665316455696203 0.5170632911392405 0.043037974683544256 0.051898734177215244
0 0.18172151898734185 0.49554430379746833 0.04303797468354423 0.04177215189873429
0 0.1298227848101266 0.5183291139240507 0.04303797468354434 0.044303797468354444
0 0.09058227848101275 0.5233924050632912 0.04810126582278486 0.044303797468354444
0 0.024126582278481065 0.5265569620253164 0.03924050632911383 0.04303797468354431
0 0.0035189873417721743 0.5214936708860759 0.0070379746835443485 0.04556962025316458