0 0.9765506329113924 0.4233164556962025 0.04689873417721513 0.0582278481012658
0 0.8512025316455698 0.4448354430379747 0.04936708860759509 0.04810126582278473
0 0.8075316455696203 0.4429367088607594 0.04303797468354431 0.051898734177215244
0 0.7227215189873418 0.4644556962025317 0.04303797468354431 0.04177215189873418
0 0.6708227848101267 0.4416708860759493 0.04303797468354442 0.044303797468354444
0 0.6315822784810128 0.43660759493670886 0.048101265822784844 0.044303797468354444
0 0.565126582278481 0.4334430379746836 0.0392405063291138 0.04303797468354442
0 0.5290506329113924 0.43850632911392406 0.03797468354430378 0.04556962025316458
0 0.4613291139240506 0.4302784810126582 0.046835443037974656 0.051898734177215244
0 0.424620253164557 0.4302784810126582 0.04936708860759498 0.051898734177215244
0 0.3619620253164557 0.4505316455696202 0.03544303797468357 0.036708860759493644
0 0.3303164556962026 0.44483544303797473 0.03544303797468357 0.04303797468354431