0 0.9782721518987343 0.6871012658227849 0.043455696202531535 0.07848101265822771
0 0.9242658227848104 0.6845696202531646 0.0620253164556962 0.06835443037974687
0 0.8552784810126584 0.6136835443037975 0.06835443037974687 0.05822784810126591
0 0.7192025316455697 0.5921645569620253 0.04936708860759509 0.048101265822784844
0 0.6755316455696203 0.5940632911392405 0.04303797468354431 0.051898734177215355
0 0.5907215189873418 0.5725443037974683 0.04303797468354431 0.04177215189873418
0 0.5388227848101266 0.5953291139240506 0.04303797468354442 0.044303797468354444
0 0.4995822784810128 0.6003924050632912 0.0481012658227849 0.044303797468354444
0 0.43312658227848105 0.6035569620253164 0.0392405063291138 0.04303797468354431
0 0.3970506329113924 0.598493670886076 0.03797468354430383 0.04556962025316447
0 0.3293291139240506 0.6067215189873417 0.046835443037974656 0.051898734177215244
0 0.292620253164557 0.6067215189873417 0.04936708860759498 0.051898734177215244
0 0.22996202531645574 0.5864683544303797 0.03544303797468357 0.036708860759493644
0 0.1983164556962026 0.5921645569620253 0.03544303797468354 0.04303797468354431