0 0.9492025316455697 0.5351645569620254 0.04936708860759509 0.04810126582278473
0 0.9055316455696203 0.5370632911392406 0.0430379746835442 0.051898734177215244
0 0.8207215189873418 0.5155443037974683 0.0430379746835442 0.04177215189873429
0 0.7688227848101266 0.5383291139240507 0.04303797468354442 0.044303797468354444
0 0.7295822784810128 0.5433924050632911 0.048101265822784844 0.044303797468354444
0 0.6631265822784811 0.5465569620253163 0.0392405063291138 0.04303797468354442
0 0.6270506329113925 0.5414936708860759 0.03797468354430389 0.04556962025316458
0 0.5593291139240506 0.5497215189873418 0.0468354430379746 0.051898734177215244
0 0.522620253164557 0.5497215189873418 0.04936708860759498 0.051898734177215244
0 0.45996202531645575 0.5294683544303798 0.03544303797468362 0.036708860759493644
0 0.4283164556962026 0.5351645569620254 0.03544303797468351 0.04303797468354442