0 0.01119620253164555 0.7111139240506329 0.0223924050632911 0.08607594936708862
0 0.05150632911392394 0.7155443037974684 0.08607594936708862 0.08481012658227849
0 0.29201265822784794 0.6301012658227848 0.07088607594936702 0.07848101265822782
0 0.3597341772151897 0.6275696202531647 0.0620253164556962 0.06835443037974687
0 0.42872151898734173 0.5566835443037974 0.06835443037974687 0.0582278481012658
0 0.5647974683544302 0.5351645569620254 0.04936708860759498 0.04810126582278473
0 0.6084683544303797 0.5370632911392406 0.0430379746835442 0.051898734177215244
0 0.6932784810126582 0.5155443037974683 0.0430379746835442 0.04177215189873429
0 0.7451772151898733 0.5383291139240507 0.04303797468354431 0.044303797468354444
0 0.7844177215189873 0.5433924050632911 0.048101265822784844 0.044303797468354444
0 0.8508734177215189 0.5465569620253163 0.0392405063291138 0.04303797468354442
0 0.8869493670886076 0.5414936708860759 0.03797468354430378 0.04556962025316458
0 0.9546708860759494 0.5497215189873418 0.0468354430379746 0.051898734177215244
0 0.9833481012658227 0.5497215189873418 0.033303797468354435 0.051898734177215244