0 0.8917468354430381 0.7671139240506328 0.08227848101265844 0.08607594936708851
0 0.821493670886076 0.7715443037974683 0.08607594936708873 0.08481012658227849
0 0.580987341772152 0.6861012658227847 0.07088607594936702 0.07848101265822771
0 0.5132658227848104 0.6835696202531645 0.062025316455696144 0.06835443037974687
0 0.44427848101265827 0.6126835443037975 0.06835443037974687 0.05822784810126591
0 0.30820253164556977 0.5911645569620253 0.04936708860759509 0.048101265822784844
0 0.26453164556962033 0.5930632911392406 0.04303797468354423 0.051898734177215355
0 0.17972151898734184 0.5715443037974683 0.04303797468354423 0.04177215189873418
0 0.1278227848101266 0.5943291139240506 0.04303797468354434 0.044303797468354444
0 0.08858227848101274 0.5993924050632912 0.04810126582278486 0.044303797468354444
0 0.022126582278481063 0.6025569620253164 0.03924050632911383 0.04303797468354431
0 0.0025189873417721742 0.5974936708860759 0.0050379746835443485 0.04556962025316447