0 0.911987341772152 0.6651012658227848 0.07088607594936702 0.07848101265822771
0 0.8442658227848103 0.6625696202531646 0.06202531645569609 0.06835443037974687
0 0.7752784810126583 0.5916835443037975 0.06835443037974687 0.0582278481012658
0 0.6392025316455698 0.5701645569620253 0.04936708860759509 0.04810126582278473
0 0.5955316455696202 0.5720632911392406 0.0430379746835442 0.051898734177215244
0 0.5107215189873417 0.5505443037974683 0.0430379746835442 0.04177215189873418
0 0.4588227848101266 0.5733291139240506 0.04303797468354431 0.044303797468354444
0 0.4195822784810127 0.5783924050632911 0.0481012658227849 0.044303797468354444
0 0.35312658227848104 0.5815569620253165 0.039240506329113856 0.04303797468354442
0 0.31705063291139246 0.576493670886076 0.03797468354430383 0.04556962025316447
0 0.24932911392405066 0.5847215189873418 0.04683544303797463 0.051898734177215355
0 0.21262025316455696 0.5847215189873418 0.04936708860759495 0.051898734177215355
0 0.14996202531645575 0.5644683544303798 0.035443037974683594 0.036708860759493644
0 0.11831645569620258 0.5701645569620253 0.035443037974683525 0.04303797468354431