0 0.08601265822784798 0.3638987341772152 0.07088607594936702 0.07848101265822782
0 0.15373417721518967 0.36643037974683546 0.06202531645569609 0.06835443037974698
0 0.22272151898734166 0.43731645569620253 0.06835443037974687 0.0582278481012658
0 0.3587974683544302 0.4588354430379747 0.04936708860759509 0.04810126582278473
0 0.4024683544303797 0.45693670886075943 0.0430379746835442 0.051898734177215244
0 0.4872784810126582 0.47845569620253164 0.0430379746835442 0.04177215189873429
0 0.5391772151898734 0.4556708860759493 0.04303797468354431 0.044303797468354444
0 0.5784177215189873 0.4506075949367089 0.048101265822784844 0.044303797468354444
0 0.644873417721519 0.4474430379746836 0.0392405063291138 0.04303797468354442
0 0.6809493670886075 0.4525063291139241 0.03797468354430389 0.04556962025316458
0 0.7486708860759493 0.4442784810126582 0.04683544303797471 0.051898734177215244
0 0.785379746835443 0.4442784810126582 0.04936708860759498 0.051898734177215244
0 0.8480379746835442 0.46453164556962023 0.03544303797468362 0.036708860759493644
0 0.8796835443037975 0.4588354430379747 0.03544303797468351 0.04303797468354442