0 0.08725316455696192 0.25488607594936713 0.08227848101265833 0.08607594936708851
0 0.15750632911392393 0.2504556962025317 0.08607594936708862 0.08481012658227849
0 0.398012658227848 0.3358987341772152 0.07088607594936713 0.07848101265822771
0 0.46573417721518967 0.3384303797468355 0.0620253164556962 0.06835443037974687
0 0.5347215189873418 0.4093164556962025 0.06835443037974687 0.0582278481012658
0 0.6707974683544302 0.43083544303797466 0.04936708860759509 0.04810126582278473
0 0.7144683544303797 0.4289367088607594 0.04303797468354431 0.051898734177215244
0 0.7992784810126582 0.4504556962025317 0.04303797468354431 0.04177215189873418
0 0.8511772151898733 0.4276708860759494 0.04303797468354442 0.044303797468354444
0 0.8904177215189872 0.42260759493670885 0.048101265822784844 0.044303797468354444
0 0.956873417721519 0.4194430379746836 0.0392405063291138 0.04303797468354442
0 0.9869810126582279 0.4245063291139241 0.026037974683544296 0.04556962025316447