0 0.10525316455696188 0.25588607594936713 0.08227848101265844 0.08607594936708851
0 0.17550632911392394 0.2514556962025317 0.08607594936708862 0.08481012658227849
0 0.41601265822784794 0.3368987341772152 0.07088607594936702 0.07848101265822771
0 0.4837341772151897 0.3394303797468355 0.0620253164556962 0.06835443037974687
0 0.5527215189873418 0.4103164556962025 0.06835443037974687 0.0582278481012658
0 0.6887974683544302 0.43183544303797466 0.0493670886075952 0.04810126582278473
0 0.7324683544303797 0.4299367088607594 0.04303797468354431 0.051898734177215244
0 0.8172784810126581 0.4514556962025317 0.0430379746835442 0.04177215189873418
0 0.8691772151898733 0.4286708860759494 0.04303797468354442 0.044303797468354444
0 0.9084177215189873 0.42360759493670885 0.048101265822784844 0.044303797468354444
0 0.9748734177215189 0.4204430379746836 0.03924050632911391 0.04303797468354442
0 0.9959810126582278 0.4255063291139241 0.008037974683544391 0.04556962025316447