0 0.023949367088607565 0.39531645569620255 0.04789873417721513 0.05822784810126591
0 0.14979746835443025 0.41683544303797465 0.04936708860759509 0.04810126582278473
0 0.19346835443037969 0.4149367088607594 0.04303797468354431 0.051898734177215244
0 0.2782784810126582 0.43645569620253166 0.04303797468354431 0.04177215189873418
0 0.33017721518987336 0.4136708860759494 0.04303797468354442 0.044303797468354444
0 0.3694177215189872 0.40860759493670884 0.048101265822784844 0.044303797468354444
0 0.43587341772151894 0.4054430379746836 0.0392405063291138 0.04303797468354431
0 0.4719493670886076 0.4105063291139241 0.03797468354430378 0.04556962025316447
0 0.5396708860759494 0.40227848101265823 0.0468354430379746 0.051898734177215355
0 0.576379746835443 0.40227848101265823 0.04936708860759498 0.051898734177215355
0 0.6390379746835443 0.42253164556962025 0.03544303797468351 0.03670886075949353
0 0.6706835443037974 0.4168354430379747 0.03544303797468351 0.04303797468354431