0 0.11125316455696188 0.6961139240506329 0.08227848101265844 0.08607594936708862
0 0.1815063291139239 0.7005443037974683 0.08607594936708873 0.08481012658227849
0 0.42201265822784795 0.6151012658227848 0.07088607594936702 0.07848101265822782
0 0.4897341772151897 0.6125696202531645 0.0620253164556962 0.06835443037974687
0 0.5587215189873417 0.5416835443037975 0.06835443037974698 0.05822784810126591
0 0.6947974683544302 0.5201645569620252 0.0493670886075952 0.04810126582278473
0 0.7384683544303796 0.5220632911392405 0.0430379746835442 0.051898734177215244
0 0.8232784810126581 0.5005443037974684 0.0430379746835442 0.04177215189873429
0 0.8751772151898733 0.5233291139240507 0.04303797468354442 0.044303797468354444
0 0.9144177215189873 0.5283924050632912 0.048101265822784844 0.044303797468354444
0 0.980626582278481 0.5315569620253164 0.03874683544303803 0.04303797468354431
0 0.9989810126582278 0.5264936708860759 0.0020379746835443857 0.04556962025316458