0 0.12601265822784796 0.3278987341772152 0.07088607594936713 0.07848101265822771
0 0.19373417721518965 0.3304303797468355 0.0620253164556962 0.06835443037974687
0 0.2627215189873417 0.4013164556962025 0.06835443037974687 0.0582278481012658
0 0.39879746835443025 0.42283544303797466 0.04936708860759509 0.04810126582278473
0 0.4424683544303797 0.4209367088607594 0.04303797468354431 0.051898734177215244
0 0.5272784810126582 0.44245569620253167 0.04303797468354431 0.04177215189873418
0 0.5791772151898734 0.4196708860759494 0.04303797468354431 0.044303797468354444
0 0.6184177215189873 0.41460759493670885 0.048101265822784844 0.044303797468354444
0 0.684873417721519 0.4114430379746836 0.0392405063291138 0.04303797468354431
0 0.7209493670886076 0.4165063291139241 0.037974683544304 0.04556962025316447
0 0.7886708860759494 0.40827848101265823 0.04683544303797471 0.051898734177215355
0 0.825379746835443 0.40827848101265823 0.04936708860759498 0.051898734177215355
0 0.8880379746835443 0.42853164556962026 0.03544303797468362 0.03670886075949353
0 0.9196835443037974 0.4228354430379747 0.03544303797468351 0.04303797468354431