0 0.11801265822784796 0.34589873417721523 0.07088607594936713 0.07848101265822771
0 0.18573417721518964 0.3484303797468355 0.0620253164556962 0.06835443037974687
0 0.2547215189873417 0.4193164556962025 0.06835443037974687 0.0582278481012658
0 0.39079746835443024 0.4408354430379747 0.04936708860759509 0.04810126582278473
0 0.4344683544303797 0.4389367088607594 0.04303797468354431 0.051898734177215244
0 0.5192784810126582 0.4604556962025317 0.04303797468354431 0.04177215189873418
0 0.5711772151898734 0.4376708860759494 0.04303797468354431 0.044303797468354444
0 0.6104177215189873 0.43260759493670886 0.048101265822784844 0.044303797468354444
0 0.676873417721519 0.4294430379746836 0.0392405063291138 0.04303797468354442
0 0.7129493670886076 0.43450632911392406 0.03797468354430389 0.04556962025316458
0 0.7806708860759494 0.4262784810126582 0.04683544303797471 0.051898734177215244
0 0.817379746835443 0.4262784810126582 0.04936708860759498 0.051898734177215244
0 0.8800379746835443 0.4465316455696202 0.03544303797468362 0.036708860759493644
0 0.9116835443037974 0.44083544303797473 0.03544303797468351 0.04303797468354431