0 0.942987341772152 0.3608987341772152 0.07088607594936702 0.07848101265822782
0 0.8752658227848102 0.3634303797468355 0.0620253164556962 0.06835443037974687
0 0.8062784810126582 0.43431645569620253 0.06835443037974687 0.0582278481012658
0 0.6702025316455698 0.4558354430379747 0.04936708860759498 0.04810126582278473
0 0.6265316455696204 0.45393670886075943 0.0430379746835442 0.051898734177215244
0 0.5417215189873419 0.47545569620253164 0.0430379746835442 0.04177215189873429
0 0.48982278481012664 0.4526708860759493 0.04303797468354437 0.044303797468354444
0 0.45058227848101273 0.4476075949367089 0.048101265822784844 0.044303797468354444
0 0.38412658227848107 0.4444430379746836 0.0392405063291138 0.04303797468354442
0 0.3480506329113924 0.4495063291139241 0.03797468354430383 0.04556962025316458
0 0.2803291139240507 0.4412784810126582 0.046835443037974656 0.051898734177215244
0 0.24362025316455696 0.4412784810126582 0.04936708860759492 0.051898734177215244
0 0.18096202531645572 0.46153164556962023 0.035443037974683594 0.036708860759493644
0 0.14931645569620258 0.4558354430379747 0.03544303797468351 0.04303797468354442