0 0.9042025316455697 0.5421645569620253 0.04936708860759509 0.04810126582278473
0 0.8605316455696204 0.5440632911392406 0.0430379746835442 0.051898734177215244
0 0.7757215189873419 0.5225443037974684 0.0430379746835442 0.04177215189873429
0 0.7238227848101266 0.5453291139240507 0.04303797468354431 0.044303797468354444
0 0.6845822784810127 0.5503924050632911 0.048101265822784844 0.044303797468354444
0 0.6181265822784812 0.5535569620253165 0.0392405063291138 0.04303797468354442
0 0.5820506329113924 0.5484936708860759 0.03797468354430389 0.04556962025316458
0 0.5143291139240507 0.5567215189873418 0.04683544303797471 0.051898734177215244
0 0.4776202531645569 0.5567215189873418 0.04936708860759492 0.051898734177215244
0 0.41496202531645576 0.5364683544303798 0.03544303797468357 0.036708860759493644
0 0.3833164556962026 0.5421645569620253 0.03544303797468351 0.04303797468354442