0 0.9628037974683544 0.3088860759493671 0.07439240506329114 0.08607594936708862
0 0.896493670886076 0.30445569620253166 0.08607594936708873 0.08481012658227849
0 0.655987341772152 0.3898987341772152 0.07088607594936702 0.07848101265822782
0 0.5882658227848103 0.3924303797468354 0.06202531645569609 0.06835443037974687
0 0.5192784810126583 0.4633164556962025 0.06835443037974692 0.05822784810126591
0 0.3832025316455698 0.4848354430379747 0.04936708860759509 0.04810126582278473
0 0.33953164556962034 0.48293670886075946 0.043037974683544256 0.051898734177215244
0 0.25472151898734186 0.5044556962025317 0.043037974683544256 0.04177215189873429
0 0.2028227848101266 0.4816708860759493 0.04303797468354434 0.044303797468354444
0 0.16358227848101273 0.4766075949367088 0.048101265822784844 0.044303797468354444
0 0.09712658227848106 0.47344303797468357 0.03924050632911383 0.04303797468354431
0 0.06105063291139243 0.4785063291139241 0.03797468354430384 0.04556962025316458
0 0.00837341772151899 0.47027848101265823 0.01674683544303798 0.051898734177215244