0 0.8809873417721521 0.6261012658227848 0.07088607594936713 0.07848101265822782
0 0.8132658227848104 0.6235696202531646 0.0620253164556962 0.06835443037974687
0 0.7442784810126584 0.5526835443037974 0.06835443037974687 0.0582278481012658
0 0.6082025316455697 0.5311645569620254 0.04936708860759509 0.04810126582278473
0 0.5645316455696203 0.5330632911392406 0.04303797468354431 0.051898734177215244
0 0.47972151898734183 0.5115443037974683 0.043037974683544256 0.04177215189873429
0 0.4278227848101266 0.5343291139240507 0.04303797468354437 0.044303797468354444
0 0.38858227848101273 0.5393924050632911 0.048101265822784844 0.044303797468354444
0 0.32212658227848107 0.5425569620253163 0.0392405063291138 0.04303797468354442
0 0.28605063291139243 0.5374936708860759 0.03797468354430383 0.04556962025316458
0 0.21832911392405066 0.5457215189873418 0.046835443037974656 0.051898734177215244
0 0.181620253164557 0.5457215189873418 0.04936708860759495 0.051898734177215244
0 0.11896202531645574 0.5254683544303798 0.035443037974683594 0.036708860759493644
0 0.08731645569620258 0.5311645569620254 0.03544303797468354 0.04303797468354442