0 0.9945506329113925 0.4233164556962025 0.010898734177215097 0.0582278481012658
0 0.8872025316455698 0.4448354430379747 0.04936708860759509 0.04810126582278473
0 0.8435316455696202 0.4429367088607594 0.0430379746835442 0.051898734177215244
0 0.7587215189873417 0.4644556962025317 0.0430379746835442 0.04177215189873418
0 0.7068227848101266 0.4416708860759493 0.04303797468354431 0.044303797468354444
0 0.6675822784810127 0.43660759493670886 0.048101265822784844 0.044303797468354444
0 0.601126582278481 0.4334430379746836 0.0392405063291138 0.04303797468354442
0 0.5650506329113925 0.43850632911392406 0.03797468354430389 0.04556962025316458
0 0.49732911392405066 0.4302784810126582 0.046835443037974656 0.051898734177215244
0 0.46062025316455696 0.4302784810126582 0.04936708860759498 0.051898734177215244
0 0.39796202531645575 0.4505316455696202 0.03544303797468362 0.036708860759493644
0 0.3663164556962026 0.44483544303797473 0.03544303797468351 0.04303797468354431