0 0.008227848101265756 0.6251012658227848 0.01645569620253151 0.07848101265822782
0 0.04873417721518969 0.6225696202531645 0.06202531645569609 0.06835443037974687
0 0.11772151898734168 0.5516835443037975 0.06835443037974687 0.0582278481012658
0 0.25379746835443023 0.5301645569620252 0.04936708860759509 0.04810126582278473
0 0.2974683544303797 0.5320632911392406 0.0430379746835442 0.051898734177215244
0 0.3822784810126582 0.5105443037974684 0.0430379746835442 0.04177215189873429
0 0.4341772151898734 0.5333291139240507 0.04303797468354431 0.044303797468354444
0 0.4734177215189873 0.5383924050632911 0.048101265822784844 0.044303797468354444
0 0.539873417721519 0.5415569620253164 0.0392405063291138 0.04303797468354442
0 0.5759493670886076 0.5364936708860759 0.03797468354430389 0.04556962025316458
0 0.6436708860759494 0.5447215189873418 0.04683544303797471 0.051898734177215244
0 0.680379746835443 0.5447215189873418 0.04936708860759498 0.051898734177215244
0 0.7430379746835443 0.5244683544303798 0.03544303797468362 0.036708860759493644
0 0.7746835443037974 0.5301645569620252 0.03544303797468362 0.04303797468354442