0 0.9252025316455698 0.5141645569620252 0.04936708860759498 0.04810126582278473
0 0.8815316455696203 0.5160632911392405 0.0430379746835442 0.051898734177215244
0 0.7967215189873418 0.49454430379746833 0.0430379746835442 0.04177215189873429
0 0.7448227848101266 0.5173291139240507 0.04303797468354431 0.044303797468354444
0 0.7055822784810127 0.5223924050632912 0.048101265822784844 0.044303797468354444
0 0.6391265822784811 0.5255569620253164 0.03924050632911391 0.04303797468354431
0 0.6030506329113925 0.5204936708860759 0.03797468354430389 0.04556962025316458
0 0.5353291139240506 0.5287215189873418 0.0468354430379746 0.051898734177215244
0 0.49862025316455694 0.5287215189873418 0.04936708860759492 0.051898734177215244
0 0.4359620253164557 0.5084683544303797 0.03544303797468362 0.036708860759493644
0 0.40431645569620256 0.5141645569620253 0.03544303797468357 0.04303797468354437