0 0.024183544303797377 0.5979493670886076 0.048367088607594755 0.06075949367088607
0 0.07178481012658222 0.6492151898734178 0.059493670886076044 0.05949367088607593
0 0.2515316455696202 0.6289620253164556 0.05949367088607593 0.05696202531645567
0 0.3249493670886075 0.6283291139240507 0.051898734177215355 0.04556962025316458
0 0.11418987341772141 0.7460506329113924 0.03797468354430389 0.03544303797468351
0 0.14963291139240492 0.7454177215189873 0.03797468354430367 0.036708860759493644
0 0.3686202531645568 0.8055443037974683 0.025316455696202667 0.02784810126582271
0 0.3895063291139239 0.8068101265822785 0.0265822784810128 0.025316455696202445
0 0.49330379746835434 0.8137721518987342 0.021518987341772156 0.021518987341772156
0 0.509759493670886 0.8131392405063291 0.024050632911392644 0.027848101265822822
0 0.5388734177215188 0.8270632911392405 0.021518987341772045 0.032911392405063244
0 0.5572278481012657 0.8270632911392405 0.025316455696202445 0.02784810126582271
0 0.5762151898734176 0.8201012658227849 0.0227848101265824 0.01898734177215189
0 0.5939367088607594 0.8188354430379747 0.020253164556962133 0.021518987341772156