0 0.9998164556962026 0.5879493670886076 0.0003670886075947122 0.06075949367088607
0 0.9732341772151899 0.6392151898734177 0.0535316455696202 0.05949367088607593
0 0.7964683544303799 0.6189620253164557 0.05949367088607593 0.05696202531645578
0 0.7230506329113926 0.6183291139240507 0.051898734177215355 0.04556962025316458
0 0.9338101265822786 0.7360506329113924 0.03797468354430378 0.03544303797468351
0 0.8983670886075951 0.7354177215189873 0.037974683544303556 0.036708860759493644
0 0.6793797468354431 0.7955443037974683 0.025316455696202667 0.027848101265822822
0 0.658493670886076 0.7968101265822785 0.02658227848101269 0.025316455696202556
0 0.5546962025316458 0.8037721518987342 0.021518987341772156 0.021518987341772156
0 0.538240506329114 0.8031392405063291 0.024050632911392533 0.02784810126582271
0 0.5091265822784812 0.8170632911392405 0.021518987341772156 0.032911392405063244
0 0.49077215189873435 0.8170632911392405 0.025316455696202445 0.02784810126582271
0 0.47178481012658235 0.8101012658227849 0.022784810126582344 0.01898734177215189
0 0.45406329113924054 0.8088354430379747 0.020253164556962133 0.021518987341772156