0 0.02718354430379738 0.5529493670886076 0.05436708860759476 0.06075949367088607
0 0.07778481012658223 0.6042151898734177 0.059493670886076044 0.059493670886076044
0 0.2575316455696202 0.5839620253164557 0.05949367088607593 0.056962025316455556
0 0.3309493670886075 0.5833291139240506 0.051898734177215355 0.04556962025316447
0 0.12018987341772142 0.7010506329113925 0.03797468354430389 0.03544303797468351
0 0.15563291139240493 0.7004177215189874 0.03797468354430367 0.036708860759493644
0 0.3746202531645568 0.7605443037974684 0.025316455696202667 0.027848101265822822
0 0.3955063291139239 0.7618101265822785 0.0265822784810128 0.025316455696202556
0 0.49930379746835435 0.7687721518987342 0.021518987341772156 0.021518987341772045
0 0.515759493670886 0.7681392405063291 0.024050632911392644 0.02784810126582271
0 0.5448734177215188 0.7820632911392404 0.021518987341772045 0.032911392405063356
0 0.5632278481012657 0.7820632911392404 0.025316455696202445 0.027848101265822822
0 0.5822151898734176 0.7751012658227847 0.0227848101265824 0.01898734177215189
0 0.5999367088607594 0.7738354430379746 0.020253164556962133 0.021518987341772156