0 0.012772151898734152 0.45551898734177215 0.025544303797468304 0.08354430379746836
0 0.057822784810126426 0.45805063291139236 0.06708860759493651 0.06075949367088612
0 0.1147848101265822 0.4067848101265823 0.05949367088607593 0.05949367088607599
0 0.2945316455696202 0.4270379746835443 0.059493670886076044 0.05696202531645561
0 0.3679493670886074 0.42767088607594933 0.051898734177215355 0.04556962025316458
0 0.1571898734177214 0.30994936708860754 0.03797468354430378 0.03544303797468357
0 0.19263291139240496 0.3105822784810126 0.03797468354430367 0.0367088607594937
0 0.41162025316455686 0.25045569620253166 0.025316455696202667 0.02784810126582274
0 0.43250632911392395 0.24918987341772153 0.0265822784810128 0.025316455696202472
0 0.5363037974683543 0.24222784810126585 0.021518987341772045 0.021518987341772156
0 0.552759493670886 0.24286075949367092 0.024050632911392533 0.02784810126582274
0 0.5818734177215188 0.22893670886075954 0.021518987341772156 0.0329113924050633
0 0.6002278481012656 0.2289367088607595 0.025316455696202445 0.027848101265822794
0 0.6192151898734176 0.23589873417721524 0.022784810126582178 0.018987341772151917
0 0.6369367088607594 0.23716455696202537 0.020253164556962133 0.021518987341772183