0 0.77573417721519 0.45551898734177215 0.06455696202531658 0.08354430379746836
0 0.7111772151898735 0.45805063291139236 0.06708860759493662 0.06075949367088612
0 0.6542151898734179 0.4067848101265823 0.05949367088607593 0.05949367088607599
0 0.47446835443037977 0.4270379746835443 0.05949367088607593 0.05696202531645561
0 0.40105063291139254 0.42767088607594933 0.051898734177215355 0.04556962025316458
0 0.6118101265822786 0.30994936708860754 0.03797468354430389 0.03544303797468357
0 0.5763670886075951 0.3105822784810126 0.03797468354430367 0.0367088607594937
0 0.35737974683544316 0.25045569620253166 0.02531645569620261 0.02784810126582274
0 0.33649367088607607 0.24918987341772153 0.026582278481012744 0.025316455696202472
0 0.23269620253164566 0.24222784810126585 0.0215189873417721 0.021518987341772156
0 0.21624050632911407 0.24286075949367092 0.02405063291139256 0.02784810126582274
0 0.18712658227848122 0.22893670886075954 0.021518987341772128 0.0329113924050633
0 0.16877215189873435 0.2289367088607595 0.025316455696202417 0.027848101265822794
0 0.1497848101265824 0.23589873417721524 0.022784810126582317 0.018987341772151917
0 0.13206329113924056 0.23716455696202537 0.020253164556962133 0.021518987341772183