0 0.17626582278480996 0.595481012658228 0.06455696202531658 0.08354430379746824
0 0.24082278481012648 0.5929493670886076 0.06708860759493651 0.06075949367088618
0 0.29778481012658226 0.6442151898734177 0.05949367088607593 0.059493670886076044
0 0.4775316455696202 0.6239620253164557 0.05949367088607593 0.056962025316455556
0 0.5509493670886074 0.6233291139240507 0.051898734177215355 0.04556962025316458
0 0.3401898734177214 0.7410506329113924 0.03797468354430389 0.03544303797468362
0 0.37563291139240496 0.7404177215189873 0.037974683544303556 0.036708860759493755
0 0.5946202531645568 0.8005443037974683 0.025316455696202667 0.02784810126582271
0 0.615506329113924 0.8018101265822785 0.02658227848101269 0.025316455696202445
0 0.7193037974683544 0.8087721518987341 0.021518987341772045 0.021518987341772156
0 0.735759493670886 0.8081392405063291 0.024050632911392533 0.02784810126582271
0 0.7648734177215187 0.8220632911392405 0.021518987341772045 0.032911392405063356
0 0.7832278481012657 0.8220632911392405 0.025316455696202445 0.02784810126582271
0 0.8022151898734176 0.8151012658227847 0.02278481012658229 0.018987341772152
0 0.8199367088607594 0.8138354430379746 0.020253164556962133 0.021518987341772156