0 0.10553164556962019 0.6209620253164557 0.05949367088607593 0.05696202531645578
0 0.17894936708860748 0.6203291139240507 0.051898734177215355 0.04556962025316458
0 0.011310126582278368 0.7374177215189873 0.022620253164556736 0.036708860759493644
0 0.22262025316455686 0.7975443037974683 0.025316455696202556 0.02784810126582271
0 0.24350632911392395 0.7988101265822785 0.02658227848101269 0.025316455696202445
0 0.3473037974683543 0.8057721518987342 0.021518987341772156 0.021518987341772156
0 0.36375949367088595 0.8051392405063291 0.024050632911392644 0.02784810126582271
0 0.3928734177215188 0.8190632911392405 0.021518987341772156 0.032911392405063244
0 0.41122784810126567 0.8190632911392405 0.025316455696202445 0.02784810126582271
0 0.4302151898734176 0.8121012658227849 0.02278481012658229 0.01898734177215189
0 0.4479367088607594 0.8108354430379747 0.020253164556962133 0.021518987341772156