0 0.13026582278481003 0.45451898734177215 0.06455696202531658 0.08354430379746836
0 0.19482278481012644 0.45705063291139236 0.06708860759493651 0.06075949367088612
0 0.2517848101265822 0.4057848101265823 0.05949367088607593 0.05949367088607599
0 0.4315316455696202 0.4260379746835443 0.059493670886076044 0.05696202531645561
0 0.5049493670886074 0.4266708860759494 0.051898734177215355 0.04556962025316452
0 0.2941898734177214 0.30894936708860754 0.03797468354430378 0.03544303797468357
0 0.3296329113924049 0.3095822784810126 0.037974683544303556 0.0367088607594937
0 0.5486202531645569 0.24945569620253166 0.025316455696202667 0.02784810126582274
0 0.569506329113924 0.24818987341772153 0.0265822784810128 0.025316455696202472
0 0.6733037974683543 0.24122784810126585 0.021518987341772045 0.021518987341772156
0 0.689759493670886 0.24186075949367092 0.024050632911392533 0.02784810126582274
0 0.7188734177215188 0.22793670886075953 0.021518987341772156 0.0329113924050633
0 0.7372278481012656 0.2279367088607595 0.025316455696202445 0.027848101265822794
0 0.7562151898734175 0.23489873417721524 0.02278481012658229 0.018987341772151917
0 0.7739367088607594 0.23616455696202537 0.020253164556962133 0.021518987341772183