0 0.01518354430379737 0.5789493670886076 0.03036708860759474 0.06075949367088618
0 0.053784810126582205 0.6302151898734177 0.059493670886076044 0.059493670886076044
0 0.2335316455696202 0.6099620253164557 0.05949367088607593 0.056962025316455556
0 0.3069493670886075 0.6093291139240506 0.051898734177215355 0.04556962025316447
0 0.0961898734177214 0.7270506329113925 0.03797468354430389 0.03544303797468351
0 0.1316329113924049 0.7264177215189873 0.03797468354430367 0.036708860759493755
0 0.35062025316455686 0.7865443037974683 0.025316455696202556 0.02784810126582271
0 0.37150632911392395 0.7878101265822784 0.02658227848101269 0.025316455696202445
0 0.4753037974683543 0.7947721518987341 0.021518987341772156 0.021518987341772156
0 0.49175949367088595 0.7941392405063291 0.024050632911392644 0.02784810126582271
0 0.5208734177215187 0.8080632911392405 0.021518987341772045 0.032911392405063244
0 0.5392278481012657 0.8080632911392405 0.025316455696202445 0.02784810126582271
0 0.5582151898734176 0.8011012658227847 0.02278481012658229 0.01898734177215189
0 0.5759367088607594 0.7998354430379746 0.020253164556962133 0.021518987341772156