0 0.9963164556962026 0.5679493670886075 0.007367088607594718 0.06075949367088607
0 0.9692151898734178 0.6192151898734177 0.05949367088607593 0.05949367088607582
0 0.7894683544303798 0.5989620253164557 0.05949367088607593 0.05696202531645578
0 0.7160506329113925 0.5983291139240506 0.051898734177215355 0.04556962025316458
0 0.9268101265822786 0.7160506329113924 0.03797468354430389 0.03544303797468351
0 0.8913670886075951 0.7154177215189873 0.037974683544303556 0.036708860759493644
0 0.6723797468354431 0.7755443037974683 0.025316455696202667 0.027848101265822822
0 0.6514936708860761 0.7768101265822784 0.02658227848101269 0.025316455696202556
0 0.5476962025316456 0.7837721518987342 0.021518987341772156 0.021518987341772156
0 0.531240506329114 0.7831392405063291 0.024050632911392533 0.02784810126582271
0 0.5021265822784813 0.7970632911392405 0.0215189873417721 0.032911392405063244
0 0.48377215189873435 0.7970632911392405 0.02531645569620239 0.02784810126582271
0 0.46478481012658235 0.7901012658227848 0.022784810126582344 0.01898734177215189
0 0.44706329113924054 0.7888354430379747 0.020253164556962133 0.021518987341772156