0 0.023683544303797377 0.5459493670886076 0.047367088607594754 0.06075949367088618
0 0.07078481012658222 0.5972151898734177 0.059493670886076044 0.05949367088607593
0 0.2505316455696202 0.5769620253164558 0.05949367088607593 0.05696202531645567
0 0.3239493670886075 0.5763291139240506 0.051898734177215355 0.04556962025316458
0 0.11318987341772141 0.6940506329113925 0.03797468354430389 0.03544303797468362
0 0.14863291139240492 0.6934177215189874 0.03797468354430367 0.036708860759493755
0 0.3676202531645568 0.7535443037974684 0.025316455696202667 0.02784810126582271
0 0.3885063291139239 0.7548101265822784 0.0265822784810128 0.025316455696202556
0 0.4923037974683543 0.7617721518987342 0.021518987341772045 0.021518987341772267
0 0.5087594936708859 0.7611392405063291 0.024050632911392533 0.02784810126582271
0 0.5378734177215188 0.7750632911392404 0.021518987341772156 0.032911392405063244
0 0.5562278481012656 0.7750632911392404 0.025316455696202445 0.02784810126582271
0 0.5752151898734177 0.7681012658227848 0.02278481012658229 0.01898734177215189
0 0.5929367088607594 0.7668354430379747 0.020253164556962133 0.021518987341772156