0 0.88573417721519 0.39451898734177215 0.06455696202531658 0.08354430379746836
0 0.8211772151898735 0.3970506329113924 0.06708860759493651 0.06075949367088612
0 0.7642151898734177 0.34578481012658224 0.05949367088607593 0.05949367088607599
0 0.5844683544303798 0.36603797468354426 0.059493670886076044 0.05696202531645561
0 0.5110506329113925 0.36667088607594933 0.05189873417721541 0.04556962025316458
0 0.7218101265822786 0.2489493670886076 0.03797468354430378 0.03544303797468354
0 0.686367088607595 0.24958227848101266 0.03797468354430367 0.03670886075949367
0 0.46737974683544314 0.18945569620253166 0.025316455696202667 0.02784810126582274
0 0.44649367088607606 0.18818987341772153 0.026582278481012744 0.0253164556962025
0 0.3426962025316457 0.18122784810126585 0.0215189873417721 0.021518987341772156
0 0.32624050632911406 0.18186075949367092 0.024050632911392533 0.02784810126582274
0 0.2971265822784812 0.16793670886075954 0.0215189873417721 0.0329113924050633
0 0.2787721518987344 0.1679367088607595 0.02531645569620239 0.027848101265822794
0 0.2597848101265824 0.17489873417721524 0.022784810126582317 0.018987341772151917
0 0.24206329113924058 0.17616455696202538 0.02025316455696216 0.021518987341772183