0 0.22426582278481 0.5704810126582278 0.06455696202531658 0.08354430379746836
0 0.28882278481012646 0.5679493670886075 0.06708860759493662 0.06075949367088607
0 0.3457848101265822 0.6192151898734177 0.05949367088607593 0.05949367088607582
0 0.5255316455696202 0.5989620253164557 0.05949367088607593 0.05696202531645578
0 0.5989493670886075 0.5983291139240506 0.051898734177215466 0.04556962025316458
0 0.38818987341772143 0.7160506329113924 0.03797468354430389 0.03544303797468351
0 0.42363291139240494 0.7154177215189873 0.03797468354430367 0.036708860759493644
0 0.6426202531645568 0.7755443037974683 0.025316455696202667 0.027848101265822822
0 0.6635063291139238 0.7768101265822784 0.02658227848101269 0.025316455696202556
0 0.7673037974683543 0.7837721518987342 0.021518987341772156 0.021518987341772156
0 0.7837594936708859 0.7831392405063291 0.024050632911392533 0.02784810126582271
0 0.8128734177215188 0.7970632911392405 0.021518987341772045 0.032911392405063244
0 0.8312278481012656 0.7970632911392405 0.025316455696202333 0.02784810126582271
0 0.8502151898734176 0.7901012658227848 0.0227848101265824 0.01898734177215189
0 0.8679367088607595 0.7888354430379747 0.020253164556962133 0.021518987341772156