0 0.9321772151898735 0.578886075949367 0.05316455696202549 0.050632911392405
0 0.8828101265822786 0.5807848101265822 0.055696202531645644 0.05696202531645567
0 0.7492658227848104 0.5561012658227849 0.03924050632911391 0.04810126582278473
0 0.7087594936708863 0.5542025316455697 0.04177215189873429 0.04936708860759487
0 0.6593924050632911 0.4915443037974684 0.03164556962025322 0.027848101265822767
0 0.6340759493670888 0.49217721518987345 0.029113924050633067 0.0291139240506329
0 0.5644556962025317 0.47698734177215185 0.026582278481012578 0.026582278481012633
0 0.5442025316455696 0.4801518987341772 0.026582278481012578 0.030379746835442978
0 0.5150886075949368 0.5155949367088608 0.03164556962025317 0.032911392405063356
0 0.4885063291139241 0.5168607594936709 0.029113924050632844 0.032911392405063356
0 0.44103797468354433 0.498506329113924 0.030379746835443033 0.03417721518987332