0 0.9977974683544304 0.595886075949367 0.004405063291139211 0.05063291139240511
0 0.972481012658228 0.5977848101265824 0.05503797468354421 0.05696202531645567
0 0.8392658227848103 0.5731012658227848 0.03924050632911391 0.04810126582278473
0 0.7987594936708862 0.5712025316455696 0.04177215189873429 0.04936708860759498
0 0.7493924050632912 0.5085443037974683 0.03164556962025322 0.027848101265822656
0 0.7240759493670887 0.5091772151898735 0.029113924050633067 0.0291139240506329
0 0.6544556962025316 0.49398734177215187 0.02658227848101269 0.026582278481012578
0 0.6342025316455697 0.4971518987341772 0.02658227848101269 0.030379746835442978
0 0.6050886075949368 0.5325949367088607 0.03164556962025311 0.032911392405063356
0 0.5785063291139241 0.5338607594936708 0.029113924050632844 0.032911392405063356
0 0.5310379746835443 0.515506329113924 0.03037974683544309 0.03417721518987332