0 0.7051772151898736 0.578886075949367 0.05316455696202549 0.050632911392405
0 0.6558101265822787 0.5807848101265822 0.055696202531645755 0.05696202531645567
0 0.5222658227848103 0.5561012658227849 0.03924050632911402 0.04810126582278473
0 0.4817594936708862 0.5542025316455697 0.04177215189873418 0.04936708860759487
0 0.43239240506329113 0.4915443037974684 0.03164556962025328 0.027848101265822767
0 0.40707594936708874 0.49217721518987345 0.029113924050633067 0.0291139240506329
0 0.3374556962025317 0.47698734177215185 0.026582278481012633 0.026582278481012633
0 0.31720253164556966 0.4801518987341772 0.026582278481012633 0.030379746835442978
0 0.28808860759493676 0.5155949367088608 0.03164556962025311 0.032911392405063356
0 0.2615063291139241 0.5168607594936709 0.029113924050632817 0.032911392405063356
0 0.21403797468354435 0.498506329113924 0.030379746835443033 0.03417721518987332