0 0.5218227848101264 0.4161139240506329 0.05316455696202549 0.050632911392405
0 0.5711898734177214 0.4142151898734177 0.055696202531645755 0.05696202531645567
0 0.7047341772151897 0.4388987341772152 0.03924050632911391 0.04810126582278473
0 0.7452405063291138 0.4407974683544304 0.04177215189873418 0.04936708860759487
0 0.7946075949367088 0.5034556962025316 0.03164556962025333 0.027848101265822822
0 0.8199240506329113 0.5028227848101265 0.029113924050633067 0.029113924050632956
0 0.8895443037974683 0.5180126582278481 0.026582278481012578 0.02658227848101269
0 0.9097974683544303 0.5148481012658228 0.02658227848101269 0.030379746835442978
0 0.9389113924050633 0.47940506329113924 0.03164556962025311 0.032911392405063356
0 0.965493670886076 0.4781392405063291 0.029113924050632733 0.032911392405063356
0 0.9988860759493671 0.496493670886076 0.0022278481012658613 0.03417721518987338