0 0.7701772151898736 0.4251139240506329 0.05316455696202549 0.050632911392405
0 0.7208101265822786 0.4232151898734177 0.055696202531645644 0.05696202531645567
0 0.5872658227848103 0.4478987341772152 0.03924050632911391 0.04810126582278473
0 0.5467594936708862 0.4497974683544304 0.04177215189873429 0.04936708860759487
0 0.49739240506329113 0.5124556962025316 0.03164556962025322 0.02784810126582271
0 0.47207594936708874 0.5118227848101266 0.029113924050633067 0.029113924050632844
0 0.40245569620253163 0.5270126582278482 0.026582278481012633 0.026582278481012578
0 0.3822025316455696 0.5238481012658228 0.026582278481012633 0.030379746835442978
0 0.35308860759493677 0.48840506329113925 0.03164556962025311 0.032911392405063356
0 0.3265063291139241 0.4871392405063291 0.02911392405063279 0.032911392405063356
0 0.2790379746835443 0.505493670886076 0.030379746835443033 0.03417721518987327