0 0.7081772151898735 0.606886075949367 0.05316455696202549 0.05063291139240511
0 0.6588101265822786 0.6087848101265823 0.055696202531645755 0.05696202531645567
0 0.5252658227848104 0.5841012658227849 0.03924050632911402 0.04810126582278473
0 0.4847594936708862 0.5822025316455696 0.04177215189873423 0.04936708860759498
0 0.43539240506329113 0.5195443037974683 0.03164556962025328 0.02784810126582271
0 0.41007594936708874 0.5201772151898734 0.029113924050633067 0.029113924050632956
0 0.3404556962025317 0.5049873417721519 0.026582278481012633 0.026582278481012633
0 0.32020253164556967 0.5081518987341772 0.026582278481012633 0.030379746835442978
0 0.29108860759493677 0.5435949367088608 0.03164556962025311 0.032911392405063356
0 0.2645063291139241 0.5448607594936709 0.029113924050632817 0.032911392405063244
0 0.21703797468354435 0.526506329113924 0.030379746835443033 0.03417721518987338