0 0.20882278481012645 0.5378860759493671 0.05316455696202549 0.050632911392405
0 0.25818987341772137 0.5397848101265823 0.055696202531645644 0.05696202531645567
0 0.39173417721518966 0.5151012658227848 0.03924050632911391 0.04810126582278468
0 0.43224050632911376 0.5132025316455696 0.04177215189873429 0.04936708860759498
0 0.48160759493670885 0.45054430379746835 0.03164556962025322 0.02784810126582271
0 0.5069240506329112 0.4511772151898734 0.029113924050633067 0.0291139240506329
0 0.5765443037974683 0.4359873417721518 0.026582278481012578 0.026582278481012633
0 0.5967974683544304 0.4391518987341772 0.02658227848101269 0.030379746835442978
0 0.6259113924050632 0.47459493670886077 0.03164556962025311 0.032911392405063356
0 0.6524936708860759 0.47586075949367085 0.029113924050632844 0.032911392405063356
0 0.6999620253164557 0.4575063291139241 0.030379746835442978 0.03417721518987332