0 0.4198227848101264 0.5518860759493671 0.05316455696202549 0.050632911392405
0 0.4691898734177214 0.5537848101265823 0.055696202531645755 0.05696202531645567
0 0.6027341772151896 0.5291012658227847 0.03924050632911391 0.04810126582278473
0 0.6432405063291138 0.5272025316455696 0.04177215189873429 0.04936708860759498
0 0.6926075949367088 0.46454430379746836 0.03164556962025322 0.027848101265822767
0 0.7179240506329112 0.4651772151898734 0.029113924050633067 0.029113924050632956
0 0.7875443037974683 0.4499873417721518 0.026582278481012578 0.026582278481012633
0 0.8077974683544303 0.4531518987341772 0.026582278481012578 0.030379746835442978
0 0.8369113924050632 0.4885949367088608 0.03164556962025311 0.0329113924050633
0 0.8634936708860759 0.48986075949367086 0.029113924050632733 0.032911392405063356
0 0.9109620253164556 0.4715063291139241 0.030379746835442978 0.03417721518987332