0 0.9907974683544304 0.45711392405063295 0.018405063291139223 0.050632911392405
0 0.9588101265822786 0.45521518987341775 0.055696202531645644 0.05696202531645567
0 0.8252658227848103 0.4798987341772152 0.03924050632911391 0.04810126582278462
0 0.7847594936708862 0.4817974683544304 0.04177215189873429 0.04936708860759498
0 0.7353924050632912 0.5444556962025316 0.03164556962025322 0.02784810126582271
0 0.7100759493670887 0.5438227848101266 0.029113924050633067 0.029113924050632844
0 0.6404556962025316 0.5590126582278482 0.02658227848101269 0.026582278481012578
0 0.6202025316455697 0.5558481012658228 0.02658227848101269 0.030379746835442978
0 0.5910886075949368 0.5204050632911392 0.03164556962025311 0.032911392405063467
0 0.5645063291139241 0.5191392405063291 0.029113924050632844 0.032911392405063356
0 0.5170379746835443 0.5374936708860759 0.03037974683544309 0.03417721518987338