0 0.4938227848101265 0.580886075949367 0.05316455696202549 0.050632911392405
0 0.5431898734177214 0.5827848101265822 0.055696202531645644 0.05696202531645567
0 0.6767341772151897 0.5581012658227849 0.03924050632911391 0.04810126582278473
0 0.7172405063291137 0.5562025316455697 0.04177215189873418 0.04936708860759487
0 0.7666075949367088 0.4935443037974684 0.03164556962025333 0.027848101265822767
0 0.7919240506329113 0.49417721518987345 0.029113924050633067 0.0291139240506329
0 0.8615443037974684 0.47898734177215185 0.02658227848101269 0.026582278481012633
0 0.8817974683544303 0.4821518987341772 0.02658227848101269 0.030379746835442978
0 0.9109113924050632 0.5175949367088608 0.03164556962025311 0.032911392405063356
0 0.9374936708860759 0.5188607594936709 0.029113924050632844 0.032911392405063356
0 0.9848860759493671 0.500506329113924 0.030227848101265886 0.03417721518987332