0 0.5871772151898735 0.4151139240506329 0.05316455696202549 0.050632911392405
0 0.5378101265822786 0.4132151898734177 0.055696202531645644 0.05696202531645567
0 0.4042658227848103 0.4378987341772152 0.03924050632911391 0.04810126582278473
0 0.3637594936708862 0.4397974683544304 0.04177215189873429 0.04936708860759487
0 0.31439240506329114 0.5024556962025316 0.03164556962025328 0.02784810126582271
0 0.28907594936708875 0.5018227848101265 0.029113924050633067 0.029113924050632844
0 0.21945569620253166 0.5170126582278481 0.026582278481012633 0.026582278481012578
0 0.19920253164556964 0.5138481012658228 0.026582278481012633 0.030379746835442978
0 0.17008860759493677 0.47840506329113924 0.03164556962025311 0.032911392405063356
0 0.14350632911392408 0.4771392405063291 0.029113924050632817 0.032911392405063356
0 0.09603797468354434 0.49549367088607593 0.030379746835443033 0.03417721518987327