0 0.26582278481012644 0.4351139240506329 0.05316455696202538 0.050632911392405
0 0.3151898734177214 0.4332151898734177 0.055696202531645644 0.05696202531645567
0 0.4487341772151897 0.4578987341772152 0.03924050632911391 0.04810126582278473
0 0.48924050632911376 0.4597974683544304 0.04177215189873418 0.04936708860759487
0 0.5386075949367088 0.5224556962025316 0.03164556962025333 0.02784810126582271
0 0.5639240506329113 0.5218227848101266 0.029113924050633067 0.029113924050632844
0 0.6335443037974683 0.5370126582278482 0.026582278481012578 0.026582278481012578
0 0.6537974683544303 0.5338481012658228 0.02658227848101269 0.030379746835442978
0 0.6829113924050633 0.49840506329113926 0.03164556962025311 0.032911392405063356
0 0.7094936708860758 0.4971392405063291 0.029113924050632844 0.032911392405063356
0 0.7569620253164556 0.515493670886076 0.030379746835442978 0.03417721518987327