0 0.02420253164556957 0.5638860759493671 0.04840506329113914 0.050632911392405
0 0.07118987341772143 0.5657848101265823 0.055696202531645644 0.05696202531645567
0 0.20473417721518966 0.5411012658227847 0.03924050632911402 0.04810126582278473
0 0.24524050632911376 0.5392025316455695 0.04177215189873418 0.04936708860759487
0 0.2946075949367088 0.4765443037974683 0.03164556962025322 0.02784810126582271
0 0.31992405063291124 0.47717721518987344 0.029113924050632956 0.029113924050632956
0 0.38954430379746835 0.46198734177215184 0.02658227848101269 0.026582278481012633
0 0.40979746835443037 0.46515189873417717 0.02658227848101269 0.030379746835442978
0 0.43891139240506327 0.5005949367088607 0.03164556962025311 0.032911392405063356
0 0.4654936708860759 0.5018607594936708 0.029113924050632733 0.032911392405063356
0 0.5129620253164556 0.483506329113924 0.030379746835442978 0.03417721518987332