0 0.7521772151898736 0.590886075949367 0.05316455696202549 0.050632911392405
0 0.7028101265822786 0.5927848101265822 0.055696202531645644 0.05696202531645567
0 0.5692658227848103 0.5681012658227849 0.03924050632911391 0.04810126582278473
0 0.5287594936708861 0.5662025316455696 0.04177215189873429 0.04936708860759498
0 0.47939240506329117 0.5035443037974683 0.03164556962025322 0.027848101265822656
0 0.4540759493670887 0.5041772151898735 0.02911392405063301 0.0291139240506329
0 0.38445569620253167 0.48898734177215186 0.026582278481012578 0.026582278481012578
0 0.36420253164556965 0.4921518987341772 0.026582278481012578 0.030379746835442978
0 0.33508860759493675 0.5275949367088608 0.03164556962025317 0.032911392405063356
0 0.30850632911392406 0.528860759493671 0.02911392405063279 0.032911392405063356
0 0.26103797468354434 0.510506329113924 0.03037974683544306 0.03417721518987332