0 0.4437468354430379 0.4432278481012658 0.0354430379746834 0.036708860759493644
0 0.475392405063291 0.4470253164556962 0.04303797468354442 0.044303797468354444
0 0.56526582278481 0.4717088607594937 0.03544303797468329 0.0303797468354432
0 0.5905822784810126 0.4710759493670886 0.03037974683544309 0.03417721518987349
0 0.7466415094339622 0.5123584905660379 0.024528301886792447 0.029245283018867974
0 0.7664528301886793 0.5104716981132076 0.030188679245283012 0.03113207547169805
0 0.6499433962264152 0.49867924528301893 0.027358490566037674 0.028301886792452824
0 0.6706981132075472 0.49490566037735856 0.02169811320754733 0.0339622641509435
0 0.9735283018867925 0.5656603773584906 0.016037735849056656 0.016981132075471583
0 0.9853207547169812 0.5637735849056604 0.015094339622641506 0.018867924528301994
0 0.8306037735849057 0.5467924528301886 0.016981132075471694 0.013207547169811318
0 0.8447547169811321 0.5453773584905661 0.018867924528301883 0.02169811320754711
0 0.9315471698113208 0.5557547169811321 0.018867924528301883 0.017924528301886844