0 0.3037468354430379 0.4482278481012658 0.0354430379746834 0.036708860759493644
0 0.335392405063291 0.4520253164556962 0.04303797468354442 0.044303797468354444
0 0.42526582278481 0.4767088607594937 0.0354430379746834 0.0303797468354432
0 0.4505822784810126 0.4760759493670886 0.030379746835442978 0.03417721518987349
0 0.6066415094339623 0.5173584905660378 0.02452830188679256 0.029245283018867974
0 0.6264528301886794 0.5154716981132076 0.030188679245283123 0.03113207547169794
0 0.5099433962264152 0.503679245283019 0.027358490566037785 0.028301886792452824
0 0.5306981132075471 0.4999056603773585 0.02169811320754733 0.03396226415094339
0 0.8868301886792453 0.5598113207547171 0.016981132075471694 0.017924528301886844
0 0.9000377358490568 0.5616981132075471 0.016981132075471694 0.016037735849056656
0 0.8335283018867925 0.5706603773584906 0.016037735849056656 0.016981132075471805
0 0.8453207547169812 0.5687735849056604 0.015094339622641506 0.018867924528301883
0 0.6906037735849058 0.5517924528301887 0.016981132075471694 0.013207547169811207
0 0.7047547169811321 0.550377358490566 0.018867924528301994 0.02169811320754722
0 0.7915471698113208 0.5607547169811321 0.018867924528301883 0.017924528301886733