0 0.5422531645569622 0.5547721518987342 0.0354430379746834 0.036708860759493644
0 0.510607594936709 0.5509746835443038 0.04303797468354442 0.044303797468354444
0 0.42073417721519 0.5262911392405063 0.0354430379746834 0.0303797468354432
0 0.39541772151898735 0.5269240506329114 0.030379746835443033 0.03417721518987349
0 0.23935849056603767 0.48564150943396217 0.024528301886792503 0.029245283018867974
0 0.21954716981132072 0.4875283018867924 0.030188679245283068 0.031132075471697995
0 0.3360566037735848 0.49932075471698106 0.027358490566037785 0.028301886792452824
0 0.31530188679245286 0.5030943396226415 0.021698113207547276 0.033962264150943444
0 0.012471698113207481 0.4323396226415094 0.016037735849056614 0.016981132075471694
0 0.004113207547169793 0.43422641509433957 0.008226415094339586 0.018867924528301938
0 0.15539622641509432 0.45120754716981126 0.016981132075471667 0.013207547169811262
0 0.1412452830188679 0.4526226415094339 0.018867924528301966 0.021698113207547165
0 0.054452830188679226 0.4422452830188679 0.01886792452830184 0.01792452830188679