0 0.3097468354430379 0.6217721518987342 0.0354430379746834 0.03670886075949353
0 0.341392405063291 0.6179746835443037 0.04303797468354442 0.044303797468354444
0 0.43126582278481 0.5932911392405062 0.0354430379746834 0.03037974683544309
0 0.4565822784810126 0.5939240506329114 0.030379746835442978 0.0341772151898736
0 0.6126415094339623 0.5526415094339623 0.02452830188679256 0.029245283018867974
0 0.6324528301886794 0.5545283018867924 0.030188679245283123 0.03113207547169805
0 0.5159433962264152 0.5663207547169811 0.027358490566037785 0.028301886792452824
0 0.5366981132075471 0.5700943396226414 0.02169811320754733 0.0339622641509435
0 0.8928301886792454 0.510188679245283 0.016981132075471694 0.017924528301886733
0 0.9060377358490567 0.5083018867924528 0.016981132075471583 0.016037735849056656
0 0.8395283018867925 0.4993396226415094 0.016037735849056656 0.016981132075471694
0 0.8513207547169812 0.5012264150943396 0.015094339622641506 0.018867924528301938
0 0.6966037735849058 0.5182075471698113 0.016981132075471694 0.013207547169811318
0 0.7107547169811321 0.5196226415094338 0.018867924528301994 0.02169811320754722
0 0.7975471698113208 0.5092452830188678 0.018867924528301883 0.017924528301886844