0 0.4517468354430379 0.5737721518987342 0.0354430379746834 0.036708860759493644
0 0.483392405063291 0.5699746835443038 0.04303797468354442 0.044303797468354444
0 0.57326582278481 0.5452911392405063 0.03544303797468329 0.0303797468354432
0 0.5985822784810126 0.5459240506329115 0.03037974683544309 0.03417721518987349
0 0.7546415094339622 0.5046415094339622 0.024528301886792447 0.029245283018867974
0 0.7744528301886793 0.5065283018867924 0.030188679245283012 0.031132075471697995
0 0.6579433962264152 0.518320754716981 0.027358490566037674 0.028301886792452824
0 0.6786981132075471 0.5220943396226414 0.02169811320754722 0.0339622641509435
0 0.9815283018867925 0.4513396226415094 0.016037735849056656 0.016981132075471694
0 0.9928867924528302 0.4532264150943396 0.01422641509433964 0.018867924528301994
0 0.8386037735849057 0.4702075471698113 0.016981132075471694 0.013207547169811318
0 0.852754716981132 0.4716226415094339 0.018867924528301994 0.02169811320754722
0 0.9395471698113208 0.46124528301886786 0.018867924528301883 0.017924528301886844