0 0.5672531645569621 0.39622784810126577 0.0354430379746834 0.036708860759493644
0 0.535607594936709 0.40002531645569617 0.04303797468354442 0.044303797468354444
0 0.44573417721519004 0.4247088607594937 0.035443037974683456 0.03037974683544309
0 0.4204177215189874 0.4240759493670886 0.030379746835443033 0.0341772151898736
0 0.26435849056603766 0.4653584905660378 0.024528301886792503 0.029245283018867974
0 0.2445471698113207 0.4634716981132076 0.030188679245283068 0.03113207547169805
0 0.36105660377358484 0.4516792452830189 0.02735849056603773 0.028301886792452824
0 0.3403018867924528 0.4479056603773585 0.02169811320754733 0.0339622641509435
0 0.03747169811320748 0.5186603773584906 0.016037735849056618 0.016981132075471694
0 0.025679245283018817 0.5167735849056604 0.01509433962264154 0.018867924528301883
0 0.1803962264150943 0.4997924528301887 0.016981132075471694 0.013207547169811207
0 0.16624528301886787 0.49837735849056614 0.018867924528301966 0.02169811320754722
0 0.07945283018867924 0.5087547169811322 0.01886792452830184 0.017924528301886844