0 0.94473417721519 0.5362911392405063 0.0354430379746834 0.0303797468354432
0 0.9194177215189874 0.5369240506329114 0.030379746835442978 0.03417721518987349
0 0.7633584905660377 0.4956415094339622 0.02452830188679256 0.029245283018867974
0 0.7435471698113207 0.4975283018867924 0.030188679245283123 0.031132075471697995
0 0.8600566037735848 0.5093207547169811 0.027358490566037785 0.028301886792452824
0 0.8393018867924529 0.5130943396226415 0.02169811320754722 0.033962264150943444
0 0.4831698113207547 0.45318867924528294 0.016981132075471694 0.01792452830188679
0 0.46996226415094333 0.45130188679245276 0.016981132075471694 0.01603773584905671
0 0.5364716981132075 0.4423396226415094 0.016037735849056656 0.016981132075471694
0 0.5246792452830188 0.4442264150943396 0.015094339622641506 0.018867924528301938
0 0.6793962264150943 0.46120754716981127 0.016981132075471694 0.013207547169811318
0 0.665245283018868 0.4626226415094339 0.018867924528301994 0.02169811320754722
0 0.5784528301886792 0.45224528301886785 0.018867924528301883 0.017924528301886844