0 0.8022531645569622 0.4412278481012658 0.0354430379746834 0.036708860759493644
0 0.770607594936709 0.4450253164556962 0.04303797468354442 0.044303797468354444
0 0.68073417721519 0.4697088607594937 0.0354430379746834 0.0303797468354432
0 0.6554177215189874 0.4690759493670886 0.030379746835442978 0.03417721518987349
0 0.49935849056603765 0.5103584905660379 0.024528301886792503 0.029245283018867974
0 0.47954716981132073 0.5084716981132076 0.030188679245283068 0.03113207547169805
0 0.5960566037735848 0.49667924528301893 0.027358490566037785 0.028301886792452824
0 0.5753018867924529 0.49290566037735856 0.02169811320754722 0.0339622641509435
0 0.21916981132075472 0.5528113207547171 0.016981132075471694 0.017924528301886733
0 0.20596226415094332 0.5546981132075472 0.016981132075471694 0.016037735849056656
0 0.2724716981132075 0.5636603773584906 0.016037735849056656 0.016981132075471583
0 0.2606792452830188 0.5617735849056604 0.015094339622641562 0.018867924528301994
0 0.4153962264150943 0.5447924528301886 0.016981132075471694 0.013207547169811318
0 0.40124528301886786 0.5433773584905661 0.018867924528301938 0.02169811320754711
0 0.3144528301886792 0.5537547169811321 0.018867924528301827 0.017924528301886844