0 0.8823584905660377 0.5053584905660378 0.02452830188679256 0.029245283018867974
0 0.8625471698113207 0.5034716981132076 0.030188679245283123 0.03113207547169794
0 0.9790566037735848 0.49167924528301893 0.027358490566037785 0.028301886792452824
0 0.9583018867924529 0.4879056603773585 0.02169811320754722 0.03396226415094339
0 0.6021698113207548 0.5478113207547171 0.016981132075471694 0.017924528301886844
0 0.5889622641509433 0.5496981132075471 0.016981132075471583 0.016037735849056767
0 0.6554716981132075 0.5586603773584906 0.016037735849056656 0.016981132075471805
0 0.6436792452830188 0.5567735849056604 0.015094339622641506 0.018867924528301883
0 0.7983962264150943 0.5397924528301887 0.016981132075471694 0.013207547169811207
0 0.784245283018868 0.5383773584905661 0.018867924528301994 0.02169811320754733
0 0.6974528301886792 0.5487547169811322 0.018867924528301883 0.017924528301886844