0 0.4937468354430378 0.3742278481012658 0.0354430379746834 0.03670886075949353
0 0.525392405063291 0.37802531645569626 0.04303797468354453 0.044303797468354444
0 0.61526582278481 0.4027088607594937 0.0354430379746834 0.03037974683544309
0 0.6405822784810126 0.40207594936708857 0.030379746835442978 0.0341772151898736
0 0.7966415094339623 0.44335849056603777 0.02452830188679256 0.029245283018867974
0 0.8164528301886793 0.4414716981132076 0.030188679245283012 0.03113207547169805
0 0.6999433962264152 0.42967924528301893 0.027358490566037674 0.028301886792452713
0 0.7206981132075472 0.4259056603773585 0.02169811320754733 0.0339622641509435
0 0.8806037735849057 0.47779245283018873 0.016981132075471694 0.013207547169811318
0 0.8947547169811321 0.4763773584905661 0.018867924528301994 0.02169811320754722
0 0.9815471698113207 0.4867547169811321 0.01886792452830177 0.017924528301886844