0 0.09474683544303786 0.6007721518987342 0.03544303797468351 0.036708860759493644
0 0.12639240506329102 0.5969746835443038 0.04303797468354442 0.044303797468354444
0 0.21626582278481 0.5722911392405063 0.03544303797468351 0.03037974683544309
0 0.2415822784810126 0.5729240506329114 0.03037974683544309 0.0341772151898736
0 0.3976415094339623 0.5316415094339622 0.024528301886792447 0.029245283018867974
0 0.4174528301886793 0.5335283018867925 0.030188679245283012 0.03113207547169805
0 0.3009433962264152 0.5453207547169812 0.027358490566037785 0.028301886792452824
0 0.32169811320754715 0.5490943396226415 0.02169811320754733 0.0339622641509435
0 0.6778301886792453 0.489188679245283 0.016981132075471805 0.017924528301886733
0 0.6910377358490567 0.4873018867924528 0.016981132075471694 0.016037735849056656
0 0.6245283018867924 0.47833962264150937 0.016037735849056545 0.016981132075471694
0 0.6363207547169811 0.4802264150943396 0.015094339622641506 0.018867924528301938
0 0.48160377358490575 0.4972075471698113 0.016981132075471694 0.013207547169811262
0 0.4957547169811321 0.4986226415094339 0.018867924528301994 0.021698113207547165
0 0.5825471698113208 0.4882452830188679 0.018867924528301883 0.017924528301886844