0 0.8442531645569622 0.3842278481012658 0.0354430379746834 0.03670886075949353
0 0.8126075949367091 0.38802531645569627 0.04303797468354442 0.044303797468354444
0 0.7227341772151901 0.4127088607594937 0.0354430379746834 0.03037974683544309
0 0.6974177215189874 0.4120759493670886 0.030379746835442978 0.0341772151898736
0 0.5413584905660377 0.4533584905660378 0.02452830188679256 0.029245283018867974
0 0.5215471698113208 0.4514716981132076 0.030188679245283123 0.03113207547169805
0 0.6380566037735849 0.4396792452830189 0.027358490566037674 0.028301886792452824
0 0.6173018867924528 0.4359056603773585 0.02169811320754733 0.0339622641509435
0 0.26116981132075473 0.49581132075471707 0.016981132075471694 0.017924528301886844
0 0.2479622641509433 0.4976981132075472 0.016981132075471667 0.016037735849056656
0 0.3144716981132075 0.5066603773584906 0.0160377358490566 0.016981132075471694
0 0.3026792452830188 0.5047735849056604 0.015094339622641506 0.018867924528301883
0 0.4573962264150943 0.48779245283018874 0.016981132075471694 0.013207547169811318
0 0.4432452830188679 0.4863773584905661 0.018867924528301994 0.02169811320754722
0 0.35645283018867924 0.4967547169811321 0.018867924528301827 0.017924528301886844