0 0.01573417721518977 0.6247721518987341 0.03146835443037954 0.03670886075949353
0 0.04539240506329101 0.6209746835443037 0.04303797468354453 0.044303797468354444
0 0.13526582278480997 0.5962911392405064 0.0354430379746834 0.03037974683544309
0 0.16058227848101264 0.5969240506329114 0.03037974683544309 0.0341772151898736
0 0.3166415094339623 0.5556415094339622 0.02452830188679256 0.029245283018867974
0 0.3364528301886793 0.5575283018867925 0.030188679245283123 0.03113207547169805
0 0.21994339622641518 0.5693207547169811 0.027358490566037674 0.028301886792452713
0 0.2406981132075472 0.5730943396226416 0.02169811320754733 0.0339622641509435
0 0.5968301886792453 0.513188679245283 0.016981132075471694 0.017924528301886733
0 0.6100377358490567 0.5113018867924528 0.016981132075471694 0.016037735849056656
0 0.5435283018867925 0.5023396226415093 0.016037735849056656 0.016981132075471694
0 0.5553207547169812 0.5042264150943396 0.015094339622641506 0.018867924528301938
0 0.4006037735849057 0.5212075471698112 0.016981132075471694 0.013207547169811318
0 0.4147547169811321 0.5226226415094339 0.018867924528301883 0.02169811320754722
0 0.5015471698113207 0.512245283018868 0.018867924528301883 0.017924528301886844