0 0.11364150943396234 0.44535849056603777 0.02452830188679256 0.029245283018867974
0 0.13345283018867932 0.4434716981132076 0.030188679245283123 0.03113207547169805
0 0.016943396226415164 0.43167924528301893 0.027358490566037785 0.028301886792452713
0 0.03769811320754718 0.4279056603773585 0.02169811320754722 0.0339622641509435
0 0.3938301886792453 0.487811320754717 0.016981132075471694 0.017924528301886733
0 0.4070377358490567 0.4896981132075472 0.016981132075471694 0.016037735849056656
0 0.3405283018867925 0.4986603773584906 0.016037735849056656 0.016981132075471694
0 0.3523207547169812 0.49677358490566037 0.015094339622641506 0.018867924528301883
0 0.19760377358490572 0.47979245283018873 0.016981132075471694 0.013207547169811318
0 0.21175471698113207 0.4783773584905661 0.018867924528301994 0.02169811320754722
0 0.2985471698113208 0.4887547169811321 0.018867924528301883 0.017924528301886844