0 0.7572531645569622 0.6237721518987343 0.0354430379746834 0.03670886075949353
0 0.725607594936709 0.6199746835443037 0.04303797468354453 0.044303797468354444
0 0.6357341772151901 0.5952911392405063 0.0354430379746834 0.03037974683544309
0 0.6104177215189874 0.5959240506329114 0.03037974683544309 0.0341772151898736
0 0.4543584905660377 0.5546415094339623 0.024528301886792503 0.029245283018867974
0 0.4345471698113207 0.5565283018867924 0.030188679245283068 0.03113207547169805
0 0.5510566037735848 0.5683207547169811 0.027358490566037785 0.028301886792452713
0 0.5303018867924528 0.5720943396226414 0.02169811320754733 0.0339622641509435
0 0.1741698113207547 0.512188679245283 0.016981132075471694 0.017924528301886733
0 0.16096226415094333 0.5103018867924528 0.016981132075471694 0.016037735849056656
0 0.2274716981132075 0.5013396226415094 0.016037735849056628 0.016981132075471694
0 0.2156792452830188 0.5032264150943396 0.015094339622641534 0.018867924528301938
0 0.3703962264150943 0.5202075471698113 0.016981132075471694 0.013207547169811318
0 0.35624528301886793 0.5216226415094338 0.018867924528301938 0.02169811320754722
0 0.26945283018867927 0.5112452830188678 0.018867924528301827 0.017924528301886844