0 0.9153584905660377 0.4743584905660378 0.02452830188679256 0.029245283018867974
0 0.8955471698113207 0.4724716981132076 0.030188679245283123 0.03113207547169805
0 0.999188679245283 0.4606792452830189 0.0016226415094340307 0.028301886792452824
0 0.9902264150943396 0.4569056603773585 0.019547169811320875 0.0339622641509435
0 0.6351698113207547 0.516811320754717 0.016981132075471694 0.017924528301886733
0 0.6219622641509432 0.5186981132075472 0.016981132075471694 0.016037735849056656
0 0.6884716981132075 0.5276603773584907 0.016037735849056545 0.016981132075471694
0 0.6766792452830188 0.5257735849056604 0.015094339622641506 0.018867924528301994
0 0.8313962264150943 0.5087924528301888 0.016981132075471694 0.013207547169811318
0 0.8172452830188679 0.5073773584905661 0.018867924528301883 0.02169811320754711
0 0.7304528301886792 0.5177547169811321 0.018867924528301883 0.017924528301886844