0 0.010569620253164547 0.011816455696202544 0.021139240506329093 0.023632911392405087
0 0.14075949367088597 0.3989493670886077 0.05949367088607571 0.07215189873417727
0 0.23886075949367075 0.35337974683544304 0.06835443037974687 0.07215189873417716
0 0.311645569620253 0.3514810126582279 0.06455696202531658 0.06329113924050633
0 0.43379746835443017 0.4546455696202532 0.04556962025316469 0.0544303797468354
0 0.5502531645569619 0.34894936708860763 0.06075949367088607 0.06835443037974687
0 0.6021518987341772 0.34705063291139243 0.0582278481012658 0.07468354430379731
0 0.6983544303797468 0.45401265822784814 0.04556962025316458 0.04303797468354442
0 0.7369620253164557 0.45401265822784814 0.04430379746835433 0.04303797468354442
0 0.8939240506329114 0.46034177215189875 0.044303797468354444 0.05316455696202538
0 0.9299999999999999 0.4622405063291139 0.04303797468354431 0.05189873417721513
0 0.36670886075949355 0.47616455696202536 0.0430379746835442 0.04936708860759487
0 0.003607594936708758 0.4419873417721519 0.007215189873417516 0.05189873417721513