0 0.883240506329114 0.5930506329113924 0.05949367088607571 0.07215189873417738
0 0.7851392405063291 0.638620253164557 0.06835443037974687 0.07215189873417716
0 0.712354430379747 0.6405189873417722 0.06455696202531658 0.06329113924050622
0 0.5902025316455699 0.5373544303797468 0.04556962025316469 0.05443037974683551
0 0.4737468354430381 0.6430506329113924 0.06075949367088612 0.06835443037974676
0 0.42184810126582284 0.6449493670886075 0.058227848101265856 0.07468354430379731
0 0.32564556962025315 0.5379873417721519 0.04556962025316452 0.04303797468354442
0 0.28703797468354436 0.5379873417721519 0.04430379746835433 0.04303797468354442
0 0.13007594936708863 0.5316582278481012 0.044303797468354444 0.05316455696202538
0 0.09400000000000006 0.529759493670886 0.04303797468354434 0.05189873417721513
0 0.0001645569620253582 0.5487468354430379 0.0003291139240507164 0.05443037974683551
0 0.6572911392405065 0.5158354430379747 0.0430379746835442 0.04936708860759503