0 0.9461772151898734 0.9873860759493671 0.10764556962025318 0.02522784810126588
0 0.8111317525405599 0.9911835443037975 0.156541986093778 0.017632911392405082
0 0.9550126582278483 0.7450253164556961 0.07974683544303796 0.08227848101265822
0 0.8683037974683545 0.7481898734177215 0.08101265822784809 0.08860759493670889
0 0.613240506329114 0.6070506329113923 0.05949367088607571 0.07215189873417727
0 0.5151392405063292 0.652620253164557 0.06835443037974692 0.07215189873417716
0 0.442354430379747 0.654518987341772 0.06455696202531658 0.06329113924050633
0 0.32020253164556983 0.5513544303797469 0.04556962025316469 0.0544303797468354
0 0.2037468354430381 0.6570506329113923 0.06075949367088607 0.06835443037974676
0 0.15184810126582285 0.6589493670886075 0.05822784810126587 0.07468354430379731
0 0.8138734177215191 0.562746835443038 0.03544303797468351 0.04177215189873407
0 0.9651392405063293 0.5159113924050633 0.044303797468354555 0.04177215189873423
0 0.05564556962025318 0.5519873417721519 0.045569620253164536 0.04303797468354442
0 0.01959493670886076 0.5519873417721519 0.03918987341772152 0.04303797468354442
0 0.3872911392405065 0.5298354430379746 0.043037974683544256 0.04936708860759487
0 0.7740000000000001 0.5640126582278481 0.05443037974683529 0.051898734177215244