0 0.09475949367088593 0.5570506329113925 0.05949367088607571 0.07215189873417727
0 0.19286075949367082 0.602620253164557 0.06835443037974687 0.07215189873417727
0 0.265645569620253 0.6045189873417721 0.06455696202531658 0.06329113924050622
0 0.3877974683544302 0.5013544303797468 0.04556962025316458 0.054430379746835456
0 0.5042531645569619 0.6070506329113924 0.060759493670885956 0.06835443037974676
0 0.5561518987341771 0.6089493670886076 0.0582278481012658 0.07468354430379742
0 0.6523544303797468 0.5019873417721519 0.04556962025316447 0.04303797468354431
0 0.6909620253164557 0.5019873417721519 0.04430379746835422 0.04303797468354431
0 0.8479240506329113 0.4956582278481012 0.044303797468354555 0.05316455696202532
0 0.8839999999999999 0.49375949367088606 0.04303797468354442 0.05189873417721513
0 0.9888354430379747 0.5127468354430379 0.02232911392405068 0.054430379746835456
0 0.3207088607594935 0.47983544303797465 0.0430379746835442 0.04936708860759498