0 0.9672405063291141 0.5540506329113923 0.05949367088607571 0.07215189873417727
0 0.8691392405063292 0.5996202531645569 0.06835443037974687 0.07215189873417727
0 0.796354430379747 0.6015189873417721 0.06455696202531658 0.06329113924050622
0 0.6742025316455698 0.4983544303797468 0.04556962025316469 0.054430379746835456
0 0.5577468354430382 0.6040506329113924 0.06075949367088607 0.06835443037974676
0 0.5058481012658228 0.6059493670886076 0.058227848101265856 0.07468354430379742
0 0.4096455696202532 0.49898734177215187 0.04556962025316452 0.04303797468354431
0 0.3710379746835443 0.49898734177215187 0.04430379746835433 0.04303797468354431
0 0.21407594936708865 0.4926582278481012 0.044303797468354444 0.05316455696202532
0 0.17800000000000005 0.49075949367088606 0.04303797468354434 0.05189873417721513
0 0.06281012658227855 0.5097468354430379 0.04303797468354435 0.054430379746835456
0 0.023569620253164603 0.5053164556962025 0.04556962025316454 0.05822784810126591
0 0.7412911392405065 0.47683544303797465 0.04303797468354431 0.04936708860759498