0 0.03101898734177211 0.36337974683544305 0.06203797468354422 0.07215189873417716
0 0.10064556962025306 0.36148101265822785 0.06455696202531658 0.06329113924050622
0 0.2227974683544302 0.46464556962025316 0.04556962025316469 0.05443037974683551
0 0.3392531645569619 0.3589493670886076 0.06075949367088607 0.06835443037974676
0 0.39115189873417716 0.35705063291139244 0.0582278481012658 0.07468354430379731
0 0.4873544303797468 0.46401265822784815 0.04556962025316458 0.04303797468354442
0 0.5259620253164556 0.46401265822784815 0.04430379746835422 0.04303797468354442
0 0.6829240506329114 0.47034177215189876 0.044303797468354444 0.05316455696202538
0 0.719 0.4722405063291139 0.04303797468354431 0.05189873417721513
0 0.8341898734177214 0.4532531645569621 0.04303797468354431 0.05443037974683551
0 0.8734303797468354 0.4576835443037975 0.04556962025316458 0.0582278481012658
0 0.9633037974683543 0.47413924050632916 0.0430379746835442 0.04303797468354431
0 0.15570886075949353 0.4861645569620253 0.04303797468354431 0.04936708860759498