0 0.9446772151898735 0.9568860759493671 0.11064556962025318 0.08622784810126582
0 0.8081317525405599 0.9606835443037975 0.156541986093778 0.07863291139240502
0 0.9520126582278483 0.6840253164556962 0.07974683544303796 0.08227848101265811
0 0.8653037974683546 0.6871898734177215 0.08101265822784798 0.08860759493670889
0 0.6102405063291141 0.5460506329113923 0.05949367088607571 0.07215189873417727
0 0.5121392405063292 0.591620253164557 0.06835443037974692 0.07215189873417716
0 0.439354430379747 0.5935189873417721 0.06455696202531658 0.06329113924050622
0 0.31720253164556983 0.4903544303797468 0.04556962025316469 0.054430379746835456
0 0.2007468354430381 0.5960506329113924 0.06075949367088607 0.06835443037974676
0 0.14884810126582285 0.5979493670886076 0.05822784810126587 0.07468354430379742
0 0.8108734177215191 0.501746835443038 0.03544303797468351 0.04177215189873418
0 0.9621392405063292 0.4549113924050633 0.044303797468354555 0.04177215189873423
0 0.052645569620253185 0.49098734177215186 0.04556962025316455 0.04303797468354431
0 0.018094936708860757 0.49098734177215186 0.036189873417721515 0.04303797468354431
0 0.3842911392405065 0.46883544303797464 0.043037974683544256 0.04936708860759498
0 0.7710000000000001 0.503012658227848 0.05443037974683529 0.05189873417721513