0 0.11767170803879651 0.035113924050632905 0.14394772316291327 0.07022784810126581
0 0.2708682474594401 0.031316455696202505 0.1565419860937779 0.06263291139240501
0 0.12698734177215165 0.29997468354430384 0.07974683544303796 0.08227848101265811
0 0.21369620253164545 0.29681012658227846 0.08101265822784809 0.08860759493670889
0 0.46875949367088593 0.4379493670886076 0.05949367088607571 0.07215189873417727
0 0.5668607594936708 0.3923797468354431 0.06835443037974687 0.07215189873417716
0 0.639645569620253 0.3904810126582279 0.06455696202531669 0.06329113924050622
0 0.7617974683544302 0.4936455696202532 0.04556962025316469 0.05443037974683551
0 0.8782531645569619 0.3879493670886076 0.06075949367088618 0.06835443037974676
0 0.9301518987341771 0.3860506329113924 0.05822784810126591 0.07468354430379742
0 0.2681265822784809 0.482253164556962 0.0354430379746834 0.04177215189873418
0 0.11686075949367075 0.5290886075949367 0.044303797468354555 0.04177215189873418
0 0.6947088607594936 0.5151645569620253 0.0430379746835442 0.04936708860759498
0 0.3079999999999999 0.4809873417721519 0.0544303797468354 0.05189873417721513