0 0.9621392405063292 0.37437974683544306 0.06835443037974687 0.07215189873417716
0 0.889354430379747 0.37248101265822786 0.06455696202531658 0.06329113924050622
0 0.7672025316455697 0.4756455696202532 0.04556962025316469 0.05443037974683551
0 0.6507468354430381 0.3699493670886076 0.06075949367088607 0.06835443037974676
0 0.5988481012658229 0.36805063291139245 0.0582278481012658 0.07468354430379731
0 0.5026455696202532 0.4750126582278481 0.04556962025316458 0.04303797468354431
0 0.46403797468354435 0.4750126582278481 0.04430379746835433 0.04303797468354431
0 0.30707594936708865 0.4813417721518988 0.044303797468354444 0.05316455696202538
0 0.2710000000000001 0.483240506329114 0.04303797468354434 0.051898734177215244
0 0.15581012658227855 0.4642531645569621 0.04303797468354434 0.05443037974683551
0 0.1165696202531646 0.4686835443037975 0.04556962025316455 0.0582278481012658
0 0.026696202531645667 0.4851392405063292 0.04303797468354424 0.04303797468354431
0 0.8342911392405066 0.49716455696202533 0.0430379746835442 0.04936708860759498