0 0.9471392405063292 0.642620253164557 0.06835443037974687 0.07215189873417716
0 0.874354430379747 0.6445189873417722 0.06455696202531658 0.06329113924050622
0 0.7522025316455698 0.5413544303797468 0.04556962025316458 0.05443037974683551
0 0.635746835443038 0.6470506329113924 0.06075949367088607 0.06835443037974676
0 0.5838481012658228 0.6489493670886075 0.0582278481012658 0.07468354430379731
0 0.4876455696202532 0.5419873417721519 0.04556962025316458 0.04303797468354442
0 0.44903797468354434 0.5419873417721519 0.04430379746835433 0.04303797468354442
0 0.29207594936708864 0.5356582278481012 0.044303797468354444 0.05316455696202538
0 0.25600000000000006 0.533759493670886 0.04303797468354434 0.05189873417721513
0 0.14081012658227854 0.5527468354430379 0.04303797468354435 0.05443037974683551
0 0.1015696202531646 0.5483164556962026 0.04556962025316455 0.0582278481012658
0 0.01660759493670889 0.5318607594936708 0.03321518987341778 0.04303797468354431
0 0.8192911392405064 0.5198354430379746 0.0430379746835442 0.04936708860759492