0 0.9581772151898734 0.9523860759493671 0.08364556962025316 0.09522784810126583
0 0.8351317525405599 0.9561835443037975 0.1565419860937779 0.08763291139240503
0 0.9695696202531647 0.6750253164556961 0.060860759493670646 0.08227848101265811
0 0.8923037974683545 0.6781898734177215 0.08101265822784809 0.08860759493670889
0 0.637240506329114 0.5370506329113924 0.05949367088607571 0.07215189873417727
0 0.5391392405063291 0.582620253164557 0.06835443037974687 0.07215189873417716
0 0.466354430379747 0.5845189873417721 0.06455696202531658 0.06329113924050622
0 0.3442025316455698 0.4813544303797468 0.04556962025316463 0.054430379746835456
0 0.2277468354430381 0.5870506329113924 0.06075949367088607 0.06835443037974676
0 0.17584810126582284 0.5889493670886076 0.058227848101265856 0.07468354430379742
0 0.837873417721519 0.492746835443038 0.0354430379746834 0.04177215189873418
0 0.983493670886076 0.4459113924050633 0.033012658227848046 0.04177215189873423
0 0.07964556962025318 0.48198734177215186 0.04556962025316454 0.04303797468354431
0 0.04103797468354435 0.48198734177215186 0.04430379746835433 0.04303797468354431
0 0.4112911392405065 0.45983544303797463 0.0430379746835442 0.04936708860759498
0 0.798 0.49401265822784807 0.0544303797468354 0.05189873417721513