0 0.00401898734177214 0.38137974683544307 0.00803797468354428 0.07215189873417716
0 0.04664556962025301 0.37948101265822787 0.06455696202531658 0.06329113924050622
0 0.16879746835443016 0.4826455696202532 0.04556962025316469 0.05443037974683551
0 0.28525316455696187 0.3769493670886076 0.06075949367088607 0.06835443037974676
0 0.33715189873417717 0.37505063291139246 0.05822784810126591 0.07468354430379731
0 0.4333544303797468 0.48201265822784817 0.04556962025316447 0.04303797468354442
0 0.47196202531645565 0.48201265822784817 0.04430379746835433 0.04303797468354442
0 0.6289240506329113 0.4883417721518987 0.044303797468354444 0.05316455696202527
0 0.6649999999999999 0.4902405063291139 0.04303797468354431 0.05189873417721513
0 0.7801898734177215 0.4712531645569621 0.04303797468354442 0.05443037974683551
0 0.8194303797468354 0.47568354430379745 0.04556962025316458 0.05822784810126591
0 0.9093037974683543 0.4921392405063292 0.04303797468354431 0.04303797468354431
0 0.10170886075949354 0.5041645569620253 0.0430379746835442 0.04936708860759498