0 0.05256962025316453 0.009316455696202541 0.10513924050632906 0.018632911392405083
0 0.005101265822784751 0.2528101265822785 0.010202531645569501 0.08860759493670889
0 0.22475949367088593 0.39394936708860767 0.05949367088607571 0.07215189873417727
0 0.3228607594936708 0.34837974683544304 0.06835443037974687 0.07215189873417716
0 0.395645569620253 0.3464810126582279 0.06455696202531658 0.06329113924050633
0 0.5177974683544302 0.4496455696202532 0.04556962025316469 0.0544303797468354
0 0.6342531645569619 0.3439493670886077 0.06075949367088618 0.06835443037974676
0 0.6861518987341771 0.3420506329113924 0.05822784810126591 0.07468354430379731
0 0.024126582278480913 0.438253164556962 0.0354430379746834 0.04177215189873407
0 0.7823544303797468 0.44901265822784814 0.04556962025316458 0.04303797468354442
0 0.8209620253164556 0.44901265822784814 0.04430379746835433 0.04303797468354442
0 0.977886075949367 0.45534177215189875 0.0442278481012659 0.05316455696202538
0 0.9962405063291139 0.4572405063291139 0.007518987341772254 0.05189873417721513
0 0.4507088607594935 0.47116455696202536 0.0430379746835442 0.04936708860759487
0 0.06399999999999989 0.4369873417721519 0.0544303797468354 0.051898734177215244