0 0.04232278481012658 0.04061392405063291 0.08464556962025316 0.08122784810126582
0 0.16586824745944012 0.03681645569620251 0.1565419860937779 0.07363291139240502
0 0.030930379746835324 0.31097468354430385 0.06186075949367065 0.08227848101265811
0 0.10869620253164547 0.30781012658227846 0.08101265822784809 0.08860759493670889
0 0.36375949367088595 0.4489493670886076 0.05949367088607571 0.07215189873417727
0 0.46186075949367084 0.40337974683544303 0.06835443037974687 0.07215189873417727
0 0.534645569620253 0.4014810126582279 0.06455696202531658 0.06329113924050622
0 0.6567974683544302 0.5046455696202532 0.04556962025316469 0.0544303797468354
0 0.7732531645569619 0.3989493670886076 0.06075949367088618 0.06835443037974676
0 0.8251518987341772 0.3970506329113924 0.05822784810126591 0.07468354430379742
0 0.16312658227848092 0.493253164556962 0.0354430379746834 0.04177215189873418
0 0.017006329113924024 0.5400886075949367 0.03401265822784805 0.04177215189873418
0 0.9213544303797468 0.5040126582278481 0.04556962025316458 0.04303797468354431
0 0.9599620253164556 0.5040126582278481 0.04430379746835433 0.04303797468354431
0 0.5897088607594936 0.5261645569620254 0.0430379746835442 0.04936708860759498
0 0.2029999999999999 0.4919873417721519 0.0544303797468354 0.05189873417721513