0 0.00932278481012655 0.9633860759493671 0.0186455696202531 0.07322784810126581
0 0.09986824745944012 0.9671835443037975 0.156541986093778 0.06563291139240501
0 0.04269620253164541 0.7001898734177215 0.08101265822784809 0.08860759493670889
0 0.29775949367088594 0.5590506329113925 0.05949367088607582 0.07215189873417727
0 0.3958607594936708 0.604620253164557 0.06835443037974687 0.07215189873417727
0 0.46864556962025306 0.6065189873417721 0.06455696202531658 0.06329113924050622
0 0.5907974683544301 0.5033544303797468 0.04556962025316469 0.054430379746835456
0 0.707253164556962 0.6090506329113924 0.06075949367088607 0.06835443037974676
0 0.7591518987341772 0.6109493670886076 0.0582278481012658 0.07468354430379742
0 0.09712658227848087 0.514746835443038 0.0354430379746834 0.04177215189873418
0 0.8553544303797468 0.5039873417721519 0.04556962025316458 0.04303797468354437
0 0.8939620253164557 0.5039873417721519 0.04430379746835433 0.04303797468354437
0 0.5237088607594935 0.48183544303797465 0.04303797468354409 0.04936708860759498
0 0.1369999999999999 0.5160126582278481 0.05443037974683529 0.05189873417721513