0 0.978481012658228 0.654620253164557 0.0430379746835442 0.07215189873417716
0 0.918354430379747 0.656518987341772 0.06455696202531658 0.06329113924050633
0 0.7962025316455699 0.5533544303797469 0.04556962025316469 0.0544303797468354
0 0.679746835443038 0.6590506329113923 0.06075949367088607 0.06835443037974676
0 0.6278481012658228 0.6609493670886075 0.0582278481012658 0.07468354430379731
0 0.5316455696202532 0.5539873417721519 0.04556962025316458 0.04303797468354442
0 0.4930379746835443 0.5539873417721519 0.04430379746835433 0.04303797468354442
0 0.3360759493670886 0.5476582278481013 0.044303797468354444 0.05316455696202538
0 0.30000000000000004 0.545759493670886 0.04303797468354437 0.051898734177215244
0 0.18481012658227852 0.5647468354430379 0.04303797468354434 0.05443037974683551
0 0.1455696202531646 0.5603164556962026 0.04556962025316455 0.0582278481012658
0 0.05569620253164567 0.5438607594936709 0.043037974683544235 0.04303797468354431
0 0.8632911392405065 0.5318354430379746 0.04303797468354431 0.04936708860759487