0 0.025322784810126564 0.025113924050632952 0.05064556962025313 0.050227848101265904
0 0.1318682474594401 0.021316455696202552 0.1565419860937779 0.042632911392405104
0 0.013930379746835364 0.2799746835443038 0.027860759493670728 0.08227848101265811
0 0.07469620253164544 0.27681012658227844 0.08101265822784809 0.08860759493670889
0 0.3297594936708859 0.4179493670886076 0.05949367088607571 0.07215189873417727
0 0.4278607594936708 0.37237974683544306 0.06835443037974687 0.07215189873417716
0 0.500645569620253 0.37048101265822786 0.06455696202531669 0.06329113924050622
0 0.6227974683544302 0.47364556962025317 0.0455696202531648 0.05443037974683551
0 0.7392531645569619 0.3679493670886076 0.06075949367088618 0.06835443037974676
0 0.7911518987341771 0.36605063291139245 0.05822784810126591 0.07468354430379731
0 0.1291265822784809 0.462253164556962 0.0354430379746834 0.04177215189873407
0 6.329113924063989e-06 0.5090886075949367 1.2658227848127979e-05 0.04177215189873418
0 0.8873544303797468 0.4730126582278481 0.04556962025316458 0.04303797468354431
0 0.9259620253164556 0.4730126582278481 0.04430379746835433 0.04303797468354431
0 0.5557088607594936 0.4951645569620253 0.0430379746835442 0.04936708860759498
0 0.16899999999999987 0.4609873417721519 0.0544303797468354 0.05189873417721513