0 0.9917468354430381 0.5510506329113924 0.0165063291139238 0.07215189873417727
0 0.9151392405063292 0.596620253164557 0.06835443037974687 0.07215189873417727
0 0.842354430379747 0.5985189873417721 0.06455696202531658 0.06329113924050622
0 0.7202025316455698 0.4953544303797468 0.04556962025316469 0.054430379746835456
0 0.6037468354430382 0.6010506329113924 0.06075949367088607 0.06835443037974676
0 0.5518481012658228 0.6029493670886076 0.05822784810126591 0.07468354430379742
0 0.45564556962025315 0.49598734177215187 0.04556962025316452 0.04303797468354431
0 0.41703797468354437 0.49598734177215187 0.04430379746835433 0.04303797468354431
0 0.26007594936708867 0.4896582278481012 0.04430379746835447 0.05316455696202532
0 0.22400000000000006 0.48775949367088606 0.04303797468354437 0.05189873417721513
0 0.10881012658227854 0.5067468354430379 0.04303797468354435 0.054430379746835456
0 0.0695696202531646 0.5023164556962025 0.04556962025316454 0.05822784810126591
0 0.0006075949367088925 0.4858607594936709 0.001215189873417785 0.04303797468354437
0 0.7872911392405064 0.47383544303797465 0.0430379746835442 0.04936708860759498