0 0.07056962025316454 0.9576835443037974 0.1411392405063291 0.08463291139240503
0 0.023101265822784767 0.6811898734177215 0.04620253164556953 0.08860759493670889
0 0.26075949367088597 0.5400506329113923 0.05949367088607571 0.07215189873417727
0 0.3588607594936708 0.585620253164557 0.06835443037974698 0.07215189873417716
0 0.431645569620253 0.5875189873417721 0.06455696202531658 0.06329113924050622
0 0.5537974683544302 0.4843544303797468 0.04556962025316469 0.054430379746835456
0 0.6702531645569618 0.5900506329113924 0.06075949367088607 0.06835443037974676
0 0.7221518987341772 0.5919493670886076 0.05822784810126591 0.07468354430379742
0 0.06012658227848089 0.495746835443038 0.03544303797468351 0.04177215189873418
0 0.8183544303797469 0.48498734177215186 0.04556962025316458 0.04303797468354431
0 0.8569620253164556 0.48498734177215186 0.04430379746835433 0.04303797468354431
0 0.9958860759493671 0.4786582278481013 0.008227848101265867 0.05316455696202543
0 0.48670886075949354 0.46283544303797464 0.0430379746835442 0.04936708860759498
0 0.09999999999999987 0.49701265822784807 0.05443037974683529 0.05189873417721513