0 0.13467170803879652 0.963886075949367 0.14394772316291327 0.07222784810126581
0 0.2878682474594401 0.9676835443037974 0.1565419860937779 0.06463291139240501
0 0.14398734177215167 0.6980253164556962 0.07974683544303796 0.08227848101265811
0 0.23069620253164547 0.7011898734177215 0.08101265822784809 0.08860759493670889
0 0.48575949367088594 0.5600506329113923 0.05949367088607571 0.07215189873417727
0 0.5838607594936708 0.6056202531645569 0.06835443037974698 0.07215189873417716
0 0.656645569620253 0.6075189873417721 0.06455696202531658 0.06329113924050622
0 0.7787974683544302 0.5043544303797468 0.04556962025316458 0.054430379746835456
0 0.8952531645569619 0.6100506329113924 0.060759493670885956 0.06835443037974676
0 0.9471518987341772 0.6119493670886076 0.05822784810126591 0.07468354430379742
0 0.2851265822784809 0.515746835443038 0.0354430379746834 0.04177215189873418
0 0.13386075949367077 0.4689113924050633 0.044303797468354555 0.04177215189873418
0 0.7117088607594935 0.48283544303797465 0.0430379746835442 0.04936708860759498
0 0.3249999999999999 0.517012658227848 0.0544303797468354 0.05189873417721513