0 0.9619303797468355 0.9821835443037974 0.07613924050632914 0.0356329113924051
0 0.804240506329114 0.5890506329113924 0.05949367088607571 0.07215189873417738
0 0.7061392405063291 0.634620253164557 0.06835443037974687 0.07215189873417716
0 0.633354430379747 0.6365189873417721 0.06455696202531658 0.06329113924050622
0 0.5112025316455698 0.5333544303797468 0.04556962025316463 0.05443037974683551
0 0.3947468354430381 0.6390506329113924 0.06075949367088601 0.06835443037974676
0 0.3428481012658229 0.6409493670886075 0.058227848101265856 0.07468354430379731
0 0.9935759493670887 0.544746835443038 0.012848101265822587 0.04177215189873407
0 0.2466455696202532 0.5339873417721519 0.04556962025316458 0.04303797468354442
0 0.20803797468354435 0.5339873417721519 0.04430379746835433 0.04303797468354442
0 0.05107594936708865 0.5276582278481012 0.04430379746835445 0.05316455696202538
0 0.018259493670886116 0.525759493670886 0.03651898734177223 0.05189873417721519
0 0.5782911392405066 0.5118354430379747 0.0430379746835442 0.04936708860759498
0 0.9650000000000001 0.5460126582278482 0.0544303797468354 0.05189873417721513