0 0.017018987341772096 0.3943797468354431 0.03403797468354419 0.07215189873417716
0 0.07264556962025304 0.3924810126582279 0.06455696202531658 0.06329113924050622
0 0.19479746835443018 0.4956455696202532 0.04556962025316469 0.05443037974683551
0 0.3112531645569619 0.3899493670886076 0.06075949367088607 0.06835443037974676
0 0.3631518987341772 0.3880506329113924 0.05822784810126591 0.07468354430379742
0 0.4593544303797468 0.4950126582278481 0.04556962025316447 0.04303797468354431
0 0.49796202531645567 0.4950126582278481 0.04430379746835433 0.04303797468354431
0 0.6549240506329114 0.5013417721518988 0.044303797468354444 0.05316455696202538
0 0.691 0.5032405063291139 0.04303797468354431 0.05189873417721513
0 0.8061898734177214 0.48425316455696205 0.04303797468354431 0.0544303797468354
0 0.8454303797468354 0.48868354430379746 0.04556962025316447 0.05822784810126591
0 0.9353037974683543 0.5051392405063291 0.04303797468354431 0.04303797468354442
0 0.1277088607594935 0.5171645569620253 0.04303797468354431 0.04936708860759498