0 0.9721772151898734 0.04861392405063292 0.05564556962025313 0.09722784810126583
0 0.86313175254056 0.04481645569620252 0.1565419860937779 0.08963291139240503
0 0.9835696202531646 0.3269746835443038 0.03286075949367073 0.08227848101265822
0 0.9203037974683546 0.3238101265822785 0.08101265822784809 0.08860759493670889
0 0.665240506329114 0.4649493670886076 0.05949367088607571 0.07215189873417727
0 0.5671392405063291 0.419379746835443 0.06835443037974687 0.07215189873417716
0 0.494354430379747 0.4174810126582279 0.06455696202531663 0.06329113924050622
0 0.3722025316455698 0.5206455696202532 0.04556962025316469 0.0544303797468354
0 0.2557468354430381 0.41494936708860763 0.06075949367088607 0.06835443037974676
0 0.20384810126582284 0.41305063291139243 0.058227848101265856 0.07468354430379742
0 0.865873417721519 0.509253164556962 0.0354430379746834 0.04177215189873418
0 0.997493670886076 0.5560886075949367 0.005012658227848132 0.04177215189873429
0 0.10764556962025319 0.5200126582278481 0.04556962025316455 0.04303797468354431
0 0.06903797468354435 0.5200126582278481 0.04430379746835433 0.04303797468354431
0 0.43929113924050645 0.5421645569620254 0.043037974683544256 0.04936708860759498
0 0.8260000000000001 0.5079873417721519 0.0544303797468354 0.05189873417721513