0 0.9928101265822786 0.4916329113924051 0.014379746835442853 0.0468354430379746
0 0.8299240506329115 0.4827721518987342 0.04303797468354442 0.04936708860759487
0 0.7862531645569619 0.4821392405063291 0.044303797468354555 0.04810126582278473
0 0.9996666666666667 0.5954444444444444 0.0006666666666667043 0.03111111111111109
0 0.989111111111111 0.5965555555555555 0.021777777777777785 0.0311111111111112
0 0.959888888888889 0.6098888888888889 0.025555555555555665 0.020000000000000018
0 0.939888888888889 0.6082222222222222 0.02777777777777779 0.025555555555555554
0 0.916 0.6165 0.020000000000000018 0.019000000000000017
0 0.8995 0.614 0.017000000000000015 0.018000000000000016
0 0.7735000000000001 0.615 0.02100000000000002 0.020000000000000018
0 0.756 0.6154999999999999 0.02200000000000002 0.019000000000000128
0 0.8314999999999999 0.613 0.019000000000000017 0.020000000000000018
0 0.8160000000000001 0.614 0.019999999999999796 0.02200000000000002
0 0.8605 0.616 0.02100000000000002 0.02200000000000002