0 0.01656962025316444 0.4654683544303797 0.03313924050632888 0.04303797468354437
0 0.05275949367088584 0.4673670886075949 0.03924050632911391 0.046835443037974656
0 0.22807594936708853 0.47622784810126584 0.04303797468354431 0.04936708860759481
0 0.27174683544303796 0.47686075949367085 0.044303797468354555 0.04810126582278473
0 0.04255555555555557 0.36244444444444446 0.02111111111111108 0.0222222222222222
0 0.04477777777777786 0.3635555555555555 0.02777777777777779 0.03111111111111109
0 0.06755555555555554 0.36244444444444446 0.024444444444444602 0.031111111111111145
0 0.0981111111111111 0.3491111111111111 0.025555555555555665 0.020000000000000018
0 0.11811111111111111 0.35077777777777774 0.02777777777777779 0.025555555555555498
0 0.14200000000000002 0.3425 0.020000000000000018 0.01899999999999996
0 0.15850000000000003 0.345 0.017000000000000015 0.01799999999999996
0 0.28450000000000003 0.344 0.02100000000000002 0.019999999999999962
0 0.302 0.3435 0.02199999999999991 0.019000000000000017
0 0.22649999999999998 0.346 0.019000000000000017 0.019999999999999962
0 0.24199999999999994 0.345 0.019999999999999907 0.021999999999999964
0 0.01050000000000001 0.33699999999999997 0.019000000000000017 0.01799999999999996
0 0.1975 0.34299999999999997 0.020999999999999908 0.021999999999999964