0 0.9909303797468356 0.5115316455696203 0.01813924050632887 0.04303797468354431
0 0.9622405063291142 0.5096329113924052 0.03924050632911391 0.0468354430379746
0 0.7869240506329115 0.5007721518987343 0.04303797468354431 0.04936708860759487
0 0.743253164556962 0.5001392405063292 0.044303797468354555 0.04810126582278473
0 0.9724444444444444 0.6145555555555555 0.02111111111111108 0.022222222222222254
0 0.9702222222222221 0.6134444444444445 0.02777777777777779 0.03111111111111109
0 0.9474444444444445 0.6145555555555555 0.024444444444444602 0.03111111111111109
0 0.9168888888888889 0.6278888888888889 0.025555555555555665 0.020000000000000018
0 0.8968888888888888 0.6262222222222222 0.02777777777777779 0.025555555555555554
0 0.873 0.6345000000000001 0.020000000000000018 0.019000000000000017
0 0.8565 0.632 0.017000000000000015 0.018000000000000016
0 0.7304999999999999 0.633 0.02100000000000002 0.020000000000000018
0 0.713 0.6335 0.02200000000000002 0.019000000000000128
0 0.7885 0.631 0.019000000000000017 0.020000000000000018
0 0.7730000000000001 0.632 0.019999999999999907 0.02200000000000002
0 0.9975 0.64 0.0050000000000000044 0.018000000000000016
0 0.8175 0.634 0.020999999999999908 0.02200000000000002