0 0.1868860759493668 0.5025316455696203 0.040506329113924044 0.04303797468354431
0 0.22675949367088583 0.5006329113924051 0.03924050632911402 0.0468354430379746
0 0.4020759493670885 0.4917721518987342 0.04303797468354442 0.04936708860759487
0 0.445746835443038 0.4911392405063291 0.044303797468354555 0.04810126582278473
0 0.08245569620253151 0.5734177215189874 0.026582278481012467 0.03797468354430378
0 0.107139240506329 0.5734177215189874 0.027848101265822822 0.032911392405063244
0 0.14068354430379737 0.6037974683544304 0.02405063291139231 0.030379746835442978
0 0.15933333333333338 0.6011111111111112 0.024444444444444602 0.026666666666666727
0 0.2165555555555555 0.6055555555555556 0.02111111111111108 0.022222222222222254
0 0.2187777777777778 0.6044444444444445 0.02777777777777779 0.03111111111111109
0 0.24155555555555558 0.6055555555555556 0.024444444444444602 0.03111111111111109
0 0.04655555555555563 0.6166666666666667 0.02777777777777779 0.02444444444444449
0 0.00911111111111107 0.6194444444444445 0.01822222222222214 0.02777777777777768
0 0.27211111111111114 0.6188888888888889 0.025555555555555665 0.020000000000000018
0 0.2921111111111111 0.6172222222222222 0.0277777777777779 0.025555555555555554
0 0.316 0.6255 0.019999999999999907 0.019000000000000017
0 0.33249999999999996 0.623 0.017000000000000015 0.018000000000000016
0 0.45849999999999996 0.624 0.02100000000000002 0.020000000000000018
0 0.476 0.6245 0.02200000000000002 0.019000000000000017
0 0.4005 0.622 0.019000000000000017 0.020000000000000018
0 0.416 0.623 0.019999999999999907 0.02200000000000002
0 0.1845 0.631 0.018999999999999906 0.018000000000000016
0 0.3715 0.625 0.02100000000000002 0.02200000000000002