0 0.8529240506329114 0.5412278481012658 0.04303797468354442 0.04936708860759487
0 0.8092531645569621 0.5418607594936709 0.044303797468354555 0.04810126582278473
0 0.9828888888888889 0.4141111111111111 0.025555555555555665 0.020000000000000018
0 0.9628888888888889 0.4157777777777778 0.0277777777777779 0.025555555555555498
0 0.9390000000000001 0.4075 0.019999999999999907 0.01899999999999996
0 0.9225000000000001 0.41000000000000003 0.017000000000000015 0.01799999999999996
0 0.7965 0.40900000000000003 0.02100000000000002 0.019999999999999962
0 0.779 0.40850000000000003 0.02200000000000002 0.019000000000000017
0 0.8545 0.41100000000000003 0.019000000000000017 0.019999999999999962
0 0.839 0.41000000000000003 0.019999999999999907 0.021999999999999964
0 0.8835 0.40800000000000003 0.02100000000000002 0.021999999999999964