0 0.6082658227848101 0.49598734177215187 0.04556962025316469 0.036708860759493644
0 0.5937088607594938 0.5548481012658228 0.04430379746835433 0.04810126582278473
0 0.5538354430379748 0.5523164556962026 0.03797468354430389 0.0430379746835442
0 0.3361139240506332 0.5244683544303798 0.040506329113924044 0.04303797468354431
0 0.29624050632911414 0.5263670886075948 0.03924050632911397 0.0468354430379746
0 0.12092405063291148 0.5352278481012658 0.04303797468354437 0.04936708860759487
0 0.07725316455696202 0.5358607594936708 0.044303797468354555 0.04810126582278473
0 0.4405443037974685 0.4535822784810126 0.026582278481012467 0.03797468354430383
0 0.415860759493671 0.4535822784810126 0.027848101265822822 0.0329113924050633
0 0.38231645569620265 0.42320253164556965 0.02405063291139231 0.030379746835443033
0 0.36366666666666664 0.4258888888888889 0.024444444444444602 0.026666666666666672
0 0.30644444444444446 0.4214444444444444 0.02111111111111108 0.0222222222222222
0 0.30422222222222217 0.4225555555555555 0.02777777777777779 0.03111111111111109
0 0.2814444444444445 0.4214444444444444 0.024444444444444546 0.031111111111111145
0 0.47644444444444434 0.4103333333333333 0.02777777777777779 0.024444444444444435
0 0.5164444444444445 0.40755555555555556 0.023333333333333206 0.027777777777777846
0 0.2508888888888889 0.4081111111111111 0.025555555555555637 0.020000000000000018
0 0.23088888888888892 0.4097777777777778 0.027777777777777818 0.025555555555555498
0 0.20700000000000002 0.40149999999999997 0.01999999999999999 0.01899999999999996
0 0.1905 0.404 0.017000000000000015 0.01799999999999996
0 0.0645 0.403 0.020999999999999998 0.019999999999999962
0 0.047 0.4025 0.022000000000000006 0.019000000000000017
0 0.1225 0.405 0.019000000000000003 0.019999999999999962
0 0.10700000000000007 0.404 0.019999999999999893 0.021999999999999964
0 0.3385 0.396 0.01899999999999996 0.018000000000000016
0 0.1515 0.402 0.02100000000000002 0.021999999999999964