0 0.1717341772151898 0.46898734177215184 0.04556962025316458 0.036708860759493644
0 0.18629113924050628 0.5278481012658227 0.04430379746835433 0.04810126582278473
0 0.22616455696202525 0.5253164556962024 0.03797468354430389 0.0430379746835442
0 0.4438860759493668 0.49746835443037973 0.040506329113924044 0.04303797468354431
0 0.48375949367088583 0.4993670886075949 0.03924050632911402 0.0468354430379746
0 0.6590759493670885 0.5082278481012659 0.04303797468354431 0.04936708860759487
0 0.702746835443038 0.5088607594936709 0.044303797468354666 0.04810126582278473
0 0.3394556962025315 0.42658227848101266 0.026582278481012467 0.03797468354430378
0 0.364139240506329 0.42658227848101266 0.027848101265822822 0.032911392405063244
0 0.3976835443037974 0.3962025316455696 0.02405063291139231 0.030379746835443033
0 0.4163333333333334 0.39888888888888885 0.024444444444444602 0.026666666666666672
0 0.4735555555555555 0.39444444444444443 0.02111111111111108 0.022222222222222254
0 0.4757777777777778 0.39555555555555555 0.02777777777777779 0.03111111111111109
0 0.49855555555555553 0.3944444444444444 0.02444444444444449 0.031111111111111145
0 0.30355555555555563 0.3833333333333333 0.02777777777777779 0.02444444444444449
0 0.26355555555555554 0.38055555555555554 0.023333333333333206 0.02777777777777779
0 0.5291111111111111 0.38111111111111107 0.025555555555555554 0.020000000000000018
0 0.5491111111111111 0.3827777777777778 0.02777777777777779 0.025555555555555554
0 0.573 0.3745 0.020000000000000018 0.019000000000000017
0 0.5894999999999999 0.377 0.017000000000000015 0.018000000000000016
0 0.7155 0.376 0.020999999999999908 0.020000000000000018
0 0.733 0.37550000000000006 0.02200000000000002 0.019000000000000072
0 0.6575 0.378 0.019000000000000017 0.020000000000000018
0 0.6729999999999999 0.377 0.019999999999999796 0.02200000000000002
0 0.4415 0.369 0.018999999999999906 0.018000000000000016
0 0.6285000000000001 0.375 0.02100000000000002 0.02200000000000002