0 0.3647341772151898 0.48498734177215186 0.04556962025316469 0.036708860759493644
0 0.3792911392405062 0.5438481012658227 0.04430379746835433 0.04810126582278473
0 0.41916455696202526 0.5413164556962025 0.03797468354430378 0.0430379746835442
0 0.6368860759493669 0.5134683544303797 0.040506329113924044 0.04303797468354431
0 0.6767594936708858 0.515367088607595 0.03924050632911391 0.0468354430379746
0 0.8520759493670885 0.5242278481012659 0.04303797468354431 0.04936708860759487
0 0.895746835443038 0.524860759493671 0.044303797468354555 0.04810126582278473
0 0.5324556962025315 0.44258227848101267 0.026582278481012467 0.03797468354430378
0 0.5571392405063289 0.4425822784810126 0.027848101265822822 0.0329113924050633
0 0.5906835443037973 0.41220253164556964 0.02405063291139231 0.030379746835443033
0 0.6093333333333334 0.41488888888888886 0.02444444444444449 0.026666666666666672
0 0.6665555555555556 0.4104444444444444 0.02111111111111108 0.0222222222222222
0 0.6687777777777778 0.41155555555555556 0.0277777777777779 0.03111111111111109
0 0.6915555555555555 0.4104444444444444 0.024444444444444602 0.031111111111111145
0 0.49655555555555564 0.3993333333333333 0.0277777777777779 0.02444444444444449
0 0.45655555555555555 0.39655555555555555 0.023333333333333317 0.02777777777777779
0 0.7221111111111111 0.3971111111111111 0.025555555555555665 0.020000000000000018
0 0.742111111111111 0.3987777777777778 0.0277777777777779 0.025555555555555554
0 0.766 0.3905 0.020000000000000018 0.019000000000000017
0 0.7825 0.393 0.017000000000000015 0.018000000000000016
0 0.9085000000000001 0.392 0.02100000000000002 0.020000000000000018
0 0.926 0.39150000000000007 0.02200000000000002 0.019000000000000072
0 0.8505 0.394 0.019000000000000017 0.020000000000000018
0 0.8659999999999999 0.393 0.019999999999999907 0.02200000000000002
0 0.6345000000000001 0.385 0.019000000000000017 0.018000000000000016
0 0.8214999999999999 0.391 0.02100000000000002 0.02200000000000002