0 0.8862658227848101 0.46898734177215184 0.04556962025316469 0.036708860759493644
0 0.8717088607594938 0.5278481012658227 0.04430379746835433 0.04810126582278473
0 0.8318354430379747 0.5253164556962024 0.03797468354430378 0.0430379746835442
0 0.6141139240506331 0.49746835443037973 0.040506329113924044 0.04303797468354431
0 0.5742405063291142 0.4993670886075949 0.03924050632911391 0.0468354430379746
0 0.3989240506329115 0.5082278481012659 0.04303797468354431 0.04936708860759487
0 0.35525316455696204 0.5088607594936709 0.044303797468354555 0.04810126582278473
0 0.7185443037974686 0.42658227848101266 0.026582278481012467 0.03797468354430378
0 0.693860759493671 0.42658227848101266 0.027848101265822822 0.032911392405063244
0 0.6603164556962027 0.3962025316455696 0.02405063291139231 0.030379746835443033
0 0.6416666666666666 0.39888888888888885 0.024444444444444602 0.026666666666666672
0 0.5844444444444444 0.39444444444444443 0.02111111111111108 0.022222222222222254
0 0.5822222222222222 0.39555555555555555 0.02777777777777779 0.03111111111111109
0 0.5594444444444444 0.3944444444444444 0.024444444444444602 0.031111111111111145
0 0.7544444444444444 0.3833333333333333 0.0277777777777779 0.02444444444444449
0 0.7944444444444445 0.38055555555555554 0.023333333333333317 0.02777777777777779
0 0.528888888888889 0.38111111111111107 0.025555555555555665 0.020000000000000018
0 0.508888888888889 0.3827777777777778 0.02777777777777779 0.025555555555555554
0 0.485 0.3745 0.020000000000000018 0.019000000000000017
0 0.4685 0.377 0.01699999999999996 0.018000000000000016
0 0.3425 0.376 0.020999999999999963 0.020000000000000018
0 0.325 0.37550000000000006 0.02200000000000002 0.019000000000000072
0 0.40049999999999997 0.378 0.01899999999999996 0.020000000000000018
0 0.38500000000000006 0.377 0.019999999999999907 0.02200000000000002
0 0.6165 0.369 0.019000000000000017 0.018000000000000016
0 0.4295 0.375 0.02100000000000002 0.02200000000000002