0 0.9823101265822787 0.4636329113924051 0.03537974683544276 0.0468354430379746
0 0.8089240506329115 0.45477215189873416 0.04303797468354431 0.04936708860759487
0 0.765253164556962 0.45413924050632914 0.044303797468354666 0.048101265822784844
0 0.9919444444444445 0.5685555555555555 0.016111111111111076 0.022222222222222254
0 0.9891666666666666 0.5674444444444444 0.021666666666666723 0.03111111111111109
0 0.9694444444444444 0.5685555555555555 0.02444444444444449 0.0311111111111112
0 0.9388888888888889 0.5818888888888889 0.025555555555555665 0.020000000000000018
0 0.9188888888888889 0.5802222222222222 0.02777777777777779 0.025555555555555554
0 0.895 0.5885 0.020000000000000018 0.019000000000000017
0 0.8785000000000001 0.586 0.017000000000000015 0.018000000000000016
0 0.7525 0.587 0.02100000000000002 0.020000000000000018
0 0.735 0.5874999999999999 0.02200000000000002 0.019000000000000017
0 0.8105 0.585 0.018999999999999906 0.020000000000000018
0 0.7950000000000002 0.586 0.019999999999999907 0.02200000000000002
0 0.8394999999999999 0.588 0.02100000000000002 0.02200000000000002