0 0.8762658227848101 0.47098734177215185 0.04556962025316469 0.036708860759493644
0 0.8617088607594938 0.5298481012658227 0.04430379746835433 0.04810126582278473
0 0.8218354430379747 0.5273164556962024 0.03797468354430378 0.0430379746835442
0 0.6041139240506331 0.49946835443037974 0.040506329113924044 0.04303797468354431
0 0.5642405063291142 0.5013670886075949 0.03924050632911391 0.0468354430379746
0 0.38892405063291147 0.5102278481012659 0.04303797468354431 0.04936708860759487
0 0.34525316455696203 0.5108607594936709 0.044303797468354555 0.04810126582278473
0 0.7085443037974686 0.42858227848101266 0.026582278481012467 0.03797468354430378
0 0.683860759493671 0.42858227848101266 0.027848101265822822 0.032911392405063244
0 0.6503164556962027 0.3982025316455696 0.02405063291139231 0.030379746835443033
0 0.6316666666666666 0.40088888888888885 0.024444444444444602 0.026666666666666672
0 0.5744444444444444 0.39644444444444443 0.02111111111111108 0.022222222222222254
0 0.5722222222222222 0.39755555555555555 0.0277777777777779 0.03111111111111109
0 0.5494444444444444 0.3964444444444444 0.024444444444444602 0.031111111111111145
0 0.7444444444444444 0.3853333333333333 0.0277777777777779 0.02444444444444449
0 0.7844444444444445 0.38255555555555554 0.023333333333333317 0.02777777777777779
0 0.518888888888889 0.38311111111111107 0.025555555555555665 0.020000000000000018
0 0.4988888888888889 0.3847777777777778 0.02777777777777779 0.025555555555555554
0 0.475 0.3765 0.019999999999999962 0.019000000000000017
0 0.4585 0.379 0.017000000000000015 0.018000000000000016
0 0.3325 0.378 0.02100000000000002 0.020000000000000018
0 0.315 0.37750000000000006 0.02200000000000002 0.019000000000000072
0 0.3905 0.38 0.019000000000000017 0.020000000000000018
0 0.37500000000000006 0.379 0.019999999999999907 0.02200000000000002
0 0.6065 0.371 0.019000000000000017 0.018000000000000016
0 0.4195 0.377 0.02100000000000002 0.02200000000000002