0 0.03473417721518979 0.49898734177215187 0.04556962025316458 0.036708860759493644
0 0.049291139240506265 0.5578481012658227 0.04430379746835433 0.04810126582278473
0 0.08916455696202524 0.5553164556962025 0.03797468354430389 0.0430379746835442
0 0.30688607594936684 0.5274683544303798 0.04050632911392393 0.04303797468354431
0 0.3467594936708858 0.529367088607595 0.03924050632911402 0.0468354430379746
0 0.5220759493670886 0.5382278481012659 0.04303797468354442 0.04936708860759487
0 0.5657468354430379 0.538860759493671 0.044303797468354555 0.04810126582278473
0 0.2024556962025315 0.4565822784810126 0.026582278481012467 0.03797468354430383
0 0.227139240506329 0.4565822784810126 0.027848101265822822 0.0329113924050633
0 0.26068354430379737 0.4262025316455696 0.02405063291139231 0.030379746835442978
0 0.2793333333333334 0.4288888888888889 0.024444444444444602 0.026666666666666672
0 0.3365555555555555 0.4244444444444444 0.02111111111111108 0.0222222222222222
0 0.33877777777777784 0.4255555555555555 0.0277777777777779 0.03111111111111109
0 0.3615555555555556 0.4244444444444444 0.024444444444444602 0.031111111111111145
0 0.16655555555555562 0.41333333333333333 0.02777777777777779 0.024444444444444435
0 0.12655555555555553 0.41055555555555556 0.023333333333333206 0.027777777777777846
0 0.39211111111111113 0.4111111111111111 0.025555555555555665 0.020000000000000018
0 0.4121111111111111 0.4127777777777778 0.0277777777777779 0.025555555555555498
0 0.436 0.40449999999999997 0.019999999999999907 0.01899999999999996
0 0.45249999999999996 0.40700000000000003 0.017000000000000015 0.01799999999999996
0 0.5785 0.406 0.020999999999999908 0.019999999999999962
0 0.596 0.4055 0.02200000000000002 0.019000000000000017
0 0.5205 0.40800000000000003 0.019000000000000017 0.019999999999999962
0 0.5359999999999999 0.40700000000000003 0.019999999999999796 0.021999999999999964
0 0.3045 0.399 0.018999999999999906 0.01799999999999996
0 0.4915 0.405 0.02100000000000002 0.021999999999999964