0 0.06273417721518976 0.5030126582278481 0.04556962025316469 0.036708860759493644
0 0.07729113924050629 0.4441518987341772 0.04430379746835433 0.04810126582278473
0 0.11716455696202527 0.4466835443037975 0.03797468354430389 0.0430379746835442
0 0.3348860759493668 0.47453164556962024 0.040506329113924044 0.04303797468354431
0 0.37475949367088585 0.4726329113924051 0.03924050632911402 0.0468354430379746
0 0.5500759493670885 0.46377215189873416 0.04303797468354431 0.04936708860759487
0 0.593746835443038 0.4631392405063291 0.044303797468354666 0.04810126582278473
0 0.23045569620253148 0.5454177215189874 0.026582278481012578 0.03797468354430378
0 0.255139240506329 0.5454177215189874 0.027848101265822822 0.032911392405063244
0 0.2886835443037974 0.5757974683544304 0.02405063291139231 0.030379746835442978
0 0.3073333333333334 0.5731111111111111 0.024444444444444602 0.026666666666666727
0 0.3645555555555555 0.5775555555555556 0.02111111111111108 0.022222222222222143
0 0.3667777777777778 0.5764444444444445 0.02777777777777779 0.03111111111111109
0 0.38955555555555554 0.5775555555555556 0.02444444444444449 0.03111111111111109
0 0.19455555555555565 0.5886666666666667 0.02777777777777779 0.02444444444444438
0 0.15455555555555556 0.5914444444444444 0.023333333333333206 0.02777777777777779
0 0.42011111111111105 0.5908888888888889 0.025555555555555665 0.020000000000000018
0 0.44011111111111106 0.5892222222222223 0.02777777777777779 0.025555555555555443
0 0.46399999999999997 0.5975 0.020000000000000018 0.018999999999999906
0 0.4805 0.595 0.017000000000000015 0.017999999999999905
0 0.6065 0.5960000000000001 0.02100000000000002 0.019999999999999907
0 0.624 0.5965 0.02200000000000002 0.019000000000000017
0 0.5485 0.5940000000000001 0.019000000000000128 0.019999999999999907
0 0.564 0.595 0.019999999999999796 0.02199999999999991
0 0.33249999999999996 0.603 0.019000000000000017 0.018000000000000016
0 0.5195000000000001 0.597 0.02100000000000002 0.02199999999999991