0 0.7582658227848103 0.5080126582278481 0.04556962025316469 0.036708860759493644
0 0.7437088607594937 0.4491518987341772 0.04430379746835433 0.04810126582278473
0 0.7038354430379747 0.4516835443037975 0.03797468354430378 0.0430379746835442
0 0.48611392405063314 0.47953164556962025 0.040506329113924044 0.04303797468354431
0 0.44624050632911416 0.4776329113924051 0.03924050632911391 0.0468354430379746
0 0.2709240506329115 0.46877215189873417 0.04303797468354434 0.04936708860759487
0 0.227253164556962 0.4681392405063291 0.044303797468354555 0.04810126582278473
0 0.5905443037974685 0.5504177215189874 0.026582278481012467 0.03797468354430389
0 0.5658607594936711 0.5504177215189874 0.027848101265822822 0.032911392405063356
0 0.5323164556962027 0.5807974683544304 0.02405063291139231 0.03037974683544309
0 0.5136666666666667 0.5781111111111111 0.024444444444444602 0.026666666666666616
0 0.45644444444444443 0.5825555555555555 0.021111111111111136 0.022222222222222254
0 0.4542222222222222 0.5814444444444444 0.027777777777777846 0.03111111111111109
0 0.43144444444444446 0.5825555555555555 0.024444444444444602 0.0311111111111112
0 0.6264444444444444 0.5936666666666667 0.0277777777777779 0.02444444444444449
0 0.6664444444444444 0.5964444444444444 0.023333333333333317 0.0277777777777779
0 0.4008888888888889 0.5958888888888889 0.025555555555555665 0.020000000000000018
0 0.38088888888888894 0.5942222222222222 0.027777777777777846 0.025555555555555554
0 0.357 0.6025 0.020000000000000018 0.019000000000000017
0 0.3405 0.6 0.01699999999999996 0.018000000000000016
0 0.2145 0.601 0.02100000000000002 0.020000000000000018
0 0.197 0.6014999999999999 0.021999999999999992 0.019000000000000017
0 0.27249999999999996 0.599 0.01899999999999996 0.020000000000000018
0 0.25700000000000006 0.6 0.019999999999999907 0.02200000000000002
0 0.4885 0.608 0.019000000000000017 0.018000000000000016
0 0.3015 0.602 0.02100000000000002 0.02200000000000002