0 0.10188607594936683 0.4854683544303797 0.040506329113924044 0.04303797468354431
0 0.1417594936708858 0.48736708860759487 0.03924050632911391 0.0468354430379746
0 0.3170759493670885 0.4962278481012658 0.04303797468354431 0.04936708860759487
0 0.3607468354430379 0.49686075949367087 0.044303797468354555 0.04810126582278473
0 0.005373417721518892 0.41458227848101264 0.010746835443037783 0.03797468354430378
0 0.022139240506328928 0.41458227848101264 0.027848101265822822 0.032911392405063244
0 0.055683544303797405 0.3842025316455696 0.02405063291139231 0.030379746835443033
0 0.07433333333333336 0.38688888888888884 0.02444444444444449 0.026666666666666672
0 0.13155555555555554 0.3824444444444444 0.02111111111111108 0.022222222222222254
0 0.13377777777777783 0.38355555555555554 0.02777777777777779 0.03111111111111109
0 0.1565555555555555 0.3824444444444445 0.024444444444444602 0.031111111111111145
0 0.18711111111111106 0.36911111111111106 0.025555555555555665 0.019999999999999962
0 0.20711111111111108 0.37077777777777776 0.02777777777777779 0.025555555555555554
0 0.23099999999999998 0.3625 0.020000000000000018 0.019000000000000017
0 0.2475 0.365 0.017000000000000015 0.018000000000000016
0 0.3735 0.364 0.02100000000000002 0.020000000000000018
0 0.391 0.36350000000000005 0.02200000000000002 0.019000000000000072
0 0.3155 0.366 0.018999999999999906 0.020000000000000018
0 0.3309999999999999 0.365 0.019999999999999907 0.02200000000000002
0 0.09949999999999998 0.357 0.019000000000000017 0.018000000000000016
0 0.28650000000000003 0.363 0.02100000000000002 0.02200000000000002