0 0.9992405063291139 0.5560126582278481 0.0015189873417721378 0.036708860759493644
0 0.9922784810126584 0.4971518987341772 0.015443037974683382 0.04810126582278462
0 0.9668354430379748 0.4996835443037974 0.03797468354430378 0.0430379746835442
0 0.7491139240506332 0.5275316455696203 0.040506329113924044 0.04303797468354431
0 0.7092405063291142 0.5256329113924051 0.03924050632911391 0.04683544303797471
0 0.5339240506329115 0.5167721518987343 0.04303797468354431 0.04936708860759487
0 0.490253164556962 0.5161392405063292 0.04430379746835461 0.04810126582278473
0 0.8535443037974685 0.5984177215189873 0.026582278481012578 0.03797468354430378
0 0.828860759493671 0.5984177215189873 0.027848101265822822 0.032911392405063244
0 0.7953164556962027 0.6287974683544304 0.02405063291139231 0.03037974683544309
0 0.7766666666666666 0.6261111111111111 0.02444444444444449 0.026666666666666727
0 0.7194444444444444 0.6305555555555555 0.02111111111111108 0.022222222222222143
0 0.7172222222222222 0.6294444444444445 0.02777777777777779 0.03111111111111109
0 0.6944444444444444 0.6305555555555555 0.024444444444444602 0.03111111111111109
0 0.8894444444444443 0.6416666666666667 0.02777777777777779 0.02444444444444449
0 0.9294444444444445 0.6444444444444445 0.023333333333333317 0.0277777777777779
0 0.663888888888889 0.643888888888889 0.025555555555555665 0.020000000000000018
0 0.643888888888889 0.6422222222222222 0.02777777777777779 0.025555555555555554
0 0.62 0.6505 0.020000000000000018 0.018999999999999906
0 0.6034999999999999 0.648 0.017000000000000015 0.018000000000000016
0 0.47750000000000004 0.649 0.020999999999999963 0.020000000000000018
0 0.45999999999999996 0.6495 0.021999999999999964 0.019000000000000128
0 0.5355000000000001 0.647 0.019000000000000017 0.020000000000000018
0 0.52 0.648 0.019999999999999907 0.02200000000000002
0 0.7515000000000001 0.656 0.019000000000000017 0.018000000000000016
0 0.5645 0.65 0.020999999999999908 0.02200000000000002