0 0.7922658227848103 0.49698734177215187 0.04556962025316469 0.036708860759493644
0 0.7777088607594937 0.5558481012658227 0.04430379746835433 0.04810126582278473
0 0.7378354430379748 0.5533164556962025 0.03797468354430378 0.0430379746835442
0 0.5201139240506332 0.5254683544303798 0.040506329113924044 0.04303797468354431
0 0.4802405063291142 0.527367088607595 0.03924050632911397 0.0468354430379746
0 0.3049240506329115 0.5362278481012659 0.04303797468354437 0.04936708860759487
0 0.261253164556962 0.536860759493671 0.044303797468354555 0.04810126582278473
0 0.6245443037974685 0.4545822784810126 0.026582278481012578 0.03797468354430383
0 0.5998607594936711 0.4545822784810126 0.027848101265822822 0.0329113924050633
0 0.5663164556962026 0.4242025316455696 0.02405063291139231 0.030379746835442978
0 0.5476666666666666 0.4268888888888889 0.02444444444444449 0.026666666666666672
0 0.49044444444444446 0.4224444444444444 0.02111111111111108 0.0222222222222222
0 0.48822222222222217 0.4235555555555555 0.02777777777777779 0.03111111111111109
0 0.46544444444444444 0.4224444444444444 0.024444444444444546 0.031111111111111145
0 0.6604444444444444 0.41133333333333333 0.02777777777777779 0.024444444444444435
0 0.7004444444444444 0.40855555555555556 0.023333333333333317 0.027777777777777846
0 0.43488888888888894 0.4091111111111111 0.025555555555555665 0.020000000000000018
0 0.4148888888888889 0.4107777777777778 0.02777777777777779 0.025555555555555498
0 0.391 0.40249999999999997 0.020000000000000018 0.01899999999999996
0 0.3745 0.405 0.017000000000000015 0.01799999999999996
0 0.2485 0.404 0.02100000000000002 0.019999999999999962
0 0.23099999999999998 0.4035 0.021999999999999992 0.019000000000000017
0 0.3065 0.406 0.019000000000000017 0.019999999999999962
0 0.29100000000000004 0.405 0.01999999999999985 0.021999999999999964
0 0.5225 0.397 0.019000000000000017 0.018000000000000016
0 0.3355 0.403 0.020999999999999963 0.021999999999999964