0 0.6732658227848103 0.5080126582278481 0.04556962025316469 0.036708860759493644
0 0.6587088607594938 0.4491518987341772 0.04430379746835433 0.04810126582278473
0 0.6188354430379748 0.4516835443037975 0.03797468354430378 0.0430379746835442
0 0.4011139240506332 0.47953164556962025 0.040506329113924044 0.04303797468354431
0 0.3612405063291142 0.4776329113924051 0.03924050632911397 0.0468354430379746
0 0.18592405063291145 0.46877215189873417 0.04303797468354434 0.04936708860759487
0 0.14225316455696202 0.4681392405063291 0.044303797468354555 0.04810126582278473
0 0.5055443037974685 0.5504177215189874 0.026582278481012578 0.03797468354430389
0 0.480860759493671 0.5504177215189874 0.027848101265822822 0.032911392405063356
0 0.44731645569620265 0.5807974683544304 0.02405063291139231 0.03037974683544309
0 0.42866666666666664 0.5781111111111111 0.024444444444444602 0.026666666666666616
0 0.37144444444444447 0.5825555555555555 0.02111111111111108 0.022222222222222254
0 0.3692222222222222 0.5814444444444444 0.02777777777777779 0.03111111111111109
0 0.34644444444444444 0.5825555555555555 0.024444444444444546 0.0311111111111112
0 0.5414444444444444 0.5936666666666667 0.02777777777777779 0.02444444444444449
0 0.5814444444444444 0.5964444444444444 0.023333333333333206 0.0277777777777779
0 0.3158888888888889 0.5958888888888889 0.02555555555555561 0.020000000000000018
0 0.29588888888888887 0.5942222222222222 0.027777777777777846 0.025555555555555554
0 0.272 0.6025 0.019999999999999962 0.019000000000000017
0 0.2555 0.6 0.017000000000000015 0.018000000000000016
0 0.1295 0.601 0.02100000000000002 0.020000000000000018
0 0.112 0.6014999999999999 0.021999999999999992 0.019000000000000017
0 0.1875 0.599 0.019000000000000017 0.020000000000000018
0 0.17200000000000004 0.6 0.01999999999999988 0.02200000000000002
0 0.40349999999999997 0.608 0.01899999999999996 0.018000000000000016
0 0.2165 0.602 0.02100000000000002 0.02200000000000002