0 0.9849303797468356 0.4824683544303797 0.03013924050632888 0.04303797468354431
0 0.9502405063291142 0.48436708860759486 0.03924050632911391 0.0468354430379746
0 0.7749240506329115 0.4932278481012658 0.04303797468354431 0.04936708860759487
0 0.731253164556962 0.49386075949367086 0.044303797468354555 0.04810126582278473
0 0.9604444444444444 0.3794444444444444 0.02111111111111108 0.022222222222222254
0 0.9582222222222221 0.38055555555555554 0.02777777777777779 0.03111111111111109
0 0.9354444444444445 0.3794444444444445 0.024444444444444602 0.031111111111111145
0 0.9048888888888889 0.36611111111111105 0.025555555555555665 0.019999999999999962
0 0.8848888888888888 0.36777777777777776 0.02777777777777779 0.025555555555555554
0 0.861 0.3595 0.020000000000000018 0.019000000000000017
0 0.8445 0.362 0.017000000000000015 0.018000000000000016
0 0.7184999999999999 0.361 0.02100000000000002 0.020000000000000018
0 0.701 0.36050000000000004 0.02200000000000002 0.019000000000000072
0 0.7765 0.363 0.019000000000000017 0.020000000000000018
0 0.7610000000000001 0.362 0.019999999999999907 0.02200000000000002
0 0.9915 0.354 0.017000000000000015 0.018000000000000016
0 0.8055 0.36 0.020999999999999908 0.02200000000000002