0 0.8522658227848102 0.5590126582278482 0.04556962025316458 0.036708860759493644
0 0.8377088607594938 0.5001518987341773 0.04430379746835433 0.04810126582278473
0 0.7978354430379748 0.5026835443037975 0.03797468354430389 0.04303797468354431
0 0.5801139240506331 0.5305316455696203 0.040506329113924044 0.04303797468354442
0 0.5402405063291141 0.5286329113924051 0.03924050632911391 0.0468354430379746
0 0.36492405063291145 0.5197721518987342 0.04303797468354437 0.049367088607594756
0 0.321253164556962 0.5191392405063291 0.044303797468354555 0.04810126582278473
0 0.6845443037974686 0.6014177215189874 0.026582278481012467 0.03797468354430378
0 0.659860759493671 0.6014177215189873 0.027848101265822822 0.032911392405063356
0 0.6263164556962026 0.6317974683544304 0.02405063291139231 0.030379746835442978
0 0.6076666666666666 0.6291111111111112 0.024444444444444602 0.026666666666666727
0 0.5504444444444445 0.6335555555555556 0.02111111111111119 0.022222222222222254
0 0.5482222222222222 0.6324444444444445 0.0277777777777779 0.03111111111111109
0 0.5254444444444444 0.6335555555555556 0.024444444444444602 0.0311111111111112
0 0.7204444444444443 0.6446666666666667 0.0277777777777779 0.02444444444444438
0 0.7604444444444445 0.6474444444444445 0.023333333333333206 0.02777777777777779
0 0.49488888888888893 0.6468888888888888 0.02555555555555561 0.020000000000000018
0 0.4748888888888889 0.6452222222222221 0.02777777777777779 0.025555555555555443
0 0.451 0.6535 0.020000000000000018 0.019000000000000017
0 0.4345 0.651 0.017000000000000015 0.017999999999999905
0 0.3085 0.6519999999999999 0.02100000000000002 0.019999999999999907
0 0.29100000000000004 0.6525 0.021999999999999964 0.018999999999999906
0 0.3665 0.6499999999999999 0.019000000000000017 0.019999999999999907
0 0.3510000000000001 0.651 0.01999999999999985 0.02199999999999991
0 0.5825 0.659 0.019000000000000017 0.017999999999999905
0 0.3955 0.653 0.02100000000000002 0.02199999999999991