0 0.02125949367088603 0.5100126582278481 0.04251898734177206 0.036708860759493644
0 0.03429113924050625 0.4511518987341772 0.04430379746835433 0.04810126582278473
0 0.07416455696202523 0.4536835443037975 0.03797468354430389 0.0430379746835442
0 0.2918860759493669 0.48153164556962025 0.040506329113924044 0.04303797468354431
0 0.33175949367088586 0.4796329113924051 0.03924050632911391 0.0468354430379746
0 0.5070759493670886 0.47077215189873417 0.04303797468354431 0.04936708860759487
0 0.550746835443038 0.4701392405063291 0.044303797468354555 0.04810126582278473
0 0.1874556962025315 0.5524177215189874 0.026582278481012467 0.03797468354430389
0 0.21213924050632899 0.5524177215189874 0.027848101265822822 0.032911392405063356
0 0.24568354430379735 0.5827974683544304 0.02405063291139231 0.03037974683544309
0 0.26433333333333336 0.5801111111111111 0.024444444444444602 0.026666666666666616
0 0.3215555555555556 0.5845555555555555 0.02111111111111108 0.022222222222222254
0 0.32377777777777783 0.5834444444444444 0.0277777777777779 0.03111111111111109
0 0.34655555555555556 0.5845555555555555 0.024444444444444602 0.0311111111111112
0 0.15155555555555567 0.5956666666666667 0.0277777777777779 0.02444444444444449
0 0.11155555555555552 0.5984444444444444 0.023333333333333206 0.0277777777777779
0 0.3771111111111111 0.5978888888888889 0.025555555555555665 0.020000000000000018
0 0.3971111111111111 0.5962222222222222 0.0277777777777779 0.025555555555555554
0 0.42100000000000004 0.6045 0.020000000000000018 0.019000000000000017
0 0.4375 0.602 0.016999999999999904 0.018000000000000016
0 0.5635 0.603 0.02100000000000013 0.020000000000000018
0 0.5810000000000001 0.6034999999999999 0.02200000000000002 0.019000000000000128
0 0.5055000000000001 0.601 0.019000000000000017 0.020000000000000018
0 0.5209999999999999 0.602 0.019999999999999907 0.02200000000000002
0 0.28950000000000004 0.61 0.019000000000000017 0.018000000000000016
0 0.4765 0.604 0.02100000000000002 0.02200000000000002