0 0.004689873417721424 0.5076329113924052 0.009379746835442848 0.0468354430379746
0 0.16507594936708853 0.4987721518987342 0.04303797468354442 0.04936708860759487
0 0.20874683544303801 0.49813924050632913 0.044303797468354555 0.04810126582278473
0 0.00838888888888889 0.6125555555555555 0.01677777777777778 0.03111111111111109
0 0.03511111111111104 0.6258888888888889 0.025555555555555665 0.020000000000000018
0 0.055111111111111055 0.6242222222222222 0.02777777777777779 0.025555555555555554
0 0.07899999999999996 0.6325000000000001 0.020000000000000018 0.019000000000000017
0 0.09549999999999997 0.63 0.017000000000000015 0.018000000000000016
0 0.22149999999999997 0.631 0.02100000000000002 0.020000000000000018
0 0.239 0.6315 0.02200000000000002 0.019000000000000128
0 0.16350000000000003 0.629 0.019000000000000017 0.020000000000000018
0 0.17899999999999994 0.63 0.019999999999999796 0.02200000000000002
0 0.1345 0.632 0.02100000000000002 0.02200000000000002