0 0.1677341772151898 0.5620126582278481 0.04556962025316458 0.036708860759493644
0 0.18229113924050627 0.5031518987341772 0.04430379746835433 0.04810126582278462
0 0.22216455696202525 0.5056835443037975 0.03797468354430389 0.0430379746835442
0 0.4398860759493668 0.5335316455696203 0.040506329113924044 0.04303797468354431
0 0.47975949367088583 0.5316329113924051 0.03924050632911402 0.04683544303797471
0 0.6550759493670886 0.5227721518987343 0.04303797468354442 0.04936708860759487
0 0.698746835443038 0.5221392405063292 0.044303797468354555 0.04810126582278473
0 0.3354556962025315 0.6044177215189873 0.026582278481012467 0.03797468354430378
0 0.360139240506329 0.6044177215189873 0.027848101265822822 0.032911392405063244
0 0.3936835443037974 0.6347974683544304 0.02405063291139231 0.030379746835442978
0 0.4123333333333334 0.6321111111111111 0.024444444444444602 0.026666666666666727
0 0.4695555555555555 0.6365555555555555 0.02111111111111108 0.022222222222222143
0 0.4717777777777778 0.6354444444444445 0.02777777777777779 0.03111111111111109
0 0.4945555555555555 0.6365555555555555 0.02444444444444449 0.03111111111111109
0 0.29955555555555563 0.6476666666666667 0.02777777777777779 0.02444444444444449
0 0.25955555555555554 0.6504444444444445 0.023333333333333206 0.0277777777777779
0 0.5251111111111111 0.649888888888889 0.025555555555555554 0.020000000000000018
0 0.5451111111111111 0.6482222222222223 0.02777777777777779 0.025555555555555554
0 0.569 0.6565 0.020000000000000018 0.018999999999999906
0 0.5854999999999999 0.654 0.017000000000000015 0.018000000000000016
0 0.7115 0.655 0.020999999999999908 0.020000000000000018
0 0.729 0.6555 0.02200000000000002 0.019000000000000128
0 0.6535 0.653 0.019000000000000017 0.020000000000000018
0 0.6689999999999999 0.654 0.019999999999999796 0.02200000000000002
0 0.4375 0.662 0.018999999999999906 0.018000000000000016
0 0.6245 0.656 0.02100000000000002 0.02200000000000002