0 0.8632658227848102 0.5040126582278481 0.04556962025316469 0.036708860759493644
0 0.8487088607594937 0.4451518987341772 0.04430379746835433 0.04810126582278473
0 0.8088354430379747 0.4476835443037975 0.03797468354430389 0.0430379746835442
0 0.5911139240506331 0.47553164556962024 0.040506329113924044 0.04303797468354431
0 0.5512405063291141 0.4736329113924051 0.03924050632911391 0.0468354430379746
0 0.37592405063291146 0.46477215189873416 0.04303797468354437 0.04936708860759487
0 0.332253164556962 0.4641392405063291 0.044303797468354555 0.04810126582278473
0 0.6955443037974685 0.5464177215189874 0.026582278481012467 0.03797468354430389
0 0.6708607594936711 0.5464177215189874 0.027848101265822822 0.032911392405063356
0 0.6373164556962027 0.5767974683544304 0.02405063291139231 0.03037974683544309
0 0.6186666666666667 0.5741111111111111 0.024444444444444602 0.026666666666666616
0 0.5614444444444444 0.5785555555555555 0.02111111111111108 0.022222222222222254
0 0.5592222222222222 0.5774444444444444 0.0277777777777779 0.03111111111111109
0 0.5364444444444445 0.5785555555555555 0.024444444444444602 0.0311111111111112
0 0.7314444444444443 0.5896666666666667 0.0277777777777779 0.02444444444444449
0 0.7714444444444444 0.5924444444444444 0.023333333333333317 0.0277777777777779
0 0.5058888888888889 0.5918888888888889 0.02555555555555561 0.020000000000000018
0 0.4858888888888889 0.5902222222222222 0.027777777777777846 0.025555555555555554
0 0.46199999999999997 0.5985 0.019999999999999962 0.019000000000000017
0 0.4455 0.596 0.017000000000000015 0.018000000000000016
0 0.3195 0.597 0.02100000000000002 0.020000000000000018
0 0.302 0.5974999999999999 0.02200000000000002 0.019000000000000017
0 0.3775 0.595 0.019000000000000017 0.020000000000000018
0 0.36200000000000004 0.596 0.019999999999999907 0.02200000000000002
0 0.5934999999999999 0.604 0.019000000000000017 0.018000000000000016
0 0.4065 0.598 0.020999999999999963 0.02200000000000002