0 0.9982784810126584 0.5678481012658227 0.0034430379746833717 0.04810126582278473
0 0.9788354430379748 0.5653164556962025 0.03797468354430378 0.0430379746835442
0 0.7611139240506332 0.5374683544303798 0.040506329113924044 0.04303797468354431
0 0.7212405063291142 0.539367088607595 0.03924050632911391 0.0468354430379746
0 0.5459240506329115 0.5482278481012659 0.04303797468354431 0.04936708860759487
0 0.502253164556962 0.5488607594936709 0.04430379746835461 0.048101265822784844
0 0.8655443037974685 0.46658227848101264 0.026582278481012578 0.03797468354430378
0 0.840860759493671 0.46658227848101264 0.027848101265822822 0.0329113924050633
0 0.8073164556962026 0.43620253164556955 0.02405063291139231 0.030379746835443033
0 0.7886666666666666 0.4388888888888889 0.02444444444444449 0.026666666666666727
0 0.7314444444444445 0.4344444444444444 0.02111111111111108 0.0222222222222222
0 0.7292222222222222 0.43555555555555553 0.02777777777777779 0.03111111111111109
0 0.7064444444444444 0.4344444444444444 0.024444444444444602 0.031111111111111145
0 0.9014444444444443 0.42333333333333334 0.02777777777777779 0.024444444444444435
0 0.9414444444444445 0.42055555555555557 0.023333333333333317 0.027777777777777846
0 0.675888888888889 0.4211111111111111 0.025555555555555665 0.020000000000000018
0 0.655888888888889 0.42277777777777775 0.02777777777777779 0.025555555555555554
0 0.632 0.4145 0.020000000000000018 0.01899999999999996
0 0.6154999999999999 0.417 0.017000000000000015 0.018000000000000016
0 0.4895 0.41600000000000004 0.02100000000000002 0.019999999999999962
0 0.472 0.41550000000000004 0.021999999999999964 0.019000000000000017
0 0.5475000000000001 0.418 0.019000000000000017 0.020000000000000018
0 0.532 0.41700000000000004 0.019999999999999907 0.021999999999999964
0 0.7635000000000001 0.40900000000000003 0.019000000000000017 0.01799999999999996
0 0.5765 0.41500000000000004 0.02100000000000002 0.021999999999999964