0 0.5140506329113923 0.4585696202531646 0.045569620253164356 0.044303797468354444
0 0.5551898734177214 0.46110126582278477 0.04430379746835422 0.046835443037974656
0 0.7672151898734176 0.482620253164557 0.04303797468354442 0.05189873417721513
0 0.8064556962025315 0.4870506329113924 0.04303797468354409 0.04810126582278468
0 0.9653164556962025 0.4554050632911392 0.03924050632911391 0.04810126582278473
0 0.9918354430379747 0.4560379746835443 0.016329113924050676 0.0392405063291138
0 0.8710126582278481 0.40856962025316457 0.0354430379746834 0.0329113924050633
0 0.900759493670886 0.4117341772151899 0.03924050632911391 0.0291139240506329
0 0.7381012658227846 0.40097468354430377 0.03544303797468362 0.04303797468354431
0 0.702025316455696 0.36743037974683546 0.029113924050632956 0.0291139240506329
0 0.6456962025316454 0.363 0.025316455696202445 0.025316455696202556
0 0.6653164556962025 0.36616455696202527 0.026582278481012578 0.021518987341772045
0 0.9317721518987341 0.35983544303797466 0.02278481012658229 0.021518987341772156
0 0.8089873417721518 0.34844303797468357 0.025316455696202556 0.018987341772151944