0 0.3030506329113923 0.47743037974683544 0.04556962025316447 0.044303797468354444
0 0.3441898734177214 0.47489873417721523 0.04430379746835433 0.0468354430379746
0 0.5562151898734177 0.4533797468354431 0.04303797468354431 0.05189873417721513
0 0.5954556962025315 0.4489493670886076 0.0430379746835442 0.04810126582278473
0 0.7543164556962025 0.4805949367088608 0.03924050632911391 0.048101265822784844
0 0.7948227848101265 0.4799620253164557 0.044303797468354444 0.03924050632911391
0 0.660012658227848 0.5274303797468355 0.0354430379746834 0.032911392405063244
0 0.6897594936708861 0.5242658227848102 0.03924050632911391 0.029113924050632844
0 0.5271012658227847 0.5350253164556963 0.03544303797468362 0.04303797468354431
0 0.491025316455696 0.5685696202531646 0.029113924050632844 0.029113924050632844
0 0.4346962025316454 0.573 0.025316455696202445 0.025316455696202556
0 0.45431645569620244 0.5698354430379747 0.026582278481012467 0.021518987341772045
0 0.7207721518987341 0.5761645569620253 0.022784810126582178 0.021518987341772156
0 0.5979873417721518 0.5875569620253165 0.025316455696202445 0.018987341772152