0 0.8137848101265823 0.49437974683544306 0.04303797468354442 0.051898734177215244
0 0.7745443037974684 0.48994936708860765 0.04303797468354409 0.04810126582278473
0 0.6156835443037975 0.5215949367088608 0.03924050632911391 0.04810126582278473
0 0.5751772151898735 0.5209620253164557 0.044303797468354444 0.0392405063291138
0 0.7099873417721518 0.5684303797468355 0.0354430379746834 0.032911392405063356
0 0.6802405063291139 0.5652658227848101 0.03924050632911391 0.029113924050632844
0 0.8428987341772154 0.5760253164556962 0.03544303797468362 0.04303797468354431
0 0.878974683544304 0.6095696202531645 0.029113924050632956 0.029113924050632844
0 0.9353037974683546 0.614 0.025316455696202445 0.025316455696202445
0 0.9156835443037976 0.6108354430379747 0.026582278481012467 0.021518987341772045
0 0.6492278481012659 0.6171645569620253 0.022784810126582178 0.021518987341772045
0 0.7720126582278481 0.6285569620253164 0.025316455696202445 0.01898734177215189