0 0.4620506329113923 0.5344303797468354 0.04556962025316447 0.044303797468354444
0 0.5031898734177214 0.5318987341772152 0.04430379746835433 0.0468354430379746
0 0.7152151898734176 0.510379746835443 0.04303797468354442 0.05189873417721513
0 0.7544556962025315 0.5059493670886077 0.0430379746835442 0.04810126582278473
0 0.9133164556962026 0.5375949367088608 0.03924050632911402 0.04810126582278473
0 0.9538227848101265 0.5369620253164558 0.044303797468354444 0.0392405063291138
0 0.8190126582278481 0.5844303797468354 0.03544303797468329 0.032911392405063244
0 0.8487594936708861 0.5812658227848101 0.03924050632911391 0.029113924050632844
0 0.6861012658227846 0.5920253164556962 0.03544303797468351 0.04303797468354431
0 0.6500253164556961 0.6255696202531645 0.029113924050632844 0.029113924050632844
0 0.5936962025316455 0.63 0.025316455696202333 0.025316455696202445
0 0.6133164556962024 0.6268354430379747 0.026582278481012578 0.021518987341772045
0 0.8797721518987341 0.6331645569620253 0.022784810126582178 0.021518987341772045
0 0.7569873417721519 0.6445569620253164 0.025316455696202445 0.018987341772152