0 0.5660506329113923 0.48456962025316463 0.045569620253164356 0.0443037974683545
0 0.6071898734177215 0.4871012658227848 0.04430379746835433 0.046835443037974656
0 0.8192151898734176 0.508620253164557 0.04303797468354431 0.05189873417721519
0 0.8584556962025316 0.5130506329113924 0.04303797468354409 0.04810126582278473
0 0.9988481012658228 0.48140506329113925 0.002303797468354407 0.04810126582278473
0 0.9230126582278482 0.43456962025316453 0.0354430379746834 0.032911392405063356
0 0.9527594936708861 0.43773417721518987 0.03924050632911391 0.029113924050632844
0 0.7901012658227846 0.4269746835443038 0.03544303797468373 0.043037974683544256
0 0.754025316455696 0.3934303797468354 0.029113924050633067 0.029113924050632844
0 0.6976962025316454 0.389 0.025316455696202445 0.0253164556962025
0 0.7173164556962024 0.3921645569620253 0.026582278481012467 0.021518987341772045
0 0.9837721518987341 0.3858354430379747 0.022784810126582178 0.021518987341772156
0 0.8609873417721519 0.37444303797468353 0.025316455696202556 0.01898734177215189