0 0.7319493670886077 0.47343037974683544 0.045569620253164356 0.044303797468354444
0 0.6908101265822786 0.47089873417721523 0.04430379746835433 0.0468354430379746
0 0.47878481012658236 0.4493797468354431 0.04303797468354431 0.05189873417721513
0 0.43954430379746845 0.4449493670886076 0.04303797468354409 0.04810126582278473
0 0.2806835443037975 0.4765949367088608 0.03924050632911397 0.048101265822784844
0 0.2401772151898735 0.4759620253164557 0.044303797468354444 0.03924050632911391
0 0.3749873417721519 0.5234303797468355 0.0354430379746834 0.032911392405063244
0 0.34524050632911396 0.5202658227848102 0.03924050632911397 0.029113924050632844
0 0.5078987341772154 0.5310253164556963 0.03544303797468362 0.04303797468354431
0 0.543974683544304 0.5645696202531646 0.029113924050632956 0.029113924050632844
0 0.6003037974683545 0.569 0.025316455696202333 0.025316455696202556
0 0.5806835443037976 0.5658354430379747 0.026582278481012467 0.021518987341772045
0 0.31422784810126586 0.5721645569620253 0.022784810126582178 0.021518987341772156
0 0.4370126582278481 0.5835569620253165 0.025316455696202556 0.018987341772152