0 0.4189493670886077 0.5085696202531647 0.04556962025316447 0.0443037974683545
0 0.3778101265822786 0.5111012658227848 0.04430379746835433 0.04683544303797471
0 0.1657848101265824 0.532620253164557 0.04303797468354437 0.051898734177215244
0 0.12654430379746845 0.5370506329113924 0.04303797468354412 0.04810126582278473
0 0.06198734177215192 0.45856962025316456 0.035443037974683414 0.032911392405063356
0 0.03224050632911394 0.46173417721518983 0.03924050632911394 0.0291139240506329
0 0.19489873417721537 0.45097468354430376 0.03544303797468365 0.04303797468354431
0 0.23097468354430395 0.4174303797468354 0.029113924050632928 0.0291139240506329
0 0.28730379746835455 0.41300000000000003 0.025316455696202445 0.0253164556962025
0 0.2676835443037976 0.41616455696202526 0.026582278481012467 0.021518987341772045
0 0.006310126582278485 0.4098354430379747 0.01262025316455697 0.02151898734177221
0 0.12401265822784814 0.3984430379746835 0.025316455696202528 0.018987341772151944