0 0.4750506329113923 0.5174303797468354 0.04556962025316447 0.044303797468354555
0 0.5161898734177215 0.5148987341772152 0.04430379746835433 0.04683544303797471
0 0.7282151898734176 0.493379746835443 0.04303797468354431 0.05189873417721513
0 0.7674556962025316 0.48894936708860764 0.0430379746835442 0.04810126582278473
0 0.9263164556962025 0.5205949367088607 0.03924050632911402 0.04810126582278473
0 0.9668227848101265 0.5199620253164557 0.044303797468354444 0.03924050632911391
0 0.8320126582278481 0.5674303797468354 0.03544303797468351 0.032911392405063356
0 0.8617594936708861 0.5642658227848102 0.03924050632911402 0.029113924050632844
0 0.6991012658227846 0.5750253164556962 0.03544303797468373 0.0430379746835442
0 0.6630253164556961 0.6085696202531646 0.029113924050632956 0.029113924050632844
0 0.6066962025316455 0.613 0.025316455696202445 0.025316455696202667
0 0.6263164556962024 0.6098354430379748 0.026582278481012467 0.021518987341772045
0 0.8927721518987342 0.6161645569620253 0.022784810126582178 0.021518987341772267
0 0.7699873417721519 0.6275569620253165 0.025316455696202556 0.01898734177215189