0 0.4789493670886077 0.5355696202531646 0.04556962025316441 0.044303797468354444
0 0.4378101265822786 0.5381012658227848 0.04430379746835433 0.0468354430379746
0 0.22578481012658239 0.5596202531645569 0.04303797468354437 0.05189873417721513
0 0.18654430379746845 0.5640506329113923 0.04303797468354412 0.04810126582278473
0 0.027683544303797478 0.5324050632911392 0.03924050632911394 0.04810126582278473
0 0.004664556962025358 0.5330379746835443 0.009329113924050716 0.03924050632911391
0 0.12198734177215192 0.4855696202531646 0.035443037974683414 0.032911392405063356
0 0.09224050632911394 0.48873417721518986 0.03924050632911394 0.029113924050632844
0 0.25489873417721537 0.4779746835443037 0.03544303797468362 0.043037974683544256
0 0.29097468354430395 0.4444303797468354 0.029113924050632956 0.0291139240506329
0 0.3473037974683546 0.44 0.02531645569620239 0.025316455696202556
0 0.3276835443037976 0.4431645569620253 0.026582278481012467 0.021518987341772045
0 0.061227848101265865 0.43683544303797467 0.02278481012658222 0.021518987341772156
0 0.18401265822784812 0.4254430379746835 0.025316455696202528 0.01898734177215189