0 0.2840506329113923 0.49043037974683534 0.045569620253164356 0.044303797468354444
0 0.3251898734177214 0.4878987341772152 0.04430379746835433 0.04683544303797471
0 0.5372151898734177 0.46637974683544303 0.04303797468354442 0.051898734177215244
0 0.5764556962025316 0.4619493670886076 0.04303797468354409 0.04810126582278473
0 0.7353164556962025 0.49359493670886073 0.03924050632911391 0.04810126582278473
0 0.7758227848101266 0.49296202531645567 0.044303797468354444 0.0392405063291138
0 0.6410126582278481 0.5404303797468355 0.0354430379746834 0.032911392405063356
0 0.670759493670886 0.5372658227848102 0.03924050632911391 0.029113924050632956
0 0.5081012658227846 0.5480253164556962 0.03544303797468362 0.04303797468354431
0 0.47202531645569606 0.5815696202531646 0.029113924050632956 0.029113924050632956
0 0.4156962025316454 0.586 0.025316455696202445 0.025316455696202445
0 0.4353164556962024 0.5828354430379747 0.026582278481012467 0.021518987341772045
0 0.7017721518987341 0.5891645569620254 0.02278481012658229 0.021518987341772156
0 0.5789873417721518 0.6005569620253164 0.025316455696202556 0.01898734177215189