0 0.09321518987341759 0.494620253164557 0.04303797468354431 0.05189873417721513
0 0.13245569620253156 0.49905063291139234 0.0430379746835442 0.04810126582278473
0 0.2913164556962025 0.46740506329113923 0.03924050632911402 0.04810126582278473
0 0.3318227848101265 0.4680379746835443 0.044303797468354444 0.0392405063291138
0 0.19701265822784808 0.4205696202531646 0.03544303797468351 0.0329113924050633
0 0.22675949367088605 0.4237341772151899 0.03924050632911402 0.0291139240506329
0 0.06410126582278464 0.4129746835443038 0.03544303797468373 0.043037974683544256
0 0.028025316455696003 0.37943037974683547 0.029113924050632956 0.0291139240506329
0 0.0023037974683543516 0.3781645569620253 0.004607594936708703 0.021518987341772045
0 0.25777215189873415 0.37183544303797467 0.022784810126582178 0.021518987341772156
0 0.13498734177215183 0.3604430379746836 0.025316455696202556 0.018987341772151944