0 0.3880506329113923 0.47756962025316463 0.045569620253164356 0.0443037974683545
0 0.42918987341772136 0.4801012658227848 0.04430379746835433 0.046835443037974656
0 0.6412151898734176 0.5016202531645569 0.04303797468354431 0.05189873417721519
0 0.6804556962025315 0.5060506329113923 0.04303797468354409 0.04810126582278473
0 0.8393164556962025 0.47440506329113924 0.03924050632911391 0.04810126582278473
0 0.8798227848101265 0.47503797468354425 0.044303797468354444 0.039240506329113856
0 0.745012658227848 0.42756962025316453 0.0354430379746834 0.032911392405063356
0 0.774759493670886 0.43073417721518986 0.03924050632911391 0.029113924050632844
0 0.6121012658227847 0.4199746835443038 0.03544303797468362 0.043037974683544256
0 0.5760253164556961 0.3864303797468354 0.029113924050632956 0.029113924050632844
0 0.5196962025316455 0.382 0.025316455696202445 0.025316455696202556
0 0.5393164556962025 0.3851645569620253 0.026582278481012467 0.021518987341772045
0 0.8057721518987342 0.3788354430379747 0.02278481012658229 0.021518987341772156
0 0.6829873417721519 0.36744303797468353 0.025316455696202556 0.01898734177215189