0 0.14221518987341764 0.46637974683544303 0.04303797468354431 0.051898734177215244
0 0.18145569620253155 0.4619493670886076 0.04303797468354409 0.04810126582278473
0 0.3403164556962025 0.49359493670886073 0.03924050632911391 0.04810126582278473
0 0.38082278481012655 0.49296202531645567 0.044303797468354444 0.0392405063291138
0 0.24601265822784807 0.5404303797468355 0.0354430379746834 0.032911392405063356
0 0.27575949367088604 0.5372658227848102 0.03924050632911391 0.029113924050632956
0 0.11310126582278462 0.5480253164556962 0.03544303797468362 0.04303797468354431
0 0.07702531645569605 0.5815696202531646 0.029113924050632956 0.029113924050632956
0 0.020696202531645447 0.586 0.025316455696202333 0.025316455696202445
0 0.0403164556962024 0.5828354430379747 0.026582278481012467 0.021518987341772045
0 0.30677215189873414 0.5891645569620254 0.02278481012658229 0.021518987341772156
0 0.18398734177215187 0.6005569620253164 0.025316455696202556 0.01898734177215189