0 0.5629493670886077 0.5065696202531647 0.04556962025316447 0.0443037974683545
0 0.5218101265822785 0.5091012658227848 0.04430379746835433 0.04683544303797471
0 0.3097848101265824 0.530620253164557 0.04303797468354431 0.051898734177215244
0 0.27054430379746847 0.5350506329113924 0.04303797468354412 0.04810126582278473
0 0.11168354430379747 0.5034050632911393 0.03924050632911394 0.04810126582278473
0 0.0711772151898735 0.5040379746835443 0.044303797468354444 0.039240506329113856
0 0.20598734177215194 0.45656962025316455 0.03544303797468343 0.032911392405063356
0 0.17624050632911392 0.45973417721518983 0.03924050632911394 0.0291139240506329
0 0.3388987341772154 0.44897468354430375 0.03544303797468362 0.04303797468354431
0 0.37497468354430397 0.4154303797468354 0.029113924050632956 0.0291139240506329
0 0.43130379746835457 0.41100000000000003 0.025316455696202445 0.0253164556962025
0 0.4116835443037976 0.41416455696202525 0.026582278481012522 0.021518987341772045
0 0.14522784810126588 0.4078354430379747 0.022784810126582206 0.02151898734177221
0 0.26801265822784814 0.3964430379746835 0.025316455696202556 0.018987341772151944