0 0.5620506329113923 0.49056962025316464 0.045569620253164356 0.0443037974683545
0 0.6031898734177215 0.4931012658227848 0.04430379746835433 0.046835443037974656
0 0.8152151898734176 0.514620253164557 0.04303797468354431 0.05189873417721519
0 0.8544556962025316 0.5190506329113924 0.04303797468354409 0.04810126582278473
0 0.9968481012658228 0.48740506329113925 0.006303797468354411 0.04810126582278473
0 0.9190126582278482 0.44056962025316454 0.0354430379746834 0.032911392405063356
0 0.9487594936708861 0.4437341772151899 0.03924050632911391 0.029113924050632844
0 0.7861012658227846 0.4329746835443038 0.03544303797468373 0.043037974683544256
0 0.750025316455696 0.39943037974683543 0.029113924050633067 0.029113924050632844
0 0.6936962025316454 0.395 0.025316455696202445 0.0253164556962025
0 0.7133164556962024 0.39816455696202524 0.026582278481012467 0.0215189873417721
0 0.9797721518987341 0.3918354430379747 0.022784810126582178 0.021518987341772156
0 0.8569873417721519 0.38044303797468354 0.025316455696202556 0.01898734177215189