0 0.9089493670886077 0.48356962025316463 0.04556962025316447 0.0443037974683545
0 0.8678101265822786 0.4861012658227848 0.04430379746835433 0.046835443037974656
0 0.6557848101265824 0.507620253164557 0.04303797468354431 0.05189873417721519
0 0.6165443037974685 0.5120506329113923 0.0430379746835442 0.04810126582278473
0 0.4576835443037975 0.48040506329113924 0.03924050632911391 0.04810126582278473
0 0.4171772151898735 0.48103797468354426 0.044303797468354444 0.039240506329113856
0 0.5519873417721519 0.43356962025316453 0.03544303797468351 0.032911392405063356
0 0.522240506329114 0.43673417721518987 0.03924050632911402 0.029113924050632844
0 0.6848987341772154 0.4259746835443038 0.03544303797468373 0.043037974683544256
0 0.720974683544304 0.3924303797468354 0.029113924050632956 0.029113924050632844
0 0.7773037974683545 0.388 0.025316455696202445 0.025316455696202556
0 0.7576835443037976 0.3911645569620253 0.026582278481012578 0.021518987341772045
0 0.49122784810126585 0.3848354430379747 0.022784810126582178 0.021518987341772156
0 0.6140126582278482 0.37344303797468353 0.025316455696202556 0.01898734177215189