0 0.4829493670886077 0.5264303797468354 0.04556962025316441 0.044303797468354444
0 0.4418101265822786 0.5238987341772152 0.04430379746835433 0.0468354430379746
0 0.2297848101265824 0.502379746835443 0.04303797468354437 0.05189873417721513
0 0.19054430379746845 0.49794936708860765 0.04303797468354412 0.04810126582278473
0 0.031683544303797474 0.5295949367088608 0.03924050632911394 0.04810126582278473
0 0.006664556962025358 0.5289620253164558 0.013329113924050716 0.0392405063291138
0 0.12598734177215193 0.5764303797468355 0.035443037974683414 0.032911392405063356
0 0.09624050632911393 0.5732658227848101 0.03924050632911395 0.029113924050632844
0 0.2588987341772154 0.5840253164556962 0.03544303797468362 0.04303797468354431
0 0.29497468354430395 0.6175696202531645 0.029113924050632956 0.029113924050632844
0 0.35130379746835455 0.622 0.025316455696202445 0.025316455696202445
0 0.3316835443037976 0.6188354430379747 0.026582278481012467 0.021518987341772045
0 0.06522784810126586 0.6251645569620253 0.022784810126582206 0.021518987341772045
0 0.18801265822784813 0.6365569620253164 0.025316455696202528 0.01898734177215189