0 0.4630506329113923 0.5295696202531646 0.04556962025316447 0.044303797468354444
0 0.5041898734177215 0.5321012658227848 0.04430379746835433 0.0468354430379746
0 0.7162151898734176 0.5536202531645569 0.04303797468354431 0.05189873417721513
0 0.7554556962025316 0.5580506329113923 0.04303797468354409 0.04810126582278473
0 0.9143164556962026 0.5264050632911392 0.03924050632911391 0.04810126582278473
0 0.9548227848101265 0.5270379746835443 0.044303797468354444 0.03924050632911391
0 0.8200126582278481 0.4795696202531645 0.03544303797468351 0.0329113924050633
0 0.8497594936708861 0.48273417721518985 0.03924050632911402 0.0291139240506329
0 0.6871012658227846 0.4719746835443038 0.03544303797468373 0.04303797468354431
0 0.6510253164556961 0.4384303797468354 0.029113924050633067 0.0291139240506329
0 0.5946962025316455 0.434 0.025316455696202445 0.025316455696202556
0 0.6143164556962024 0.4371645569620253 0.026582278481012356 0.021518987341772045
0 0.8807721518987341 0.43083544303797466 0.022784810126582178 0.021518987341772156
0 0.7579873417721519 0.4194430379746835 0.025316455696202556 0.018987341772151944