0 0.8579493670886077 0.5325696202531646 0.045569620253164356 0.044303797468354444
0 0.8168101265822787 0.5351012658227847 0.04430379746835433 0.0468354430379746
0 0.6047848101265824 0.556620253164557 0.04303797468354431 0.05189873417721513
0 0.5655443037974685 0.5610506329113925 0.04303797468354409 0.04810126582278473
0 0.4066835443037975 0.5294050632911393 0.03924050632911397 0.04810126582278473
0 0.3661772151898735 0.5300379746835443 0.044303797468354444 0.03924050632911391
0 0.500987341772152 0.4825696202531645 0.0354430379746834 0.0329113924050633
0 0.47124050632911396 0.48573417721518986 0.03924050632911397 0.029113924050632844
0 0.6338987341772153 0.4749746835443037 0.03544303797468362 0.043037974683544256
0 0.6699746835443039 0.4414303797468354 0.029113924050632956 0.0291139240506329
0 0.7263037974683546 0.437 0.025316455696202333 0.025316455696202556
0 0.7066835443037975 0.4401645569620253 0.026582278481012467 0.021518987341772045
0 0.44022784810126586 0.43383544303797467 0.022784810126582178 0.021518987341772156
0 0.5630126582278481 0.4224430379746835 0.025316455696202556 0.018987341772151944