0 0.09805063291139232 0.49156962025316464 0.04556962025316447 0.0443037974683545
0 0.13918987341772143 0.4941012658227848 0.04430379746835433 0.046835443037974656
0 0.3512151898734176 0.515620253164557 0.04303797468354431 0.05189873417721519
0 0.39045569620253157 0.5200506329113923 0.0430379746835442 0.04810126582278473
0 0.5493164556962026 0.48840506329113925 0.03924050632911391 0.04810126582278473
0 0.5898227848101265 0.48903797468354426 0.044303797468354444 0.039240506329113856
0 0.4550126582278481 0.44156962025316454 0.03544303797468351 0.032911392405063356
0 0.484759493670886 0.4447341772151899 0.03924050632911391 0.029113924050632844
0 0.3221012658227846 0.43397468354430374 0.03544303797468362 0.04303797468354431
0 0.286025316455696 0.40043037974683543 0.029113924050632956 0.029113924050632844
0 0.22969620253164547 0.396 0.025316455696202445 0.0253164556962025
0 0.24931645569620242 0.39916455696202524 0.026582278481012578 0.0215189873417721
0 0.5157721518987342 0.3928354430379747 0.02278481012658229 0.021518987341772156
0 0.39298734177215183 0.38144303797468354 0.025316455696202556 0.01898734177215189