0 0.008670886075949291 0.4941012658227848 0.017341772151898582 0.046835443037974656
0 0.20721518987341758 0.515620253164557 0.04303797468354431 0.05189873417721519
0 0.24645569620253155 0.5200506329113923 0.0430379746835442 0.04810126582278473
0 0.40531645569620256 0.48840506329113925 0.03924050632911391 0.04810126582278473
0 0.4458227848101265 0.48903797468354426 0.044303797468354444 0.039240506329113856
0 0.31101265822784807 0.44156962025316454 0.03544303797468351 0.032911392405063356
0 0.3407594936708861 0.4447341772151899 0.03924050632911391 0.029113924050632844
0 0.17810126582278463 0.43397468354430374 0.03544303797468373 0.04303797468354431
0 0.14202531645569605 0.40043037974683543 0.029113924050632844 0.029113924050632844
0 0.08569620253164545 0.396 0.025316455696202445 0.0253164556962025
0 0.1053164556962024 0.39916455696202524 0.026582278481012578 0.0215189873417721
0 0.37177215189873414 0.3928354430379747 0.022784810126582178 0.021518987341772156
0 0.24898734177215187 0.38144303797468354 0.025316455696202445 0.01898734177215189