0 0.6749493670886078 0.5245696202531646 0.04556962025316447 0.044303797468354444
0 0.6338101265822786 0.5271012658227847 0.04430379746835433 0.0468354430379746
0 0.4217848101265824 0.548620253164557 0.04303797468354437 0.05189873417721513
0 0.38254430379746845 0.5530506329113924 0.04303797468354409 0.04810126582278473
0 0.2236835443037975 0.5214050632911392 0.03924050632911394 0.04810126582278479
0 0.18317721518987348 0.5220379746835443 0.044303797468354444 0.03924050632911391
0 0.31798734177215193 0.4745696202531645 0.0354430379746834 0.0329113924050633
0 0.2882405063291139 0.47773417721518985 0.03924050632911397 0.0291139240506329
0 0.4508987341772154 0.46697468354430377 0.03544303797468362 0.04303797468354431
0 0.48697468354430395 0.4334303797468354 0.0291139240506329 0.0291139240506329
0 0.5433037974683546 0.429 0.025316455696202445 0.025316455696202556
0 0.5236835443037976 0.43216455696202527 0.026582278481012578 0.021518987341772045
0 0.25722784810126587 0.42583544303797466 0.022784810126582206 0.021518987341772156
0 0.38001265822784813 0.4144430379746835 0.025316455696202556 0.018987341772151944