0 0.5219493670886077 0.5115696202531645 0.04556962025316441 0.04430379746835439
0 0.4808101265822786 0.5141012658227848 0.04430379746835428 0.04683544303797471
0 0.2687848101265824 0.535620253164557 0.04303797468354434 0.051898734177215244
0 0.22954430379746846 0.5400506329113923 0.043037974683544145 0.04810126582278473
0 0.07068354430379747 0.5084050632911392 0.03924050632911394 0.04810126582278479
0 0.030177215189873492 0.5090379746835443 0.044303797468354444 0.039240506329113856
0 0.1649873417721519 0.46156962025316456 0.03544303797468343 0.032911392405063356
0 0.13524050632911394 0.46473417721518984 0.03924050632911395 0.0291139240506329
0 0.29789873417721535 0.45397468354430376 0.03544303797468368 0.04303797468354431
0 0.33397468354430393 0.4204303797468354 0.0291139240506329 0.0291139240506329
0 0.39030379746835453 0.41600000000000004 0.02531645569620239 0.0253164556962025
0 0.3706835443037976 0.41916455696202526 0.026582278481012522 0.021518987341772045
0 0.10422784810126587 0.4128354430379747 0.02278481012658222 0.02151898734177221
0 0.22701265822784814 0.4014430379746835 0.0253164556962025 0.018987341772151944