0 0.6677974683544305 0.3433291139240507 0.10126582278481011 0.12151898734177224
0 0.5747594936708862 0.3395316455696203 0.09493670886075933 0.10886075949367091
0 0.4842531645569621 0.7737088607594936 0.027848101265822878 0.03797468354430378
0 0.4589367088607596 0.7743417721518987 0.0278481012658226 0.03924050632911391
0 0.3988101265822786 0.8015569620253165 0.02405063291139231 0.03544303797468351
0 0.3753924050632912 0.7983924050632911 0.027848101265822878 0.03417721518987338
0 0.31653164556962043 0.7933291139240506 0.036708860759493755 0.0392405063291138
0 0.2810886075949369 0.7901645569620253 0.0291139240506329 0.03544303797468362
0 0.2158987341772154 0.8034556962025317 0.022784810126582206 0.024050632911392422
0 0.173493670886076 0.8211772151898734 0.026582278481012855 0.02405063291139231
0 0.1545063291139242 0.8211772151898734 0.021518987341772017 0.021518987341772045