0 0.23720253164556948 0.6996708860759493 0.10126582278481 0.12151898734177224
0 0.33024050632911384 0.7034683544303797 0.09493670886075933 0.10886075949367091
0 0.42074683544303787 0.26929113924050635 0.027848101265822822 0.03797468354430378
0 0.4460632911392404 0.2686582278481013 0.0278481012658226 0.03924050632911394
0 0.5061898734177214 0.24144303797468353 0.02405063291139231 0.03544303797468351
0 0.5296075949367087 0.24460759493670886 0.027848101265822822 0.03417721518987338
0 0.5884683544303796 0.24967088607594937 0.036708860759493644 0.039240506329113856
0 0.6239113924050631 0.2528354430379747 0.029113924050632844 0.03544303797468354
0 0.6891012658227846 0.23954430379746836 0.02278481012658229 0.024050632911392367
0 0.7315063291139239 0.2218227848101266 0.02658227848101291 0.024050632911392367
0 0.7504936708860758 0.22182278481012663 0.021518987341772045 0.021518987341772128