0 0.12520253164556944 0.2743291139240506 0.10126582278481011 0.12151898734177224
0 0.21824050632911385 0.27053164556962034 0.09493670886075933 0.10886075949367091
0 0.3087468354430379 0.7047088607594937 0.027848101265822822 0.03797468354430378
0 0.33406329113924044 0.7053417721518987 0.0278481012658226 0.03924050632911391
0 0.3941898734177214 0.7325569620253165 0.02405063291139231 0.03544303797468362
0 0.4176075949367088 0.7293924050632911 0.027848101265822822 0.03417721518987338
0 0.47646835443037955 0.7243291139240506 0.036708860759493755 0.03924050632911391
0 0.5119113924050631 0.7211645569620253 0.029113924050632956 0.03544303797468351
0 0.5771012658227846 0.7344556962025316 0.022784810126582178 0.02405063291139231
0 0.619506329113924 0.7521772151898735 0.0265822784810128 0.02405063291139231
0 0.6384936708860758 0.7521772151898733 0.021518987341771934 0.021518987341772156