0 0.7587974683544305 0.6946708860759494 0.10126582278481 0.12151898734177224
0 0.6657594936708862 0.6984683544303798 0.09493670886075933 0.10886075949367091
0 0.5752531645569621 0.26429113924050635 0.027848101265822822 0.03797468354430378
0 0.5499367088607596 0.2636582278481013 0.0278481012658226 0.03924050632911394
0 0.4898101265822786 0.23644303797468352 0.024050632911392367 0.03544303797468351
0 0.4663924050632912 0.23960759493670886 0.027848101265822822 0.03417721518987338
0 0.4075316455696204 0.24467088607594936 0.036708860759493755 0.039240506329113856
0 0.3720886075949369 0.24783544303797472 0.029113924050632956 0.03544303797468354
0 0.30689873417721536 0.23454430379746835 0.022784810126582233 0.024050632911392367
0 0.264493670886076 0.2168227848101266 0.026582278481012855 0.024050632911392367
0 0.2455063291139242 0.21682278481012662 0.02151898734177199 0.0215189873417721