0 0.006417721518987285 0.6686708860759494 0.01283544303797457 0.12151898734177224
0 0.055240506329113814 0.6724683544303798 0.09493670886075933 0.10886075949367091
0 0.14574683544303785 0.23829113924050632 0.027848101265822822 0.03797468354430378
0 0.1710632911392404 0.23765822784810126 0.0278481012658226 0.03924050632911391
0 0.23118987341772135 0.21044303797468356 0.02405063291139231 0.03544303797468354
0 0.25460759493670876 0.21360759493670886 0.027848101265822822 0.03417721518987338
0 0.3134683544303796 0.21867088607594937 0.036708860759493755 0.03924050632911388
0 0.34891139240506314 0.2218354430379747 0.029113924050632956 0.03544303797468351
0 0.4141012658227846 0.20854430379746836 0.022784810126582178 0.024050632911392367
0 0.45650632911392397 0.1908227848101266 0.0265822784810128 0.024050632911392367
0 0.4754936708860758 0.1908227848101266 0.021518987341771934 0.021518987341772128