0 0.7147974683544305 0.6856708860759493 0.10126582278481011 0.12151898734177224
0 0.6217594936708861 0.6894683544303797 0.09493670886075944 0.10886075949367091
0 0.531253164556962 0.25529113924050634 0.027848101265822822 0.03797468354430378
0 0.5059367088607596 0.25465822784810127 0.027848101265822656 0.03924050632911394
0 0.4458101265822786 0.22744303797468352 0.02405063291139231 0.03544303797468354
0 0.42239240506329123 0.23060759493670888 0.027848101265822822 0.03417721518987338
0 0.3635316455696204 0.23567088607594938 0.036708860759493755 0.03924050632911391
0 0.32808860759493685 0.23883544303797472 0.0291139240506329 0.03544303797468354
0 0.2628987341772154 0.22554430379746837 0.022784810126582178 0.024050632911392367
0 0.22049367088607602 0.2078227848101266 0.026582278481012855 0.024050632911392367
0 0.20150632911392422 0.20782278481012662 0.02151898734177199 0.021518987341772128