0 0.7347974683544305 0.6906708860759494 0.10126582278481011 0.12151898734177224
0 0.6417594936708861 0.6944683544303798 0.09493670886075944 0.10886075949367091
0 0.551253164556962 0.26029113924050634 0.027848101265822822 0.03797468354430378
0 0.5259367088607596 0.2596582278481013 0.0278481012658226 0.03924050632911394
0 0.4658101265822786 0.23244303797468352 0.02405063291139231 0.03544303797468351
0 0.44239240506329125 0.23560759493670885 0.027848101265822878 0.03417721518987338
0 0.38353164556962044 0.24067088607594936 0.036708860759493755 0.039240506329113856
0 0.34808860759493687 0.24383544303797472 0.0291139240506329 0.03544303797468354
0 0.28289873417721534 0.23054430379746835 0.022784810126582233 0.024050632911392367
0 0.240493670886076 0.2128227848101266 0.026582278481012855 0.024050632911392367
0 0.2215063291139242 0.21282278481012662 0.02151898734177199 0.0215189873417721