0 0.7607974683544305 0.6856708860759493 0.10126582278481 0.12151898734177224
0 0.6677594936708862 0.6894683544303797 0.09493670886075933 0.10886075949367091
0 0.5772531645569621 0.25529113924050634 0.027848101265822822 0.03797468354430378
0 0.5519367088607596 0.25465822784810127 0.0278481012658226 0.03924050632911394
0 0.49181012658227863 0.22744303797468352 0.024050632911392367 0.03544303797468354
0 0.4683924050632912 0.23060759493670888 0.027848101265822822 0.03417721518987338
0 0.4095316455696204 0.23567088607594938 0.036708860759493755 0.03924050632911391
0 0.3740886075949369 0.23883544303797472 0.029113924050632956 0.03544303797468354
0 0.30889873417721536 0.22554430379746837 0.022784810126582233 0.024050632911392367
0 0.266493670886076 0.2078227848101266 0.026582278481012855 0.024050632911392367
0 0.2475063291139242 0.20782278481012662 0.02151898734177199 0.021518987341772128