0 0.16520253164556947 0.6716708860759493 0.10126582278481011 0.12151898734177224
0 0.25824050632911383 0.6754683544303797 0.09493670886075944 0.10886075949367091
0 0.34874683544303786 0.24129113924050632 0.027848101265822933 0.03797468354430378
0 0.37406329113924036 0.24065822784810126 0.0278481012658226 0.03924050632911391
0 0.4341898734177214 0.21344303797468356 0.02405063291139231 0.03544303797468354
0 0.45760759493670883 0.21660759493670886 0.027848101265822822 0.03417721518987338
0 0.5164683544303796 0.22167088607594937 0.036708860759493755 0.03924050632911391
0 0.5519113924050632 0.2248354430379747 0.029113924050632956 0.03544303797468354
0 0.6171012658227847 0.21154430379746836 0.022784810126582178 0.024050632911392367
0 0.659506329113924 0.1938227848101266 0.0265822784810128 0.024050632911392367
0 0.6784936708860758 0.1938227848101266 0.021518987341771934 0.021518987341772128