0 0.023417721518987245 0.7156708860759493 0.04683544303797449 0.12151898734177224
0 0.08924050632911384 0.7194683544303797 0.09493670886075933 0.10886075949367091
0 0.17974683544303788 0.2852911392405063 0.027848101265822822 0.03797468354430383
0 0.20506329113924043 0.28465822784810124 0.0278481012658226 0.03924050632911397
0 0.2651898734177214 0.25744303797468354 0.02405063291139231 0.03544303797468354
0 0.2886075949367088 0.2606075949367089 0.027848101265822822 0.03417721518987338
0 0.34746835443037954 0.26567088607594935 0.036708860759493755 0.03924050632911388
0 0.3829113924050631 0.2688354430379747 0.029113924050632844 0.03544303797468351
0 0.44810126582278464 0.2555443037974684 0.022784810126582178 0.024050632911392367
0 0.490506329113924 0.2378227848101266 0.0265822784810128 0.024050632911392367
0 0.5094936708860758 0.23782278481012664 0.021518987341772045 0.021518987341772128