0 0.9327974683544304 0.2733291139240506 0.10126582278481011 0.12151898734177224
0 0.8397594936708862 0.26953164556962034 0.09493670886075933 0.10886075949367091
0 0.7492531645569622 0.7037088607594937 0.027848101265822822 0.03797468354430378
0 0.7239367088607596 0.7043417721518987 0.0278481012658226 0.03924050632911391
0 0.6638101265822786 0.7315569620253165 0.02405063291139231 0.03544303797468351
0 0.6403924050632912 0.7283924050632912 0.027848101265822822 0.03417721518987338
0 0.5815316455696204 0.7233291139240506 0.036708860759493755 0.03924050632911391
0 0.5460886075949369 0.7201645569620253 0.029113924050632956 0.03544303797468351
0 0.4808987341772154 0.7334556962025316 0.022784810126582233 0.024050632911392422
0 0.43849367088607605 0.7511772151898735 0.026582278481012855 0.024050632911392422
0 0.4195063291139242 0.7511772151898733 0.021518987341772045 0.021518987341772045