0 0.11720253164556949 0.2673291139240506 0.10126582278481 0.12151898734177224
0 0.21024050632911384 0.26353164556962033 0.09493670886075933 0.10886075949367091
0 0.3007468354430379 0.6977088607594937 0.027848101265822822 0.03797468354430378
0 0.32606329113924043 0.6983417721518987 0.0278481012658226 0.03924050632911391
0 0.3861898734177214 0.7255569620253165 0.02405063291139231 0.03544303797468351
0 0.4096075949367088 0.7223924050632912 0.027848101265822822 0.03417721518987338
0 0.46846835443037954 0.7173291139240506 0.036708860759493755 0.03924050632911391
0 0.5039113924050631 0.7141645569620253 0.029113924050632956 0.03544303797468351
0 0.5691012658227846 0.7274556962025316 0.022784810126582178 0.024050632911392422
0 0.611506329113924 0.7451772151898735 0.0265822784810128 0.024050632911392422
0 0.6304936708860758 0.7451772151898735 0.021518987341771934 0.021518987341772156