0 0.9157974683544305 0.29232911392405064 0.10126582278481011 0.12151898734177224
0 0.8227594936708862 0.28853164556962035 0.09493670886075933 0.10886075949367091
0 0.7322531645569621 0.7227088607594937 0.027848101265822822 0.03797468354430378
0 0.7069367088607597 0.7233417721518988 0.0278481012658226 0.03924050632911391
0 0.6468101265822785 0.7505569620253164 0.024050632911392422 0.03544303797468351
0 0.6233924050632913 0.7473924050632911 0.027848101265822822 0.03417721518987338
0 0.5645316455696203 0.7423291139240507 0.036708860759493755 0.03924050632911391
0 0.5290886075949368 0.7391645569620253 0.029113924050632956 0.03544303797468362
0 0.4638987341772154 0.7524556962025316 0.022784810126582233 0.02405063291139231
0 0.42149367088607603 0.7701772151898734 0.026582278481012855 0.024050632911392422
0 0.40250632911392425 0.7701772151898734 0.02151898734177199 0.021518987341772156