0 0.044917721518987264 0.31032911392405066 0.08983544303797453 0.12151898734177224
0 0.13224050632911383 0.30653164556962026 0.09493670886075944 0.10886075949367091
0 0.22274683544303792 0.7407088607594937 0.027848101265822822 0.03797468354430378
0 0.24806329113924036 0.7413417721518988 0.0278481012658226 0.03924050632911391
0 0.3081898734177214 0.7685569620253164 0.02405063291139231 0.03544303797468351
0 0.3316075949367088 0.7653924050632911 0.027848101265822822 0.03417721518987338
0 0.3904683544303796 0.7603291139240507 0.036708860759493755 0.0392405063291138
0 0.4259113924050631 0.7571645569620253 0.029113924050632956 0.03544303797468362
0 0.49110126582278457 0.7704556962025316 0.022784810126582178 0.02405063291139231
0 0.5335063291139239 0.7881772151898734 0.0265822784810128 0.024050632911392422
0 0.5524936708860758 0.7881772151898734 0.021518987341772045 0.021518987341772045