0 0.9734556962025318 0.43348101265822786 0.0530886075949365 0.0620253164556962
0 0.9209620253164558 0.4404430379746836 0.06202531645569609 0.06329113924050633
0 0.9924430379746836 0.5343980850373256 0.015113924050632721 0.0576595261278805
0 0.9608354430379749 0.534746835443038 0.06075949367088607 0.07215189873417716
0 0.46336708860759507 0.5328481012658227 0.050632911392405 0.05316455696202538
0 0.5500759493670887 0.594240506329114 0.04177215189873418 0.04683544303797471
0 0.5127341772151901 0.5917088607594937 0.04556962025316469 0.03924050632911391
0 0.41589873417721535 0.4860126582278481 0.05949367088607599 0.06582278481012649
0 0.36083544303797477 0.4822151898734177 0.06075949367088607 0.06835443037974676
0 0.2266582278481014 0.6227215189873417 0.03291139240506344 0.040506329113924044
0 0.16526582278481033 0.5765189873417721 0.04177215189873415 0.051898734177215244
0 0.13235443037974692 0.5790506329113924 0.03417721518987343 0.044303797468354444
0 0.04881012658227854 0.5872784810126582 0.041772151898734254 0.05316455696202538
0 0.006367088607594951 0.5385443037974684 0.012734177215189902 0.06962025316455689