0 0.6483670886075951 0.5088481012658228 0.05063291139240511 0.05316455696202527
0 0.7350759493670886 0.5702405063291139 0.04177215189873407 0.04683544303797471
0 0.6977341772151899 0.5677088607594937 0.04556962025316469 0.03924050632911391
0 0.6008987341772154 0.46201265822784815 0.05949367088607593 0.0658227848101266
0 0.5458354430379748 0.4582151898734177 0.06075949367088607 0.06835443037974676
0 0.41165822784810147 0.5987215189873417 0.03291139240506341 0.040506329113924044
0 0.35026582278481033 0.5525189873417722 0.04177215189873418 0.05189873417721513
0 0.317354430379747 0.5550506329113924 0.03417721518987343 0.044303797468354444
0 0.23381012658227854 0.5632784810126582 0.04177215189873423 0.05316455696202538
0 0.17748101265822788 0.5145443037974684 0.040506329113924044 0.069620253164557
0 0.11545569620253171 0.5196075949367089 0.05063291139240504 0.0620253164556962
0 0.007094936708860757 0.6025189873417721 0.014189873417721514 0.03797468354430378
0 0.07621518987341773 0.6316329113924051 0.025316455696202528 0.027848101265822822