0 0.839367088607595 0.5448481012658227 0.050632911392405 0.05316455696202538
0 0.9260759493670887 0.606240506329114 0.04177215189873418 0.04683544303797471
0 0.88873417721519 0.6037088607594937 0.04556962025316469 0.03924050632911391
0 0.7918987341772155 0.4980126582278481 0.05949367088607593 0.06582278481012649
0 0.7368354430379747 0.4942151898734177 0.06075949367088607 0.06835443037974676
0 0.6026582278481014 0.6347215189873417 0.032911392405063467 0.040506329113924044
0 0.5412658227848104 0.5885189873417721 0.04177215189873407 0.051898734177215244
0 0.5083544303797469 0.5910506329113924 0.03417721518987338 0.044303797468354444
0 0.42481012658227857 0.5992784810126582 0.04177215189873423 0.05316455696202538
0 0.36848101265822786 0.5505443037974684 0.040506329113924044 0.069620253164557
0 0.30645569620253177 0.555607594936709 0.050632911392405056 0.0620253164556962
0 0.1849367088607595 0.6385189873417721 0.040506329113924044 0.03797468354430378
0 0.26721518987341775 0.6676329113924051 0.0253164556962025 0.027848101265822822