0 0.3896329113924049 0.4851518987341772 0.050632911392405 0.05316455696202532
0 0.3029240506329113 0.42375949367088606 0.04177215189873418 0.046835443037974656
0 0.34026582278481 0.4262911392405063 0.04556962025316458 0.03924050632911391
0 0.43710126582278463 0.5319873417721519 0.059493670886076044 0.06582278481012654
0 0.49216455696202527 0.5357848101265823 0.06075949367088607 0.06835443037974676
0 0.6263417721518986 0.3952784810126582 0.032911392405063467 0.040506329113924044
0 0.6877341772151897 0.4414810126582278 0.04177215189873407 0.05189873417721519
0 0.7206455696202531 0.43894936708860754 0.03417721518987338 0.0443037974683545
0 0.8041898734177215 0.4307215189873418 0.04177215189873429 0.05316455696202532
0 0.8605189873417721 0.4794556962025317 0.040506329113924044 0.06962025316455694
0 0.9225443037974683 0.4743924050632911 0.050632911392405 0.0620253164556962
0 0.9617848101265822 0.3623670886075949 0.025316455696202556 0.027848101265822822