0 0.14363291139240492 0.4501518987341772 0.050632911392405 0.05316455696202538
0 0.05692405063291128 0.3887594936708861 0.04177215189873418 0.04683544303797471
0 0.09426582278481 0.3912911392405063 0.04556962025316458 0.03924050632911397
0 0.19110126582278464 0.49698734177215187 0.059493670886076044 0.06582278481012654
0 0.24616455696202527 0.5007848101265823 0.06075949367088607 0.06835443037974676
0 0.38034177215189857 0.36027848101265825 0.032911392405063467 0.040506329113924044
0 0.4417341772151897 0.4064810126582279 0.04177215189873418 0.05189873417721519
0 0.47464556962025306 0.40394936708860757 0.03417721518987338 0.044303797468354444
0 0.5581898734177214 0.39572151898734176 0.04177215189873418 0.05316455696202538
0 0.6145189873417721 0.44445569620253167 0.040506329113924044 0.06962025316455694
0 0.6765443037974683 0.43939240506329114 0.050632911392405 0.062025316455696144
0 0.7980632911392406 0.35648101265822785 0.040506329113924044 0.03797468354430378
0 0.7157848101265822 0.3273670886075949 0.025316455696202556 0.027848101265822767