0 0.36263291139240494 0.5258481012658228 0.05063291139240511 0.05316455696202538
0 0.2759240506329113 0.5872405063291138 0.04177215189873407 0.04683544303797471
0 0.31326582278481 0.5847088607594937 0.04556962025316469 0.03924050632911391
0 0.41010126582278467 0.47901265822784816 0.05949367088607593 0.0658227848101266
0 0.46516455696202524 0.4752151898734177 0.06075949367088607 0.06835443037974676
0 0.5993417721518985 0.6157215189873418 0.032911392405063467 0.040506329113924044
0 0.6607341772151897 0.5695189873417722 0.04177215189873418 0.051898734177215244
0 0.693645569620253 0.5720506329113925 0.03417721518987349 0.044303797468354444
0 0.7771898734177214 0.5802784810126582 0.04177215189873429 0.05316455696202538
0 0.8335189873417721 0.5315443037974683 0.040506329113924044 0.06962025316455689
0 0.8955443037974683 0.5366075949367088 0.05063291139240511 0.0620253164556962
0 0.9984050632911392 0.6195189873417721 0.0031898734177214783 0.03797468354430378
0 0.9347848101265823 0.6486329113924051 0.025316455696202556 0.02784810126582271