0 0.049632911392404944 0.5268481012658227 0.050632911392405 0.05316455696202538
0 0.011525316455696155 0.5857088607594937 0.02305063291139231 0.03924050632911391
0 0.09710126582278461 0.4800126582278481 0.05949367088607593 0.06582278481012649
0 0.15216455696202524 0.4762151898734177 0.060759493670885956 0.06835443037974676
0 0.2863417721518986 0.6167215189873417 0.032911392405063467 0.040506329113924044
0 0.3477341772151897 0.5705189873417721 0.04177215189873407 0.051898734177215244
0 0.3806455696202531 0.5730506329113924 0.03417721518987338 0.044303797468354444
0 0.46418987341772144 0.5812784810126582 0.04177215189873418 0.05316455696202538
0 0.520518987341772 0.5325443037974684 0.040506329113924044 0.069620253164557
0 0.5825443037974682 0.537607594936709 0.050632911392405 0.0620253164556962
0 0.7040632911392405 0.6205189873417721 0.040506329113924044 0.03797468354430378
0 0.6217848101265823 0.6496329113924051 0.025316455696202445 0.027848101265822822