0 0.9895253164556963 0.5051518987341772 0.020949367088607507 0.05316455696202538
0 0.9568987341772154 0.5519873417721519 0.059493670886076044 0.0658227848101266
0 0.9018354430379747 0.5557848101265823 0.06075949367088607 0.06835443037974676
0 0.7676582278481014 0.41527848101265824 0.032911392405063467 0.040506329113924044
0 0.7062658227848103 0.46148101265822783 0.04177215189873418 0.05189873417721519
0 0.673354430379747 0.45894936708860756 0.03417721518987349 0.044303797468354444
0 0.5898101265822786 0.45072151898734175 0.04177215189873429 0.05316455696202538
0 0.5334810126582279 0.4994556962025316 0.040506329113924044 0.06962025316455689
0 0.4714556962025317 0.49439240506329113 0.050632911392405056 0.0620253164556962
0 0.3499367088607595 0.41148101265822784 0.040506329113924044 0.03797468354430378
0 0.4322151898734177 0.38236708860759494 0.025316455696202556 0.027848101265822767