0 0.29063291139240494 0.5508481012658227 0.050632911392405 0.05316455696202538
0 0.2039240506329113 0.612240506329114 0.04177215189873418 0.04683544303797471
0 0.24126582278480996 0.6097088607594937 0.04556962025316469 0.03924050632911391
0 0.3381012658227846 0.5040126582278481 0.05949367088607593 0.06582278481012649
0 0.3931645569620253 0.5002151898734177 0.06075949367088607 0.06835443037974676
0 0.5273417721518985 0.6407215189873418 0.032911392405063356 0.040506329113924044
0 0.5887341772151896 0.5945189873417721 0.04177215189873418 0.051898734177215244
0 0.6216455696202531 0.5970506329113924 0.03417721518987338 0.044303797468354444
0 0.7051898734177214 0.6052784810126582 0.04177215189873418 0.05316455696202538
0 0.7615189873417721 0.5565443037974684 0.040506329113924044 0.069620253164557
0 0.8235443037974682 0.561607594936709 0.05063291139240511 0.0620253164556962
0 0.9450632911392405 0.6445189873417722 0.040506329113924044 0.03797468354430378
0 0.8627848101265823 0.6736329113924051 0.025316455696202556 0.027848101265822822