0 0.7093670886075951 0.5448481012658227 0.050632911392405 0.05316455696202538
0 0.7960759493670887 0.606240506329114 0.04177215189873418 0.04683544303797471
0 0.7587341772151901 0.6037088607594937 0.04556962025316469 0.03924050632911391
0 0.6618987341772153 0.4980126582278481 0.05949367088607593 0.06582278481012649
0 0.6068354430379748 0.4942151898734177 0.06075949367088607 0.06835443037974676
0 0.4726582278481014 0.6347215189873417 0.03291139240506341 0.040506329113924044
0 0.41126582278481033 0.5885189873417721 0.04177215189873418 0.051898734177215244
0 0.3783544303797469 0.5910506329113924 0.03417721518987343 0.044303797468354444
0 0.29481012658227856 0.5992784810126582 0.04177215189873423 0.05316455696202538
0 0.23848101265822785 0.5505443037974684 0.04050632911392402 0.069620253164557
0 0.17645569620253174 0.555607594936709 0.050632911392405056 0.0620253164556962
0 0.05493670886075949 0.6385189873417721 0.04050632911392404 0.03797468354430378
0 0.13721518987341774 0.6676329113924051 0.025316455696202528 0.027848101265822822