0 0.05663291139240495 0.4861518987341772 0.050632911392405 0.05316455696202532
0 0.015025316455696158 0.4272911392405063 0.030050632911392317 0.03924050632911391
0 0.10410126582278462 0.5329873417721518 0.05949367088607593 0.0658227848101266
0 0.1591645569620252 0.5367848101265823 0.06075949367088607 0.06835443037974676
0 0.2933417721518986 0.3962784810126582 0.032911392405063467 0.040506329113924044
0 0.3547341772151897 0.4424810126582278 0.04177215189873407 0.05189873417721519
0 0.3876455696202531 0.43994936708860755 0.03417721518987338 0.0443037974683545
0 0.47118987341772145 0.4317215189873418 0.04177215189873418 0.05316455696202532
0 0.5275189873417722 0.4804556962025317 0.040506329113924044 0.06962025316455694
0 0.5895443037974682 0.4753924050632911 0.05063291139240511 0.0620253164556962
0 0.7110632911392405 0.3924810126582279 0.040506329113924044 0.03797468354430383
0 0.6287848101265823 0.3633670886075949 0.025316455696202667 0.027848101265822822