0 0.8223670886075951 0.5121518987341772 0.050632911392405 0.05316455696202538
0 0.9090759493670887 0.4507594936708861 0.04177215189873418 0.04683544303797471
0 0.8717341772151901 0.45329113924050635 0.04556962025316469 0.03924050632911397
0 0.7748987341772153 0.5589873417721518 0.05949367088607593 0.0658227848101266
0 0.7198354430379748 0.5627848101265823 0.060759493670885956 0.06835443037974676
0 0.5856582278481014 0.42227848101265825 0.032911392405063467 0.040506329113924044
0 0.5242658227848103 0.46848101265822784 0.04177215189873407 0.05189873417721519
0 0.4913544303797469 0.46594936708860757 0.03417721518987338 0.044303797468354444
0 0.40781012658227855 0.45772151898734176 0.04177215189873423 0.05316455696202538
0 0.3514810126582279 0.5064556962025316 0.040506329113924044 0.06962025316455689
0 0.28945569620253175 0.5013924050632912 0.050632911392405056 0.0620253164556962
0 0.1679367088607595 0.41848101265822785 0.04050632911392402 0.03797468354430378
0 0.25021518987341773 0.38936708860759495 0.025316455696202556 0.027848101265822767