0 0.005474683544303749 0.4581518987341772 0.010949367088607498 0.05316455696202538
0 0.033101265822784665 0.5049873417721519 0.05949367088607593 0.06582278481012654
0 0.08816455696202524 0.5087848101265823 0.06075949367088607 0.06835443037974676
0 0.22234177215189854 0.36827848101265825 0.032911392405063467 0.040506329113924044
0 0.2837341772151897 0.4144810126582279 0.04177215189873418 0.05189873417721519
0 0.3166455696202531 0.4119493670886076 0.03417721518987349 0.044303797468354444
0 0.40018987341772144 0.40372151898734177 0.04177215189873429 0.05316455696202538
0 0.4565189873417721 0.4524556962025317 0.040506329113924044 0.06962025316455694
0 0.5185443037974683 0.44739240506329114 0.05063291139240511 0.062025316455696144
0 0.6400632911392404 0.36448101265822785 0.040506329113924044 0.03797468354430378
0 0.5577848101265823 0.3353670886075949 0.025316455696202556 0.027848101265822767