0 0.10863291139240494 0.5278481012658228 0.05063291139240511 0.05316455696202538
0 0.021924050632911307 0.5892405063291138 0.04177215189873407 0.04683544303797471
0 0.05926582278481002 0.5867088607594937 0.04556962025316469 0.03924050632911391
0 0.15610126582278466 0.48101265822784817 0.05949367088607593 0.0658227848101266
0 0.21116455696202524 0.4772151898734177 0.06075949367088607 0.06835443037974676
0 0.34534177215189854 0.6177215189873418 0.032911392405063467 0.040506329113924044
0 0.4067341772151897 0.5715189873417722 0.04177215189873418 0.051898734177215244
0 0.4396455696202531 0.5740506329113925 0.03417721518987349 0.044303797468354444
0 0.5231898734177215 0.5822784810126582 0.04177215189873418 0.05316455696202538
0 0.5795189873417721 0.5335443037974683 0.040506329113924044 0.06962025316455689
0 0.6415443037974683 0.5386075949367088 0.05063291139240511 0.06202531645569609
0 0.7630632911392405 0.6215189873417721 0.040506329113924155 0.03797468354430378
0 0.6807848101265823 0.6506329113924051 0.025316455696202556 0.02784810126582271