0 0.845367088607595 0.5478481012658228 0.050632911392405 0.05316455696202538
0 0.9320759493670887 0.6092405063291139 0.04177215189873418 0.04683544303797471
0 0.89473417721519 0.6067088607594937 0.04556962025316469 0.03924050632911402
0 0.7978987341772155 0.5010126582278482 0.05949367088607593 0.0658227848101266
0 0.7428354430379747 0.49721518987341773 0.06075949367088607 0.06835443037974676
0 0.6086582278481014 0.6377215189873418 0.032911392405063467 0.040506329113924044
0 0.5472658227848104 0.5915189873417721 0.04177215189873407 0.05189873417721513
0 0.5143544303797469 0.5940506329113925 0.03417721518987343 0.044303797468354444
0 0.4308101265822786 0.6022784810126582 0.04177215189873423 0.05316455696202538
0 0.37448101265822786 0.5535443037974683 0.040506329113924044 0.06962025316455689
0 0.3124556962025318 0.5586075949367089 0.050632911392405056 0.06202531645569609
0 0.1909367088607595 0.6415189873417722 0.040506329113924044 0.03797468354430378
0 0.27321518987341775 0.6706329113924051 0.0253164556962025 0.02784810126582271