0 0.15163291139240492 0.4551518987341772 0.050632911392405 0.05316455696202538
0 0.06492405063291129 0.3937594936708861 0.04177215189873418 0.04683544303797471
0 0.10226582278480995 0.3962911392405063 0.04556962025316469 0.03924050632911397
0 0.1991012658227846 0.5019873417721519 0.05949367088607593 0.06582278481012654
0 0.2541645569620253 0.5057848101265823 0.06075949367088607 0.06835443037974676
0 0.3883417721518986 0.36527848101265825 0.032911392405063467 0.040506329113924044
0 0.44973417721518966 0.4114810126582279 0.04177215189873407 0.05189873417721519
0 0.48264556962025307 0.4089493670886076 0.03417721518987338 0.044303797468354444
0 0.5661898734177214 0.40072151898734176 0.04177215189873418 0.05316455696202538
0 0.6225189873417721 0.4494556962025317 0.040506329113924044 0.06962025316455694
0 0.6845443037974682 0.44439240506329114 0.05063291139240511 0.062025316455696144
0 0.8060632911392405 0.36148101265822785 0.040506329113924044 0.03797468354430378
0 0.7237848101265822 0.3323670886075949 0.025316455696202556 0.027848101265822767