0 0.02702531645569617 0.5965569620253164 0.05405063291139234 0.06329113924050633
0 0.006772151898734147 0.502253164556962 0.013544303797468293 0.07215189873417716
0 0.48063291139240494 0.5041518987341772 0.05063291139240511 0.05316455696202538
0 0.3939240506329113 0.4427594936708861 0.04177215189873407 0.04683544303797471
0 0.43126582278481 0.44529113924050634 0.04556962025316469 0.03924050632911397
0 0.5281012658227846 0.5509873417721518 0.05949367088607593 0.0658227848101266
0 0.5831645569620252 0.5547848101265823 0.06075949367088607 0.06835443037974676
0 0.7173417721518986 0.41427848101265824 0.032911392405063356 0.040506329113924044
0 0.7787341772151897 0.46048101265822783 0.04177215189873418 0.05189873417721519
0 0.8116455696202531 0.45794936708860756 0.03417721518987349 0.044303797468354444
0 0.8951898734177215 0.44972151898734175 0.04177215189873429 0.05316455696202538
0 0.9515189873417721 0.4984556962025316 0.040506329113924044 0.06962025316455689
0 0.9941139240506329 0.49339240506329113 0.011772151898734262 0.0620253164556962