0 0.954367088607595 0.5168481012658228 0.050632911392405 0.05316455696202527
0 0.9904746835443039 0.5757088607594937 0.019050632911392307 0.03924050632911391
0 0.9068987341772154 0.4700126582278481 0.05949367088607593 0.06582278481012649
0 0.8518354430379746 0.4662151898734177 0.06075949367088607 0.06835443037974676
0 0.7176582278481014 0.6067215189873417 0.032911392405063467 0.040506329113924044
0 0.6562658227848104 0.5605189873417722 0.04177215189873407 0.05189873417721513
0 0.6233544303797469 0.5630506329113923 0.03417721518987338 0.044303797468354444
0 0.5398101265822786 0.5712784810126582 0.04177215189873418 0.05316455696202538
0 0.48348101265822785 0.5225443037974684 0.04050632911392399 0.069620253164557
0 0.42145569620253176 0.527607594936709 0.050632911392405056 0.0620253164556962
0 0.2999367088607595 0.6105189873417721 0.040506329113924044 0.03797468354430378
0 0.38221518987341774 0.6396329113924051 0.025316455696202556 0.027848101265822933