0 0.833367088607595 0.5298481012658228 0.050632911392405 0.05316455696202538
0 0.9200759493670887 0.5912405063291138 0.04177215189873418 0.04683544303797471
0 0.88273417721519 0.5887088607594937 0.04556962025316469 0.03924050632911391
0 0.7858987341772155 0.48301265822784817 0.05949367088607593 0.0658227848101266
0 0.7308354430379747 0.4792151898734177 0.06075949367088607 0.06835443037974676
0 0.5966582278481014 0.6197215189873418 0.032911392405063467 0.040506329113924044
0 0.5352658227848104 0.5735189873417722 0.04177215189873407 0.051898734177215244
0 0.5023544303797469 0.5760506329113925 0.03417721518987338 0.044303797468354444
0 0.41881012658227856 0.5842784810126582 0.04177215189873423 0.05316455696202538
0 0.36248101265822785 0.5355443037974683 0.04050632911392399 0.06962025316455689
0 0.30045569620253176 0.5406075949367088 0.050632911392405056 0.06202531645569609
0 0.1789367088607595 0.6235189873417721 0.040506329113924044 0.03797468354430378
0 0.26121518987341774 0.6526329113924051 0.0253164556962025 0.02784810126582271