0 0.03691139240506308 0.4484810126582279 0.06835443037974687 0.0620253164556962
0 0.09703797468354425 0.4554430379746836 0.06202531645569609 0.06329113924050633
0 0.01655696202531637 0.5493980850373255 0.03311392405063274 0.05765952612788039
0 0.057164556962025215 0.5497468354430379 0.06075949367088607 0.07215189873417716
0 0.5546329113924049 0.5478481012658228 0.050632911392405 0.05316455696202538
0 0.4679240506329113 0.6092405063291139 0.04177215189873418 0.04683544303797471
0 0.5052658227848099 0.6067088607594937 0.04556962025316469 0.03924050632911402
0 0.6021012658227847 0.5010126582278482 0.05949367088607593 0.0658227848101266
0 0.6571645569620252 0.49721518987341773 0.060759493670885956 0.06835443037974676
0 0.7913417721518985 0.6377215189873418 0.032911392405063356 0.040506329113924044
0 0.8527341772151896 0.5915189873417721 0.04177215189873418 0.05189873417721513
0 0.8856455696202531 0.5940506329113925 0.03417721518987338 0.044303797468354444
0 0.9691898734177214 0.6022784810126582 0.04177215189873418 0.05316455696202538