0 0.40763291139240493 0.46615189873417723 0.050632911392405 0.05316455696202538
0 0.3209240506329113 0.4047594936708861 0.04177215189873418 0.04683544303797471
0 0.35826582278480995 0.4072911392405063 0.04556962025316469 0.03924050632911391
0 0.4551012658227846 0.5129873417721519 0.05949367088607593 0.06582278481012654
0 0.5101645569620252 0.5167848101265823 0.060759493670885956 0.06835443037974676
0 0.6443417721518986 0.37627848101265826 0.032911392405063467 0.04050632911392399
0 0.7057341772151897 0.42248101265822785 0.04177215189873407 0.051898734177215244
0 0.7386455696202531 0.4199493670886076 0.03417721518987338 0.044303797468354444
0 0.8221898734177214 0.4117215189873418 0.04177215189873418 0.05316455696202538
0 0.8785189873417721 0.46045569620253163 0.040506329113924044 0.06962025316455689
0 0.9405443037974683 0.45539240506329115 0.050632911392405 0.062025316455696144
0 0.9797848101265823 0.3433670886075949 0.025316455696202556 0.027848101265822767