0 0.861367088607595 0.5438481012658228 0.050632911392405 0.05316455696202538
0 0.9480759493670887 0.6052405063291139 0.04177215189873418 0.04683544303797471
0 0.91073417721519 0.6027088607594937 0.04556962025316458 0.03924050632911402
0 0.8138987341772154 0.4970126582278482 0.059493670886076044 0.0658227848101266
0 0.7588354430379747 0.4932151898734177 0.06075949367088607 0.06835443037974676
0 0.6246582278481014 0.6337215189873417 0.032911392405063467 0.040506329113924044
0 0.5632658227848103 0.5875189873417721 0.04177215189873418 0.05189873417721513
0 0.5303544303797469 0.5900506329113925 0.03417721518987338 0.044303797468354444
0 0.4468101265822786 0.5982784810126582 0.04177215189873423 0.05316455696202538
0 0.3904810126582279 0.5495443037974683 0.040506329113924044 0.06962025316455689
0 0.3284556962025317 0.5546075949367089 0.050632911392405056 0.06202531645569609
0 0.2069367088607595 0.6375189873417721 0.040506329113924044 0.03797468354430378
0 0.28921518987341777 0.6666329113924051 0.0253164556962025 0.02784810126582271