0 0.9880253164556962 0.4821518987341772 0.02394936708860751 0.05316455696202532
0 0.9538987341772154 0.5289873417721519 0.059493670886076044 0.06582278481012654
0 0.8988354430379748 0.5327848101265823 0.06075949367088607 0.06835443037974676
0 0.7646582278481014 0.3922784810126582 0.032911392405063467 0.040506329113924044
0 0.7032658227848103 0.4384810126582278 0.04177215189873418 0.05189873417721519
0 0.6703544303797468 0.4359493670886076 0.03417721518987349 0.044303797468354444
0 0.5868101265822785 0.4277215189873418 0.04177215189873429 0.05316455696202532
0 0.5304810126582279 0.4764556962025317 0.040506329113924044 0.06962025316455694
0 0.4684556962025317 0.4713924050632911 0.050632911392405056 0.0620253164556962
0 0.3469367088607595 0.3884810126582279 0.040506329113924044 0.03797468354430378
0 0.4292151898734177 0.3593670886075949 0.025316455696202556 0.027848101265822822