0 0.9333670886075951 0.5478481012658228 0.050632911392405 0.05316455696202538
0 0.9995949367088608 0.6092405063291139 0.0008101265822784143 0.04683544303797471
0 0.9799746835443038 0.6067088607594937 0.040050632911392325 0.03924050632911402
0 0.8858987341772153 0.5010126582278482 0.05949367088607593 0.0658227848101266
0 0.8308354430379747 0.49721518987341773 0.06075949367088607 0.06835443037974676
0 0.6966582278481014 0.6377215189873418 0.032911392405063467 0.040506329113924044
0 0.6352658227848103 0.5915189873417721 0.04177215189873407 0.05189873417721513
0 0.602354430379747 0.5940506329113925 0.03417721518987349 0.044303797468354444
0 0.5188101265822785 0.6022784810126582 0.04177215189873423 0.05316455696202538
0 0.4624810126582279 0.5535443037974683 0.040506329113924044 0.06962025316455689
0 0.40045569620253174 0.5586075949367089 0.050632911392405056 0.06202531645569609
0 0.2789367088607595 0.6415189873417722 0.040506329113924044 0.03797468354430378
0 0.3612151898734177 0.6706329113924051 0.025316455696202556 0.02784810126582271