0 0.30825316455696194 0.22754430379746837 0.09620253164556947 0.08987341772151902
0 0.3917974683544302 0.22311392405063296 0.0936708860759492 0.10886075949367091
0 0.05192405063291128 0.39336708860759495 0.07468354430379764 0.07215189873417716
0 0.11141772151898716 0.38513924050632914 0.069620253164557 0.07088607594936691
0 0.7297721518987341 0.37817721518987335 0.055696202531645644 0.06962025316455689
0 0.6177468354430379 0.43513924050632913 0.036708860759493644 0.051898734177215244
0 0.658886075949367 0.4395696202531646 0.05063291139240511 0.048101265822784844
0 0.7842025316455696 0.3826075949367089 0.0658227848101266 0.06835443037974687
0 0.8867341772151899 0.3775443037974684 0.04556962025316458 0.05569620253164542
0 0.9297721518987342 0.374379746835443 0.048101265822784844 0.0620253164556962
0 0.9781772151898733 0.28577215189873423 0.04364556962025323 0.09746835443037971