0 0.17325316455696194 0.22354430379746837 0.09620253164556947 0.08987341772151902
0 0.2567974683544302 0.21911392405063296 0.0936708860759492 0.10886075949367091
0 0.005613924050632824 0.38113924050632914 0.011227848101265647 0.07088607594936691
0 0.5947721518987341 0.37417721518987335 0.055696202531645755 0.06962025316455689
0 0.48274683544303787 0.4311392405063291 0.036708860759493644 0.051898734177215244
0 0.523886075949367 0.4355696202531646 0.05063291139240511 0.048101265822784844
0 0.6492025316455696 0.37860759493670887 0.0658227848101266 0.06835443037974687
0 0.7517341772151899 0.3735443037974684 0.04556962025316458 0.05569620253164542
0 0.7947721518987342 0.370379746835443 0.048101265822784844 0.0620253164556962
0 0.8561645569620253 0.2817721518987342 0.069620253164557 0.09746835443037971
0 0.9536329113924051 0.28050632911392404 0.069620253164557 0.08987341772151902