0 0.6537468354430381 0.23154430379746838 0.09620253164556947 0.08987341772151902
0 0.5702025316455699 0.22711392405063296 0.09367088607594931 0.10886075949367091
0 0.9100759493670887 0.39736708860759495 0.07468354430379764 0.07215189873417716
0 0.8505822784810129 0.38913924050632914 0.069620253164557 0.07088607594936691
0 0.23222784810126587 0.38217721518987335 0.0556962025316457 0.06962025316455689
0 0.3442531645569622 0.43913924050632913 0.036708860759493644 0.051898734177215244
0 0.303113924050633 0.44356962025316454 0.05063291139240517 0.048101265822784955
0 0.17779746835443044 0.3866075949367089 0.06582278481012657 0.06835443037974687
0 0.07526582278481016 0.3815443037974684 0.04556962025316455 0.05569620253164542
0 0.03222784810126586 0.378379746835443 0.04810126582278485 0.0620253164556962
0 0.0028227848101266204 0.28977215189873423 0.005645569620253241 0.09746835443037971