0 0.33825316455696186 0.7744556962025316 0.09620253164556947 0.08987341772151902
0 0.42179746835443016 0.778886075949367 0.09367088607594931 0.10886075949367091
0 0.0819240506329113 0.608632911392405 0.07468354430379764 0.07215189873417716
0 0.14141772151898718 0.6168607594936708 0.069620253164557 0.07088607594936691
0 0.7597721518987341 0.6238227848101267 0.055696202531645644 0.06962025316455689
0 0.6477468354430378 0.5668607594936709 0.036708860759493644 0.051898734177215244
0 0.688886075949367 0.5624303797468354 0.05063291139240511 0.048101265822784844
0 0.8142025316455694 0.6193924050632911 0.0658227848101266 0.06835443037974687
0 0.9167341772151898 0.6244556962025316 0.04556962025316447 0.05569620253164542
0 0.9597721518987341 0.6276202531645569 0.048101265822784844 0.0620253164556962
0 0.9931772151898735 0.7162278481012658 0.013645569620253206 0.09746835443037971