0 0.017810126582278374 0.45301265822784814 0.03562025316455675 0.08227848101265833
0 0.9704303797468354 0.5669367088607594 0.036708860759493644 0.036708860759493644
0 0.9912278481012657 0.5612405063291139 0.017544303797468408 0.0430379746835442
0 0.6425822784810126 0.5960506329113924 0.031645569620253555 0.02658227848101269
0 0.6691645569620251 0.5935189873417721 0.036708860759493644 0.03164556962025322
0 0.9109367088607594 0.6340253164556963 0.029113924050632733 0.026582278481012578
0 0.936253164556962 0.632126582278481 0.026582278481012578 0.025316455696202556
0 0.755873417721519 0.642253164556962 0.020253164556962022 0.017721518987341867
0 0.7830886075949367 0.6409873417721519 0.02405063291139231 0.027848101265822822
0 0.8520759493670885 0.6466835443037975 0.025316455696202445 0.02658227848101269
0 0.8723291139240505 0.6466835443037975 0.025316455696202556 0.029113924050633067