0 0.4484303797468354 0.4870632911392405 0.036708860759493644 0.036708860759493644
0 0.4819746835443037 0.49275949367088606 0.0430379746835442 0.0430379746835442
0 0.1205822784810126 0.4579493670886076 0.031645569620253444 0.02658227848101269
0 0.14716455696202513 0.46048101265822783 0.03670886075949342 0.03164556962025317
0 0.6300759493670886 0.4370632911392405 0.02784810126582271 0.03544303797468357
0 0.6579240506329114 0.43959493670886074 0.032911392405063467 0.027848101265822767
0 0.5199493670886075 0.4193417721518987 0.0227848101265824 0.027848101265822767
0 0.5421012658227848 0.4199746835443038 0.024050632911392422 0.021518987341772156
0 0.38893670886075943 0.4199746835443038 0.029113924050632733 0.026582278481012578
0 0.414253164556962 0.421873417721519 0.02658227848101269 0.025316455696202556
0 0.23387341772151898 0.411746835443038 0.020253164556962022 0.017721518987341756
0 0.2610886075949367 0.4130126582278481 0.02405063291139231 0.027848101265822822
0 0.33007594936708856 0.40731645569620256 0.025316455696202556 0.026582278481012633
0 0.3503291139240506 0.40731645569620256 0.025316455696202556 0.0291139240506329
0 0.7161518987341772 0.4111139240506329 0.017721518987341867 0.01898734177215189
0 0.7326075949367088 0.4117468354430379 0.015189873417721378 0.022784810126582233