0 0.8214303797468354 0.5719367088607594 0.036708860759493644 0.036708860759493755
0 0.8549746835443037 0.5662405063291139 0.0430379746835442 0.04303797468354431
0 0.4935822784810126 0.6010506329113924 0.031645569620253444 0.026582278481012578
0 0.5201645569620251 0.5985189873417721 0.036708860759493644 0.03164556962025311
0 0.9945759493670886 0.6219367088607595 0.010848101265822807 0.03544303797468362
0 0.8929493670886075 0.6396582278481013 0.0227848101265824 0.027848101265822822
0 0.9151012658227848 0.6390253164556963 0.024050632911392422 0.021518987341772156
0 0.7619367088607595 0.6390253164556962 0.029113924050632844 0.026582278481012578
0 0.7872531645569619 0.6371265822784811 0.026582278481012578 0.025316455696202556
0 0.6068734177215189 0.6472531645569621 0.020253164556962022 0.017721518987341756
0 0.6340886075949367 0.6459873417721519 0.02405063291139231 0.02784810126582271
0 0.7030759493670885 0.6516835443037975 0.025316455696202445 0.026582278481012578
0 0.7233291139240505 0.6516835443037975 0.025316455696202556 0.029113924050632844