0 0.15156962025316462 0.4580632911392405 0.03670886075949362 0.0367088607594937
0 0.11802531645569626 0.4637594936708861 0.04303797468354423 0.043037974683544256
0 0.4794177215189874 0.4289493670886076 0.031645569620253444 0.02658227848101269
0 0.45283544303797485 0.43148101265822786 0.03670886075949353 0.03164556962025322
0 0.08005063291139247 0.3903417721518987 0.02278481012658233 0.027848101265822767
0 0.05789873417721521 0.39097468354430376 0.02405063291139243 0.0215189873417721
0 0.21106329113924055 0.39097468354430376 0.029113924050632817 0.026582278481012633
0 0.18574683544303805 0.39287341772151896 0.026582278481012606 0.0253164556962025
0 0.366126582278481 0.38274683544303795 0.020253164556962022 0.017721518987341756
0 0.33891139240506335 0.38401265822784814 0.02405063291139231 0.027848101265822767
0 0.26992405063291147 0.37831645569620254 0.025316455696202556 0.026582278481012633
0 0.24967088607594945 0.37831645569620254 0.025316455696202528 0.029113924050632956