0 0.5164303797468354 0.4360632911392406 0.036708860759493644 0.0367088607594937
0 0.5499746835443038 0.44175949367088607 0.0430379746835442 0.043037974683544256
0 0.18858227848101256 0.4069493670886076 0.031645569620253444 0.026582278481012633
0 0.21516455696202513 0.4094810126582279 0.03670886075949353 0.03164556962025317
0 0.6980759493670885 0.38606329113924054 0.027848101265822822 0.03544303797468357
0 0.7259240506329114 0.3885949367088607 0.032911392405063356 0.027848101265822767
0 0.5879493670886076 0.36834177215189867 0.02278481012658229 0.027848101265822767
0 0.6101012658227848 0.3689746835443038 0.02405063291139231 0.021518987341772156
0 0.45693670886075943 0.36897468354430374 0.029113924050632844 0.026582278481012633
0 0.482253164556962 0.370873417721519 0.026582278481012578 0.025316455696202556
0 0.30187341772151904 0.360746835443038 0.020253164556962022 0.01772151898734181
0 0.32908860759493663 0.3620126582278481 0.02405063291139231 0.027848101265822767
0 0.3980759493670885 0.3563164556962025 0.025316455696202556 0.026582278481012633
0 0.41832911392405053 0.3563164556962025 0.025316455696202556 0.029113924050632956
0 0.7841518987341771 0.3601139240506329 0.017721518987341867 0.01898734177215189
0 0.8006075949367087 0.360746835443038 0.015189873417721378 0.022784810126582233