0 0.1065696202531646 0.5209367088607595 0.03670886075949363 0.036708860759493755
0 0.07302531645569627 0.5152405063291139 0.04303797468354424 0.0430379746835442
0 0.43441772151898744 0.5500506329113923 0.031645569620253444 0.02658227848101269
0 0.40783544303797487 0.5475189873417722 0.03670886075949353 0.03164556962025311
0 0.03505063291139248 0.5886582278481013 0.022784810126582327 0.02784810126582271
0 0.012898734177215205 0.5880253164556962 0.024050632911392426 0.021518987341772045
0 0.16606329113924057 0.5880253164556962 0.029113924050632817 0.026582278481012578
0 0.14074683544303804 0.586126582278481 0.026582278481012633 0.025316455696202445
0 0.321126582278481 0.596253164556962 0.020253164556962022 0.017721518987341756
0 0.29391139240506337 0.5949873417721518 0.02405063291139231 0.027848101265822822
0 0.2249240506329115 0.6006835443037974 0.025316455696202528 0.02658227848101269
0 0.20467088607594947 0.6006835443037974 0.025316455696202528 0.029113924050632956