0 0.021310126582278377 0.40401265822784815 0.042620253164556754 0.08227848101265822
0 0.9774303797468354 0.5179367088607595 0.036708860759493644 0.036708860759493644
0 0.9947278481012658 0.512240506329114 0.010544303797468402 0.0430379746835442
0 0.6495822784810126 0.5470506329113924 0.03164556962025333 0.02658227848101269
0 0.6761645569620252 0.5445189873417722 0.03670886075949342 0.03164556962025322
0 0.9179367088607594 0.5850253164556962 0.029113924050632844 0.02658227848101269
0 0.943253164556962 0.583126582278481 0.026582278481012578 0.025316455696202667
0 0.7628734177215191 0.5932531645569621 0.020253164556962022 0.017721518987341756
0 0.7900886075949366 0.591987341772152 0.02405063291139231 0.027848101265822822
0 0.8590759493670885 0.5976835443037974 0.025316455696202556 0.026582278481012578
0 0.8793291139240506 0.5976835443037974 0.025316455696202445 0.029113924050632844