0 0.9846898734177216 0.5799873417721519 0.030620253164556743 0.08227848101265833
0 0.0345696202531646 0.4660632911392405 0.03670886075949363 0.0367088607594937
0 0.011272151898734194 0.4717594936708861 0.022544303797468388 0.043037974683544256
0 0.36241772151898743 0.4369493670886076 0.031645569620253444 0.02658227848101269
0 0.33583544303797486 0.4394810126582278 0.03670886075949353 0.03164556962025317
0 0.09406329113924056 0.39897468354430377 0.029113924050632817 0.026582278481012633
0 0.06874683544303803 0.40087341772151897 0.02658227848101262 0.0253164556962025
0 0.249126582278481 0.39074683544303795 0.020253164556962022 0.017721518987341756
0 0.22191139240506333 0.39201265822784814 0.02405063291139231 0.027848101265822767
0 0.15292405063291148 0.38631645569620254 0.025316455696202528 0.026582278481012633
0 0.13267088607594946 0.38631645569620254 0.025316455696202514 0.0291139240506329