0 0.8464303797468354 0.5799367088607594 0.036708860759493644 0.036708860759493755
0 0.8799746835443037 0.5742405063291139 0.04303797468354431 0.04303797468354431
0 0.5185822784810126 0.6090506329113924 0.03164556962025333 0.026582278481012578
0 0.5451645569620251 0.6065189873417721 0.03670886075949342 0.03164556962025311
0 0.9179493670886075 0.6476582278481013 0.0227848101265824 0.027848101265822822
0 0.9401012658227847 0.6470253164556963 0.024050632911392422 0.021518987341772156
0 0.7869367088607594 0.6470253164556962 0.029113924050632844 0.026582278481012578
0 0.812253164556962 0.6451265822784811 0.026582278481012578 0.025316455696202556
0 0.6318734177215191 0.655253164556962 0.020253164556962022 0.017721518987341645
0 0.6590886075949366 0.6539873417721519 0.02405063291139231 0.02784810126582271
0 0.7280759493670885 0.6596835443037975 0.025316455696202667 0.026582278481012578
0 0.7483291139240505 0.6596835443037975 0.025316455696202445 0.029113924050632844