0 0.5874303797468354 0.4860632911392405 0.03670886075949353 0.036708860759493644
0 0.6209746835443037 0.49175949367088606 0.0430379746835442 0.0430379746835442
0 0.25958227848101256 0.4569493670886076 0.031645569620253555 0.02658227848101269
0 0.2861645569620251 0.4594810126582278 0.03670886075949353 0.03164556962025317
0 0.7690759493670886 0.43606329113924047 0.02784810126582271 0.03544303797468357
0 0.7969240506329114 0.43859493670886074 0.032911392405063356 0.027848101265822767
0 0.6589493670886075 0.4183417721518987 0.0227848101265824 0.027848101265822767
0 0.6811012658227849 0.4189746835443038 0.024050632911392422 0.021518987341772156
0 0.5279367088607595 0.4189746835443038 0.029113924050632844 0.026582278481012578
0 0.5532531645569619 0.420873417721519 0.026582278481012578 0.025316455696202556
0 0.372873417721519 0.41074683544303797 0.020253164556962022 0.017721518987341756
0 0.4000886075949367 0.4120126582278481 0.02405063291139231 0.027848101265822822
0 0.4690759493670885 0.40631645569620256 0.025316455696202445 0.026582278481012633
0 0.4893291139240506 0.40631645569620256 0.025316455696202556 0.0291139240506329
0 0.8551518987341772 0.4101139240506329 0.017721518987341867 0.01898734177215189
0 0.8716075949367088 0.4107468354430379 0.015189873417721378 0.022784810126582233