0 0.2905696202531646 0.5179367088607595 0.03670886075949359 0.036708860759493644
0 0.25702531645569626 0.512240506329114 0.0430379746835442 0.0430379746835442
0 0.6184177215189874 0.5470506329113924 0.031645569620253555 0.02658227848101269
0 0.5918354430379749 0.5445189873417722 0.03670886075949342 0.03164556962025322
0 0.10892405063291147 0.5679367088607595 0.027848101265822725 0.03544303797468351
0 0.08107594936708865 0.5654050632911393 0.03291139240506334 0.02784810126582271
0 0.21905063291139248 0.5856582278481013 0.022784810126582344 0.027848101265822933
0 0.1968987341772152 0.5850253164556962 0.024050632911392422 0.021518987341772267
0 0.35006329113924056 0.5850253164556962 0.029113924050632844 0.02658227848101269
0 0.32474683544303806 0.583126582278481 0.026582278481012633 0.025316455696202667
0 0.505126582278481 0.5932531645569621 0.020253164556962022 0.017721518987341756
0 0.47791139240506336 0.591987341772152 0.02405063291139231 0.027848101265822822
0 0.4089240506329115 0.5976835443037974 0.025316455696202556 0.026582278481012578
0 0.38867088607594946 0.5976835443037974 0.025316455696202556 0.029113924050632844
0 0.02284810126582283 0.5938860759493672 0.01772151898734182 0.01898734177215189
0 0.006993670886075961 0.5932531645569621 0.013987341772151923 0.02278481012658229