0 0.1685696202531646 0.5569367088607594 0.036708860759493644 0.036708860759493644
0 0.13502531645569626 0.5512405063291139 0.04303797468354424 0.0430379746835442
0 0.49641772151898744 0.5860506329113924 0.0316455696202535 0.02658227848101269
0 0.46983544303797486 0.5835189873417721 0.03670886075949353 0.03164556962025322
0 0.0004240506329114169 0.6069367088607595 0.0008481012658228338 0.03544303797468351
0 0.09705063291139249 0.6246582278481013 0.02278481012658233 0.02784810126582271
0 0.07489873417721521 0.6240253164556963 0.024050632911392436 0.021518987341772045
0 0.22806329113924056 0.6240253164556963 0.029113924050632817 0.026582278481012578
0 0.20274683544303804 0.6221265822784809 0.026582278481012633 0.025316455696202556
0 0.383126582278481 0.632253164556962 0.020253164556962022 0.017721518987341756
0 0.35591139240506336 0.6309873417721519 0.02405063291139231 0.027848101265822822
0 0.2869240506329115 0.6366835443037975 0.0253164556962025 0.026582278481012578
0 0.26667088607594946 0.6366835443037975 0.025316455696202556 0.029113924050633067