0 0.6935696202531646 0.5079367088607595 0.036708860759493644 0.036708860759493644
0 0.6600253164556963 0.502240506329114 0.04303797468354431 0.0430379746835442
0 0.988240506329114 0.5345189873417722 0.023518987341771935 0.03164556962025322
0 0.5119240506329115 0.5579367088607595 0.02784810126582271 0.03544303797468351
0 0.48407594936708864 0.5554050632911393 0.0329113924050633 0.02784810126582271
0 0.6220506329113924 0.5756582278481013 0.02278481012658229 0.027848101265822822
0 0.5998987341772153 0.5750253164556962 0.024050632911392422 0.021518987341772267
0 0.7530632911392405 0.5750253164556962 0.029113924050632844 0.026582278481012578
0 0.7277468354430381 0.573126582278481 0.02658227848101269 0.025316455696202667
0 0.908126582278481 0.5832531645569621 0.020253164556962022 0.017721518987341867
0 0.8809113924050633 0.581987341772152 0.02405063291139231 0.027848101265822822
0 0.8119240506329115 0.5876835443037974 0.025316455696202556 0.026582278481012578
0 0.7916708860759494 0.5876835443037975 0.025316455696202556 0.029113924050632956
0 0.42584810126582284 0.5838860759493671 0.01772151898734181 0.01898734177215189
0 0.4093924050632912 0.5832531645569621 0.015189873417721378 0.02278481012658229