0 0.6565696202531646 0.44306329113924053 0.036708860759493644 0.036708860759493644
0 0.6230253164556963 0.4487594936708861 0.04303797468354431 0.043037974683544256
0 0.9842974683544303 0.41394936708860763 0.031405063291139346 0.026582278481012633
0 0.957835443037975 0.4164810126582279 0.03670886075949353 0.03164556962025317
0 0.4749240506329115 0.3930632911392405 0.02784810126582271 0.03544303797468351
0 0.4470759493670886 0.3955949367088607 0.0329113924050633 0.027848101265822767
0 0.5850506329113925 0.3753417721518987 0.0227848101265824 0.027848101265822767
0 0.5628987341772151 0.37597468354430374 0.024050632911392422 0.0215189873417721
0 0.7160632911392406 0.37597468354430374 0.029113924050632733 0.026582278481012633
0 0.690746835443038 0.377873417721519 0.026582278481012578 0.025316455696202556
0 0.871126582278481 0.36774683544303793 0.020253164556962022 0.017721518987341756
0 0.8439113924050633 0.3690126582278481 0.02405063291139231 0.027848101265822767
0 0.7749240506329115 0.3633164556962025 0.025316455696202445 0.026582278481012578
0 0.7546708860759495 0.3633164556962025 0.025316455696202445 0.029113924050632956
0 0.3888481012658228 0.3671139240506329 0.01772151898734181 0.018987341772151833
0 0.3723924050632912 0.36774683544303793 0.015189873417721433 0.02278481012658229