0 0.9831898734177216 0.4090126582278481 0.033620253164556746 0.08227848101265833
0 0.0315696202531646 0.5229367088607595 0.03670886075949363 0.036708860759493755
0 0.009772151898734194 0.5172405063291139 0.01954430379746839 0.0430379746835442
0 0.35941772151898743 0.5520506329113923 0.031645569620253444 0.02658227848101269
0 0.33283544303797485 0.5495189873417722 0.03670886075949353 0.03164556962025311
0 0.09106329113924057 0.5900253164556962 0.029113924050632817 0.026582278481012578
0 0.06574683544303803 0.588126582278481 0.02658227848101262 0.025316455696202445
0 0.246126582278481 0.598253164556962 0.020253164556962022 0.017721518987341756
0 0.21891139240506333 0.5969873417721518 0.02405063291139231 0.027848101265822822
0 0.14992405063291148 0.6026835443037974 0.025316455696202528 0.02658227848101269
0 0.12967088607594945 0.6026835443037974 0.025316455696202514 0.029113924050632956