0 0.5004303797468354 0.4920632911392405 0.036708860759493644 0.036708860759493644
0 0.5339746835443038 0.49775949367088607 0.0430379746835442 0.0430379746835442
0 0.17258227848101254 0.4629493670886076 0.031645569620253444 0.02658227848101269
0 0.19916455696202512 0.46548101265822783 0.03670886075949353 0.03164556962025317
0 0.6820759493670886 0.4420632911392405 0.02784810126582271 0.03544303797468357
0 0.7099240506329114 0.44459493670886074 0.032911392405063356 0.027848101265822767
0 0.5719493670886076 0.4243417721518987 0.0227848101265824 0.027848101265822767
0 0.5941012658227848 0.4249746835443038 0.02405063291139231 0.021518987341772156
0 0.4409367088607594 0.4249746835443038 0.029113924050632844 0.026582278481012578
0 0.466253164556962 0.426873417721519 0.026582278481012578 0.025316455696202556
0 0.28587341772151903 0.4167468354430379 0.020253164556962022 0.01772151898734181
0 0.3130886075949366 0.4180126582278481 0.02405063291139231 0.027848101265822822
0 0.3820759493670885 0.41231645569620257 0.025316455696202556 0.026582278481012633
0 0.4023291139240505 0.4123164556962025 0.025316455696202556 0.029113924050632956
0 0.7681518987341771 0.4161139240506329 0.017721518987341756 0.01898734177215189
0 0.7846075949367087 0.4167468354430379 0.015189873417721378 0.022784810126582233