0 0.0685696202531646 0.4240632911392406 0.03670886075949364 0.0367088607594937
0 0.03502531645569627 0.42975949367088606 0.043037974683544235 0.0430379746835442
0 0.39641772151898746 0.3949493670886076 0.0316455696202535 0.02658227848101269
0 0.3698354430379749 0.3974810126582279 0.03670886075949353 0.03164556962025317
0 0.004221518987341824 0.35634177215189866 0.008443037974683648 0.027848101265822767
0 0.12806329113924056 0.3569746835443038 0.02911392405063283 0.026582278481012578
0 0.10274683544303803 0.358873417721519 0.02658227848101262 0.025316455696202556
0 0.28312658227848103 0.348746835443038 0.020253164556962022 0.017721518987341756
0 0.25591139240506333 0.3500126582278481 0.02405063291139231 0.027848101265822822
0 0.18692405063291145 0.3443164556962025 0.025316455696202528 0.026582278481012633
0 0.16667088607594943 0.3443164556962025 0.025316455696202528 0.0291139240506329