0 0.3075696202531646 0.5629367088607594 0.036708860759493644 0.036708860759493644
0 0.2740253164556963 0.5572405063291139 0.0430379746835442 0.0430379746835442
0 0.6354177215189873 0.5920506329113924 0.031645569620253444 0.02658227848101269
0 0.6088354430379748 0.5895189873417721 0.03670886075949353 0.03164556962025322
0 0.12592405063291148 0.6129367088607595 0.027848101265822725 0.03544303797468351
0 0.09807594936708863 0.6104050632911393 0.03291139240506334 0.027848101265822822
0 0.2360506329113925 0.6306582278481013 0.022784810126582317 0.02784810126582271
0 0.2138987341772152 0.6300253164556961 0.024050632911392422 0.021518987341772156
0 0.3670632911392405 0.6300253164556963 0.02911392405063279 0.026582278481012578
0 0.3417468354430381 0.628126582278481 0.026582278481012633 0.025316455696202556
0 0.5221265822784811 0.638253164556962 0.020253164556962022 0.017721518987341867
0 0.4949113924050633 0.6369873417721519 0.02405063291139231 0.027848101265822822
0 0.4259240506329115 0.6426835443037975 0.0253164556962025 0.02658227848101269
0 0.4056708860759495 0.6426835443037975 0.0253164556962025 0.029113924050633067
0 0.03984810126582283 0.6388860759493671 0.017721518987341825 0.018987341772152
0 0.02339240506329122 0.638253164556962 0.015189873417721399 0.02278481012658229