0 0.6754303797468354 0.5629367088607594 0.036708860759493644 0.036708860759493644
0 0.7089746835443037 0.5572405063291139 0.04303797468354431 0.0430379746835442
0 0.3475822784810126 0.5920506329113924 0.031645569620253444 0.02658227848101269
0 0.37416455696202516 0.5895189873417721 0.03670886075949353 0.03164556962025322
0 0.8570759493670885 0.6129367088607595 0.02784810126582271 0.03544303797468351
0 0.8849240506329114 0.6104050632911393 0.032911392405063244 0.027848101265822822
0 0.7469493670886076 0.6306582278481013 0.02278481012658229 0.02784810126582271
0 0.7691012658227847 0.6300253164556961 0.024050632911392422 0.021518987341772156
0 0.6159367088607595 0.6300253164556963 0.029113924050632733 0.026582278481012578
0 0.641253164556962 0.628126582278481 0.026582278481012578 0.025316455696202556
0 0.46087341772151896 0.638253164556962 0.020253164556962022 0.017721518987341867
0 0.48808860759493666 0.6369873417721519 0.02405063291139231 0.027848101265822822
0 0.5570759493670885 0.6426835443037975 0.025316455696202556 0.02658227848101269
0 0.5773291139240505 0.6426835443037975 0.025316455696202445 0.029113924050633067
0 0.9431518987341772 0.6388860759493671 0.017721518987341867 0.018987341772152
0 0.9596075949367088 0.638253164556962 0.015189873417721378 0.02278481012658229