0 0.7924303797468354 0.4500632911392405 0.036708860759493644 0.0367088607594937
0 0.8259746835443037 0.4557594936708861 0.04303797468354431 0.043037974683544256
0 0.4645822784810126 0.4209493670886076 0.031645569620253444 0.02658227848101269
0 0.4911645569620251 0.42348101265822785 0.03670886075949342 0.03164556962025322
0 0.9740759493670885 0.4000632911392405 0.02784810126582271 0.03544303797468351
0 0.9927341772151899 0.4025949367088607 0.014531645569620277 0.027848101265822767
0 0.8639493670886076 0.3823417721518987 0.02278481012658229 0.027848101265822767
0 0.8861012658227847 0.38297468354430375 0.024050632911392422 0.0215189873417721
0 0.7329367088607595 0.38297468354430375 0.029113924050632733 0.026582278481012633
0 0.758253164556962 0.38487341772151895 0.026582278481012578 0.0253164556962025
0 0.577873417721519 0.37474683544303794 0.020253164556962133 0.017721518987341756
0 0.6050886075949367 0.37601265822784813 0.02405063291139231 0.027848101265822767
0 0.6740759493670885 0.37031645569620253 0.025316455696202556 0.026582278481012578
0 0.6943291139240506 0.37031645569620253 0.025316455696202556 0.029113924050632956