0 0.2615696202531646 0.5699367088607594 0.036708860759493644 0.036708860759493755
0 0.2280253164556963 0.5642405063291139 0.04303797468354423 0.04303797468354431
0 0.5894177215189875 0.5990506329113924 0.031645569620253444 0.026582278481012578
0 0.562835443037975 0.5965189873417721 0.03670886075949353 0.03164556962025311
0 0.07992405063291147 0.6199367088607595 0.027848101265822725 0.03544303797468362
0 0.05207594936708864 0.6174050632911393 0.03291139240506334 0.02784810126582271
0 0.1900506329113925 0.6376582278481013 0.022784810126582344 0.027848101265822822
0 0.1678987341772152 0.6370253164556963 0.024050632911392422 0.021518987341772156
0 0.3210632911392406 0.6370253164556962 0.02911392405063279 0.026582278481012578
0 0.29574683544303804 0.6351265822784811 0.026582278481012578 0.025316455696202556
0 0.47612658227848104 0.6452531645569621 0.020253164556961967 0.017721518987341756
0 0.44891139240506334 0.6439873417721519 0.02405063291139231 0.02784810126582271
0 0.37992405063291146 0.6496835443037975 0.0253164556962025 0.026582278481012578
0 0.35967088607594944 0.6496835443037975 0.0253164556962025 0.029113924050632844
0 0.0013544303797468728 0.6458860759493671 0.0027088607594937457 0.018987341772151778