0 0.5245696202531646 0.5079367088607595 0.036708860759493644 0.036708860759493644
0 0.49102531645569625 0.502240506329114 0.043037974683544256 0.0430379746835442
0 0.8524177215189874 0.5370506329113924 0.031645569620253555 0.02658227848101269
0 0.8258354430379748 0.5345189873417722 0.03670886075949353 0.03164556962025322
0 0.3429240506329115 0.5579367088607595 0.02784810126582271 0.03544303797468351
0 0.31507594936708866 0.5554050632911393 0.032911392405063356 0.02784810126582271
0 0.45305063291139247 0.5756582278481013 0.022784810126582344 0.027848101265822822
0 0.4308987341772152 0.5750253164556962 0.024050632911392422 0.021518987341772267
0 0.5840632911392406 0.5750253164556962 0.029113924050632844 0.026582278481012578
0 0.558746835443038 0.573126582278481 0.026582278481012578 0.025316455696202667
0 0.7391265822784809 0.5832531645569621 0.020253164556962022 0.017721518987341867
0 0.7119113924050633 0.581987341772152 0.02405063291139231 0.027848101265822822
0 0.6429240506329115 0.5876835443037974 0.025316455696202445 0.026582278481012578
0 0.6226708860759494 0.5876835443037975 0.025316455696202445 0.029113924050632956
0 0.2568481012658228 0.5838860759493671 0.01772151898734181 0.01898734177215189
0 0.24039240506329124 0.5832531645569621 0.015189873417721406 0.02278481012658229