0 0.021145569620253102 0.4832025316455696 0.042291139240506204 0.051898734177215244
0 0.06317721518987335 0.4844683544303797 0.05443037974683562 0.05443037974683551
0 0.3017848101265822 0.45408860759493674 0.05822784810126591 0.051898734177215244
0 0.3536835443037974 0.4445949367088608 0.0582278481012658 0.06075949367088607
0 0.539759493670886 0.5287721518987342 0.03797468354430367 0.04177215189873418
0 0.5688734177215189 0.5268734177215191 0.0303797468354432 0.03544303797468362
0 0.35621518987341766 0.5901645569620253 0.027848101265822822 0.027848101265822822
0 0.37963291139240496 0.5882658227848101 0.026582278481012578 0.024050632911392422
0 0.22330379746835438 0.6116835443037975 0.025316455696202445 0.02025316455696191
0 0.24292405063291123 0.6085189873417722 0.029113924050633067 0.021518987341772156
0 0.18659493670886068 0.6224430379746835 0.022784810126582067 0.021518987341772156
0 0.12456962025316448 0.6224430379746836 0.0278481012658226 0.02405063291139231
0 0.14102531645569605 0.6218101265822784 0.0227848101265824 0.020253164556962022
0 0.446 0.5925 0.029999999999999916 0.027000000000000024
0 0.46649999999999997 0.5920000000000001 0.02300000000000002 0.027999999999999914
0 0.593 0.613 0.020000000000000018 0.018000000000000016
0 0.608 0.611 0.020000000000000018 0.02200000000000002
0 0.631 0.5765 0.02400000000000002 0.02499999999999991
0 0.655 0.5770000000000001 0.028000000000000025 0.026000000000000023
0 0.6819999999999999 0.6145 0.020000000000000018 0.017000000000000015