0 0.6920253164556962 0.4532025316455697 0.050632911392405 0.051898734177215244
0 0.6458227848101267 0.45446835443037975 0.05443037974683551 0.0544303797468354
0 0.40721518987341776 0.4240886075949367 0.058227848101265856 0.051898734177215244
0 0.3553164556962026 0.4145949367088608 0.058227848101265745 0.06075949367088607
0 0.169240506329114 0.4987721518987342 0.03797468354430372 0.04177215189873429
0 0.14012658227848107 0.49687341772151905 0.030379746835443144 0.03544303797468351
0 0.35278481012658236 0.5601645569620253 0.027848101265822878 0.027848101265822822
0 0.329367088607595 0.5582658227848101 0.026582278481012578 0.024050632911392422
0 0.4856962025316456 0.5816835443037975 0.0253164556962025 0.020253164556962022
0 0.46607594936708874 0.5785189873417722 0.029113924050633067 0.021518987341772156
0 0.5224050632911394 0.5924430379746836 0.022784810126582067 0.021518987341772045
0 0.5844303797468355 0.5924430379746836 0.0278481012658226 0.02405063291139231
0 0.567974683544304 0.5918101265822785 0.02278481012658251 0.02025316455696191
0 0.263 0.5625 0.030000000000000027 0.027000000000000135
0 0.2425 0.562 0.022999999999999993 0.028000000000000025
0 0.11599999999999999 0.5830000000000001 0.020000000000000004 0.018000000000000016
0 0.101 0.5810000000000001 0.020000000000000004 0.02200000000000002
0 0.078 0.5465 0.023999999999999994 0.02499999999999991
0 0.054000000000000006 0.547 0.028000000000000004 0.026000000000000023
0 0.027 0.5845 0.019999999999999997 0.016999999999999904