0 0.8712151898734177 0.5809113924050633 0.0582278481012658 0.051898734177215244
0 0.8193164556962026 0.5904050632911393 0.05822784810126569 0.06075949367088607
0 0.633240506329114 0.5062278481012659 0.03797468354430378 0.04177215189873429
0 0.6041265822784812 0.508126582278481 0.03037974683544309 0.03544303797468351
0 0.8167848101265823 0.4448354430379746 0.027848101265822933 0.027848101265822767
0 0.793367088607595 0.4467341772151898 0.02658227848101269 0.024050632911392367
0 0.9496962025316456 0.4233164556962025 0.025316455696202556 0.020253164556962022
0 0.9300759493670887 0.42648101265822785 0.029113924050632956 0.021518987341772156
0 0.9864050632911394 0.41255696202531644 0.022784810126582067 0.021518987341772156
0 0.727 0.4425 0.030000000000000027 0.02700000000000008
0 0.7064999999999999 0.443 0.02300000000000002 0.028000000000000025
0 0.58 0.422 0.020000000000000018 0.018000000000000016
0 0.565 0.424 0.019999999999999907 0.02200000000000002
0 0.542 0.4585 0.02400000000000002 0.024999999999999967
0 0.518 0.45799999999999996 0.028000000000000025 0.025999999999999968
0 0.491 0.4205 0.020000000000000018 0.017000000000000015