0 0.3919746835443037 0.5687974683544303 0.050632911392405 0.051898734177215244
0 0.43817721518987335 0.5675316455696202 0.05443037974683562 0.0544303797468354
0 0.6767848101265822 0.5979113924050633 0.05822784810126591 0.051898734177215244
0 0.7286835443037973 0.6074050632911392 0.0582278481012658 0.06075949367088607
0 0.914759493670886 0.5232278481012658 0.03797468354430367 0.04177215189873429
0 0.9438734177215189 0.525126582278481 0.03037974683544309 0.03544303797468351
0 0.7312151898734176 0.46183544303797464 0.027848101265822822 0.027848101265822767
0 0.754632911392405 0.46373417721518984 0.026582278481012578 0.024050632911392367
0 0.5983037974683544 0.44031645569620254 0.025316455696202445 0.020253164556962022
0 0.6179240506329113 0.44348101265822787 0.029113924050632956 0.021518987341772156
0 0.5615949367088606 0.42955696202531646 0.022784810126582067 0.02151898734177221
0 0.4995696202531645 0.42955696202531646 0.0278481012658226 0.024050632911392367
0 0.516025316455696 0.4301898734177215 0.0227848101265824 0.020253164556962022
0 0.821 0.4595 0.029999999999999916 0.027000000000000024
0 0.8414999999999999 0.45999999999999996 0.02300000000000002 0.02799999999999997
0 0.968 0.439 0.020000000000000018 0.018000000000000016
0 0.983 0.441 0.020000000000000018 0.02200000000000002
0 0.997 0.47550000000000003 0.006000000000000005 0.024999999999999967