0 0.2769746835443037 0.5787974683544304 0.050632911392405 0.051898734177215244
0 0.3231772151898733 0.5775316455696202 0.05443037974683551 0.0544303797468354
0 0.5617848101265822 0.6079113924050633 0.05822784810126591 0.051898734177215244
0 0.6136835443037973 0.6174050632911392 0.0582278481012658 0.06075949367088607
0 0.7997594936708861 0.5332278481012658 0.03797468354430367 0.04177215189873429
0 0.8288734177215189 0.535126582278481 0.0303797468354432 0.03544303797468351
0 0.6162151898734176 0.47183544303797464 0.027848101265822822 0.027848101265822767
0 0.639632911392405 0.47373417721518984 0.026582278481012578 0.024050632911392367
0 0.4833037974683544 0.45031645569620254 0.025316455696202445 0.020253164556962022
0 0.5029240506329112 0.4534810126582278 0.029113924050633067 0.02151898734177221
0 0.44659493670886063 0.43955696202531647 0.022784810126582178 0.02151898734177221
0 0.3845696202531644 0.43955696202531647 0.0278481012658226 0.024050632911392367
0 0.40102531645569606 0.44018987341772153 0.0227848101265824 0.020253164556962022
0 0.706 0.46950000000000003 0.029999999999999916 0.027000000000000024
0 0.7265 0.47 0.02299999999999991 0.02799999999999997
0 0.853 0.449 0.020000000000000018 0.018000000000000016
0 0.868 0.451 0.020000000000000018 0.02200000000000002
0 0.891 0.4855 0.02400000000000002 0.025000000000000022
0 0.915 0.485 0.028000000000000025 0.026000000000000023
0 0.942 0.4475 0.020000000000000018 0.017000000000000015