0 0.4039746835443037 0.5787974683544304 0.050632911392405 0.051898734177215244
0 0.4501772151898733 0.5775316455696202 0.05443037974683551 0.0544303797468354
0 0.6887848101265822 0.6079113924050633 0.05822784810126591 0.051898734177215244
0 0.7406835443037973 0.6174050632911392 0.0582278481012658 0.06075949367088607
0 0.9267594936708861 0.5332278481012658 0.03797468354430367 0.04177215189873429
0 0.9558734177215189 0.535126582278481 0.0303797468354432 0.03544303797468351
0 0.7432151898734176 0.47183544303797464 0.027848101265822822 0.027848101265822767
0 0.766632911392405 0.47373417721518984 0.026582278481012578 0.024050632911392367
0 0.6103037974683544 0.45031645569620254 0.025316455696202445 0.020253164556962022
0 0.6299240506329112 0.4534810126582278 0.029113924050633067 0.02151898734177221
0 0.5735949367088606 0.43955696202531647 0.022784810126581956 0.02151898734177221
0 0.5115696202531644 0.43955696202531647 0.02784810126582271 0.024050632911392367
0 0.5280253164556961 0.44018987341772153 0.0227848101265824 0.020253164556962022
0 0.833 0.46950000000000003 0.029999999999999916 0.027000000000000024
0 0.8534999999999999 0.47 0.02300000000000002 0.02799999999999997
0 0.98 0.449 0.020000000000000018 0.018000000000000016
0 0.9924999999999999 0.451 0.015000000000000013 0.02200000000000002