0 0.0011455696202531396 0.5317974683544303 0.002291139240506279 0.051898734177215244
0 0.025196202531645562 0.5305316455696203 0.050392405063291124 0.0544303797468354
0 0.2617848101265822 0.5609113924050633 0.0582278481012658 0.051898734177215244
0 0.3136835443037974 0.5704050632911393 0.05822784810126569 0.06075949367088607
0 0.49975949367088596 0.48622784810126585 0.03797468354430367 0.04177215189873423
0 0.5288734177215189 0.48812658227848094 0.03037974683544309 0.03544303797468351
0 0.3162151898734176 0.4248354430379747 0.027848101265822822 0.027848101265822767
0 0.339632911392405 0.4267341772151899 0.02658227848101269 0.024050632911392367
0 0.1833037974683544 0.4033164556962025 0.025316455696202556 0.020253164556962022
0 0.20292405063291125 0.40648101265822784 0.029113924050632956 0.021518987341772156
0 0.14659493670886065 0.3925569620253164 0.022784810126582067 0.021518987341772156
0 0.08456962025316445 0.3925569620253164 0.0278481012658226 0.024050632911392367
0 0.10102531645569601 0.3931898734177215 0.0227848101265824 0.020253164556962022
0 0.406 0.4225 0.030000000000000027 0.02700000000000008
0 0.4265 0.423 0.02299999999999991 0.028000000000000025
0 0.5529999999999999 0.402 0.020000000000000018 0.01799999999999996
0 0.5680000000000001 0.404 0.020000000000000018 0.021999999999999964
0 0.591 0.4385 0.02400000000000002 0.025000000000000022
0 0.615 0.438 0.028000000000000025 0.026000000000000023
0 0.642 0.40049999999999997 0.020000000000000018 0.01699999999999996