0 0.5929746835443037 0.43320253164556966 0.050632911392405 0.051898734177215244
0 0.6391772151898734 0.43446835443037973 0.05443037974683562 0.0544303797468354
0 0.8777848101265822 0.4040886075949367 0.0582278481012658 0.051898734177215244
0 0.9296835443037974 0.3945949367088608 0.05822784810126569 0.060759493670885956
0 0.9322151898734177 0.5401645569620254 0.027848101265822933 0.02784810126582271
0 0.955632911392405 0.5382658227848102 0.026582278481012578 0.02405063291139231
0 0.7993037974683543 0.5616835443037975 0.025316455696202556 0.020253164556962022
0 0.8189240506329112 0.5585189873417722 0.029113924050632956 0.021518987341772156
0 0.7625949367088607 0.5724430379746837 0.022784810126582067 0.021518987341772156
0 0.7005696202531644 0.5724430379746835 0.0278481012658226 0.02405063291139231
0 0.7170253164556961 0.5718101265822785 0.02278481012658251 0.02025316455696191