0 0.3969746835443037 0.5337974683544303 0.050632911392405 0.051898734177215244
0 0.4431772151898733 0.5325316455696203 0.05443037974683551 0.0544303797468354
0 0.6817848101265822 0.5629113924050633 0.0582278481012658 0.051898734177215244
0 0.7336835443037975 0.5724050632911393 0.05822784810126569 0.06075949367088607
0 0.9197594936708859 0.48822784810126585 0.03797468354430367 0.04177215189873423
0 0.948873417721519 0.49012658227848094 0.03037974683544309 0.03544303797468351
0 0.7362151898734177 0.4268354430379747 0.027848101265822822 0.027848101265822767
0 0.759632911392405 0.4287341772151899 0.02658227848101269 0.024050632911392367
0 0.6033037974683544 0.4053164556962025 0.025316455696202667 0.020253164556962022
0 0.6229240506329112 0.40848101265822784 0.029113924050633067 0.021518987341772156
0 0.5665949367088606 0.3945569620253164 0.022784810126582178 0.021518987341772156
0 0.5045696202531644 0.3945569620253164 0.0278481012658226 0.024050632911392367
0 0.5210253164556959 0.3951898734177215 0.02278481012658251 0.020253164556962022
0 0.826 0.4245 0.030000000000000027 0.02700000000000008
0 0.8465 0.425 0.02300000000000002 0.028000000000000025
0 0.973 0.404 0.020000000000000018 0.01799999999999996
0 0.988 0.406 0.020000000000000018 0.021999999999999964
0 0.9995 0.4405 0.0010000000000000009 0.025000000000000022