0 0.6439746835443038 0.5417974683544303 0.05063291139240511 0.051898734177215244
0 0.6901772151898733 0.5405316455696203 0.05443037974683562 0.0544303797468354
0 0.9287848101265822 0.5709113924050633 0.05822784810126591 0.051898734177215244
0 0.9757848101265822 0.5804050632911393 0.048430379746835506 0.06075949367088607
0 0.9832151898734176 0.43483544303797467 0.027848101265822822 0.027848101265822822
0 0.9966708860759493 0.4367341772151899 0.006658227848101328 0.024050632911392367
0 0.8503037974683544 0.4133164556962025 0.025316455696202445 0.020253164556962022
0 0.8699240506329112 0.41648101265822784 0.029113924050633067 0.021518987341772156
0 0.8135949367088606 0.40255696202531643 0.022784810126582067 0.021518987341772156
0 0.7515696202531644 0.40255696202531643 0.02784810126582271 0.024050632911392367
0 0.768025316455696 0.4031898734177215 0.0227848101265824 0.020253164556962022