0 0.18997468354430375 0.5307974683544303 0.050632911392405 0.051898734177215244
0 0.23617721518987334 0.5295316455696202 0.05443037974683551 0.0544303797468354
0 0.47478481012658225 0.5599113924050633 0.05822784810126591 0.051898734177215244
0 0.5266835443037974 0.5694050632911392 0.05822784810126569 0.06075949367088607
0 0.712759493670886 0.48522784810126585 0.03797468354430378 0.04177215189873423
0 0.7418734177215189 0.48712658227848094 0.0303797468354432 0.03544303797468351
0 0.5292151898734176 0.4238354430379747 0.027848101265822933 0.027848101265822767
0 0.552632911392405 0.4257341772151899 0.026582278481012578 0.024050632911392367
0 0.39630379746835437 0.4023164556962025 0.025316455696202556 0.020253164556962022
0 0.41592405063291127 0.4054810126582279 0.029113924050633067 0.02151898734177221
0 0.3595949367088606 0.3915569620253164 0.022784810126582067 0.021518987341772156
0 0.2975696202531644 0.3915569620253164 0.0278481012658226 0.024050632911392367
0 0.31402531645569604 0.3921898734177215 0.02278481012658251 0.020253164556962022
0 0.619 0.4215 0.030000000000000027 0.02700000000000008
0 0.6395 0.422 0.02300000000000002 0.028000000000000025
0 0.766 0.401 0.020000000000000018 0.01799999999999996
0 0.781 0.403 0.020000000000000018 0.021999999999999964
0 0.804 0.4375 0.02400000000000002 0.025000000000000022
0 0.8280000000000001 0.437 0.027999999999999914 0.026000000000000023
0 0.855 0.39949999999999997 0.020000000000000018 0.01699999999999996