0 0.3499746835443037 0.5327974683544303 0.05063291139240511 0.051898734177215244
0 0.3961772151898733 0.5315316455696202 0.05443037974683562 0.0544303797468354
0 0.6347848101265822 0.5619113924050633 0.05822784810126591 0.051898734177215244
0 0.6866835443037975 0.5714050632911392 0.0582278481012658 0.06075949367088607
0 0.872759493670886 0.48722784810126585 0.03797468354430378 0.04177215189873423
0 0.9018734177215189 0.48912658227848094 0.03037974683544309 0.03544303797468351
0 0.6892151898734177 0.4258354430379747 0.02784810126582271 0.027848101265822767
0 0.712632911392405 0.4277341772151899 0.02658227848101269 0.024050632911392367
0 0.5563037974683545 0.4043164556962025 0.025316455696202556 0.020253164556962022
0 0.5759240506329113 0.40748101265822784 0.029113924050633067 0.021518987341772156
0 0.5195949367088606 0.3935569620253164 0.022784810126582067 0.021518987341772156
0 0.45756962025316444 0.3935569620253164 0.0278481012658226 0.024050632911392367
0 0.474025316455696 0.3941898734177215 0.0227848101265824 0.020253164556962022
0 0.779 0.4235 0.030000000000000027 0.02700000000000008
0 0.7995 0.424 0.02299999999999991 0.028000000000000025
0 0.9259999999999999 0.403 0.019999999999999907 0.01799999999999996
0 0.9410000000000001 0.405 0.019999999999999907 0.021999999999999964
0 0.964 0.4395 0.02400000000000002 0.025000000000000022
0 0.987 0.439 0.026000000000000023 0.026000000000000023