0 0.42097468354430373 0.5497974683544303 0.050632911392405 0.051898734177215244
0 0.4671772151898733 0.5485316455696203 0.05443037974683551 0.0544303797468354
0 0.7057848101265822 0.5789113924050633 0.0582278481012658 0.051898734177215244
0 0.7576835443037975 0.5884050632911393 0.0582278481012658 0.06075949367088607
0 0.943759493670886 0.5042278481012659 0.03797468354430367 0.04177215189873429
0 0.9728734177215189 0.506126582278481 0.0303797468354432 0.03544303797468351
0 0.7602151898734177 0.4428354430379747 0.027848101265822822 0.027848101265822822
0 0.783632911392405 0.4447341772151899 0.026582278481012578 0.024050632911392422
0 0.6273037974683544 0.4213164556962025 0.025316455696202556 0.020253164556962022
0 0.6469240506329113 0.42448101265822785 0.029113924050633067 0.021518987341772156
0 0.5905949367088607 0.41055696202531644 0.022784810126582178 0.021518987341772156
0 0.5285696202531645 0.41055696202531644 0.02784810126582249 0.024050632911392367
0 0.545025316455696 0.4111898734177215 0.02278481012658251 0.020253164556962022
0 0.85 0.4405 0.030000000000000027 0.02700000000000008
0 0.8705 0.441 0.02300000000000002 0.028000000000000025
0 0.9935 0.42 0.013000000000000012 0.018000000000000016