0 0.2159746835443037 0.5367974683544303 0.05063291139240511 0.051898734177215244
0 0.2621772151898733 0.5355316455696202 0.05443037974683562 0.0544303797468354
0 0.5007848101265823 0.5659113924050633 0.05822784810126591 0.051898734177215244
0 0.5526835443037974 0.5754050632911392 0.05822784810126569 0.06075949367088607
0 0.738759493670886 0.49122784810126585 0.03797468354430378 0.04177215189873423
0 0.767873417721519 0.49312658227848094 0.0303797468354432 0.03544303797468351
0 0.5552151898734177 0.4298354430379747 0.027848101265822933 0.027848101265822767
0 0.578632911392405 0.4317341772151899 0.026582278481012578 0.024050632911392367
0 0.4223037974683544 0.4083164556962025 0.025316455696202556 0.020253164556962022
0 0.44192405063291124 0.41148101265822784 0.029113924050632956 0.021518987341772156
0 0.38559493670886064 0.39755696202531643 0.022784810126582067 0.021518987341772156
0 0.32356962025316444 0.39755696202531643 0.0278481012658226 0.024050632911392367
0 0.34002531645569606 0.3981898734177215 0.02278481012658251 0.020253164556962022
0 0.645 0.4275 0.029999999999999916 0.02700000000000008
0 0.6655 0.428 0.02300000000000002 0.028000000000000025
0 0.792 0.40700000000000003 0.020000000000000018 0.01799999999999996
0 0.8069999999999999 0.40900000000000003 0.020000000000000018 0.021999999999999964
0 0.8300000000000001 0.4435 0.02399999999999991 0.025000000000000022
0 0.854 0.443 0.028000000000000025 0.026000000000000023
0 0.881 0.40549999999999997 0.020000000000000018 0.01699999999999996