0 0.9660253164556962 0.41020253164556963 0.050632911392405 0.051898734177215244
0 0.9198227848101267 0.41146835443037977 0.05443037974683551 0.05443037974683551
0 0.6812151898734178 0.3810886075949367 0.05822784810126591 0.051898734177215244
0 0.6293164556962025 0.37159493670886085 0.0582278481012658 0.06075949367088607
0 0.44324050632911405 0.4557721518987342 0.03797468354430372 0.04177215189873418
0 0.4141265822784811 0.453873417721519 0.030379746835443144 0.03544303797468351
0 0.6267848101265823 0.5171645569620253 0.027848101265822822 0.027848101265822822
0 0.603367088607595 0.5152658227848101 0.026582278481012578 0.024050632911392422
0 0.7596962025316456 0.5386835443037975 0.025316455696202445 0.02025316455696191
0 0.7400759493670888 0.5355189873417721 0.029113924050633067 0.021518987341772156
0 0.7964050632911394 0.5494430379746835 0.022784810126582178 0.021518987341772156
0 0.8584303797468356 0.5494430379746835 0.0278481012658226 0.024050632911392422
0 0.8419746835443039 0.5488101265822785 0.0227848101265824 0.020253164556962022
0 0.537 0.5195 0.030000000000000027 0.026999999999999913
0 0.5165 0.5189999999999999 0.02300000000000002 0.027999999999999914
0 0.39 0.54 0.020000000000000018 0.017999999999999905
0 0.375 0.538 0.020000000000000018 0.02199999999999991
0 0.352 0.5035000000000001 0.023999999999999966 0.025000000000000022
0 0.328 0.504 0.028000000000000025 0.026000000000000023
0 0.301 0.5415 0.020000000000000018 0.017000000000000126