0 0.9793544303797469 0.5437974683544303 0.0412911392405062 0.051898734177215244
0 0.9378227848101266 0.5425316455696203 0.05443037974683562 0.0544303797468354
0 0.6992151898734178 0.5729113924050633 0.05822784810126591 0.051898734177215244
0 0.6473164556962026 0.5824050632911393 0.0582278481012658 0.06075949367088607
0 0.46124050632911395 0.4982278481012658 0.03797468354430372 0.04177215189873429
0 0.4321265822784811 0.500126582278481 0.030379746835443144 0.03544303797468351
0 0.6447848101265823 0.43683544303797467 0.027848101265822822 0.027848101265822822
0 0.621367088607595 0.4387341772151899 0.02658227848101269 0.024050632911392367
0 0.7776962025316456 0.4153164556962025 0.025316455696202445 0.020253164556962022
0 0.7580759493670888 0.41848101265822785 0.029113924050633067 0.021518987341772156
0 0.8144050632911393 0.40455696202531644 0.022784810126582067 0.021518987341772156
0 0.8764303797468356 0.40455696202531644 0.0278481012658226 0.024050632911392367
0 0.859974683544304 0.4051898734177215 0.0227848101265824 0.020253164556962022
0 0.5549999999999999 0.4345 0.029999999999999916 0.02700000000000008
0 0.5345 0.435 0.02300000000000002 0.028000000000000025
0 0.40800000000000003 0.41400000000000003 0.019999999999999962 0.01799999999999996
0 0.393 0.41600000000000004 0.020000000000000018 0.021999999999999964
0 0.37 0.4505 0.02400000000000002 0.025000000000000022
0 0.346 0.45 0.02799999999999997 0.026000000000000023
0 0.319 0.4125 0.020000000000000018 0.01699999999999996