0 0.45402531645569627 0.4762025316455697 0.050632911392405 0.051898734177215244
0 0.4078227848101267 0.47746835443037977 0.05443037974683557 0.0544303797468354
0 0.16921518987341777 0.44708860759493674 0.05822784810126588 0.051898734177215244
0 0.11731645569620258 0.4375949367088608 0.058227848101265745 0.06075949367088607
0 0.11478481012658234 0.5831645569620253 0.027848101265822836 0.02784810126582271
0 0.09136708860759502 0.5812658227848101 0.02658227848101262 0.02405063291139231
0 0.2476962025316456 0.6046835443037974 0.025316455696202528 0.020253164556962022
0 0.22807594936708875 0.6015189873417721 0.02911392405063304 0.021518987341772267
0 0.28440506329113935 0.6154430379746836 0.022784810126582067 0.021518987341772267
0 0.34643037974683555 0.6154430379746836 0.0278481012658226 0.024050632911392422
0 0.3299746835443039 0.6148101265822785 0.022784810126582455 0.020253164556962022
0 0.025 0.5854999999999999 0.03 0.027000000000000024
0 0.008 0.585 0.016 0.028000000000000025