0 0.23997468354430374 0.5807974683544304 0.05063291139240511 0.051898734177215244
0 0.2861772151898733 0.5795316455696202 0.05443037974683562 0.0544303797468354
0 0.5247848101265822 0.6099113924050633 0.0582278481012658 0.051898734177215244
0 0.5766835443037974 0.6194050632911392 0.05822784810126569 0.06075949367088607
0 0.762759493670886 0.5352278481012658 0.03797468354430378 0.04177215189873429
0 0.791873417721519 0.537126582278481 0.03037974683544309 0.03544303797468351
0 0.5792151898734177 0.47383544303797465 0.027848101265822933 0.027848101265822767
0 0.602632911392405 0.47573417721518985 0.026582278481012578 0.024050632911392367
0 0.4463037974683544 0.45231645569620255 0.025316455696202556 0.020253164556962022
0 0.4659240506329112 0.4554810126582278 0.029113924050633067 0.02151898734177221
0 0.40959493670886066 0.44155696202531647 0.022784810126582067 0.02151898734177221
0 0.34756962025316446 0.44155696202531647 0.0278481012658226 0.024050632911392367
0 0.364025316455696 0.44218987341772154 0.0227848101265824 0.020253164556962022
0 0.669 0.47150000000000003 0.029999999999999916 0.027000000000000024
0 0.6895 0.472 0.02300000000000013 0.02799999999999997
0 0.8160000000000001 0.451 0.020000000000000018 0.018000000000000016
0 0.831 0.453 0.020000000000000018 0.02200000000000002
0 0.854 0.4875 0.02400000000000002 0.025000000000000022
0 0.878 0.487 0.028000000000000025 0.026000000000000023
0 0.905 0.4495 0.020000000000000018 0.017000000000000015