0 0.4150253164556963 0.40720253164556963 0.050632911392405056 0.051898734177215244
0 0.36882278481012665 0.40846835443037977 0.05443037974683557 0.05443037974683551
0 0.1302151898734178 0.3780886075949367 0.05822784810126587 0.051898734177215244
0 0.07831645569620259 0.36859493670886084 0.05822784810126575 0.06075949367088607
0 0.07578481012658234 0.5141645569620253 0.027848101265822836 0.02784810126582271
0 0.05236708860759501 0.5122658227848101 0.026582278481012626 0.02405063291139231
0 0.2086962025316456 0.5356835443037975 0.025316455696202528 0.020253164556962133
0 0.18907594936708877 0.5325189873417722 0.02911392405063304 0.021518987341772267
0 0.24540506329113937 0.5464430379746836 0.022784810126582095 0.021518987341772156
0 0.30743037974683557 0.5464430379746835 0.0278481012658226 0.02405063291139231
0 0.290974683544304 0.5458101265822786 0.022784810126582455 0.020253164556962022
0 0.0005 0.5165 0.001 0.027000000000000135