0 0.35797468354430373 0.5707974683544303 0.05063291139240511 0.051898734177215244
0 0.4041772151898733 0.5695316455696202 0.05443037974683562 0.0544303797468354
0 0.6427848101265822 0.5999113924050633 0.05822784810126591 0.051898734177215244
0 0.6946835443037974 0.6094050632911392 0.05822784810126591 0.06075949367088607
0 0.880759493670886 0.5252278481012658 0.03797468354430378 0.04177215189873429
0 0.9098734177215189 0.527126582278481 0.03037974683544309 0.03544303797468351
0 0.6972151898734177 0.46383544303797464 0.02784810126582271 0.027848101265822767
0 0.720632911392405 0.46573417721518984 0.02658227848101269 0.024050632911392367
0 0.5643037974683544 0.44231645569620254 0.025316455696202445 0.020253164556962022
0 0.5839240506329113 0.44548101265822787 0.029113924050633067 0.021518987341772156
0 0.5275949367088606 0.43155696202531646 0.022784810126582067 0.02151898734177221
0 0.46556962025316445 0.43155696202531646 0.0278481012658226 0.024050632911392367
0 0.482025316455696 0.4321898734177215 0.0227848101265824 0.020253164556962022
0 0.787 0.4615 0.030000000000000027 0.027000000000000024
0 0.8075 0.46199999999999997 0.02299999999999991 0.02799999999999997
0 0.9339999999999999 0.441 0.019999999999999907 0.018000000000000016
0 0.9490000000000001 0.443 0.019999999999999907 0.02200000000000002
0 0.972 0.47750000000000004 0.02400000000000002 0.024999999999999967
0 0.991 0.477 0.018000000000000016 0.025999999999999968