0 0.1257848101265822 0.6189113924050633 0.0582278481012658 0.051898734177215244
0 0.1776835443037974 0.6284050632911391 0.05822784810126569 0.06075949367088607
0 0.363759493670886 0.5442278481012658 0.03797468354430378 0.04177215189873418
0 0.39287341772151896 0.546126582278481 0.0303797468354432 0.03544303797468351
0 0.18021518987341767 0.48283544303797465 0.027848101265822933 0.027848101265822767
0 0.20363291139240502 0.48473417721518985 0.026582278481012578 0.024050632911392367
0 0.04730379746835439 0.4613164556962025 0.025316455696202556 0.020253164556962022
0 0.06692405063291124 0.46448101265822783 0.029113924050632956 0.02151898734177221
0 0.010993670886075835 0.4505569620253164 0.02198734177215167 0.021518987341772156
0 0.27 0.48050000000000004 0.030000000000000027 0.027000000000000024
0 0.29050000000000004 0.481 0.02300000000000002 0.02799999999999997
0 0.41700000000000004 0.45999999999999996 0.020000000000000018 0.01799999999999996
0 0.432 0.46199999999999997 0.019999999999999907 0.021999999999999964
0 0.45499999999999996 0.4965 0.02400000000000002 0.025000000000000022
0 0.479 0.496 0.028000000000000025 0.026000000000000023
0 0.506 0.4585 0.020000000000000018 0.017000000000000015