0 0.016645569620253153 0.41620253164556964 0.03329113924050631 0.051898734177215244
0 0.05417721518987334 0.4174683544303798 0.05443037974683562 0.05443037974683551
0 0.2927848101265822 0.3870886075949367 0.05822784810126591 0.051898734177215244
0 0.34468354430379744 0.37759493670886085 0.05822784810126569 0.06075949367088607
0 0.530759493670886 0.46177215189873416 0.03797468354430378 0.04177215189873429
0 0.559873417721519 0.459873417721519 0.03037974683544309 0.03544303797468351
0 0.34721518987341765 0.5231645569620254 0.027848101265822822 0.027848101265822822
0 0.370632911392405 0.5212658227848102 0.02658227848101269 0.024050632911392422
0 0.21430379746835443 0.5446835443037974 0.025316455696202556 0.020253164556962022
0 0.23392405063291122 0.5415189873417721 0.029113924050633067 0.021518987341772156
0 0.17759493670886067 0.5554430379746835 0.022784810126582067 0.021518987341772267
0 0.11556962025316447 0.5554430379746835 0.0278481012658226 0.024050632911392422
0 0.13202531645569604 0.5548101265822785 0.0227848101265824 0.020253164556962133
0 0.437 0.5255 0.029999999999999916 0.026999999999999913
0 0.45749999999999996 0.5249999999999999 0.02300000000000002 0.027999999999999914
0 0.5840000000000001 0.5459999999999999 0.019999999999999907 0.018000000000000016
0 0.599 0.5439999999999999 0.020000000000000018 0.02200000000000002
0 0.622 0.5095000000000001 0.02400000000000002 0.025000000000000022
0 0.6459999999999999 0.51 0.027999999999999914 0.026000000000000023
0 0.673 0.5475 0.020000000000000018 0.017000000000000126