0 0.007696202531645546 0.5805316455696202 0.015392405063291092 0.05443037974683551
0 0.2267848101265822 0.6109113924050633 0.0582278481012658 0.051898734177215244
0 0.27868354430379744 0.6204050632911391 0.0582278481012658 0.06075949367088607
0 0.464759493670886 0.5362278481012659 0.03797468354430378 0.04177215189873429
0 0.49387341772151894 0.538126582278481 0.0303797468354432 0.03544303797468351
0 0.2812151898734177 0.47483544303797465 0.027848101265822822 0.027848101265822767
0 0.304632911392405 0.47673417721518985 0.026582278481012578 0.024050632911392367
0 0.14830379746835437 0.45331645569620255 0.025316455696202556 0.020253164556962022
0 0.16792405063291127 0.4564810126582278 0.029113924050633067 0.02151898734177221
0 0.11159493670886061 0.44255696202531647 0.022784810126582067 0.02151898734177221
0 0.049569620253164415 0.44255696202531647 0.0278481012658226 0.024050632911392367
0 0.06602531645569604 0.44318987341772154 0.02278481012658251 0.020253164556962022
0 0.371 0.47250000000000003 0.030000000000000027 0.027000000000000024
0 0.3915 0.473 0.02300000000000002 0.02799999999999997
0 0.518 0.452 0.020000000000000018 0.018000000000000016
0 0.5329999999999999 0.454 0.019999999999999907 0.02200000000000002
0 0.556 0.4885 0.02400000000000002 0.025000000000000022
0 0.5800000000000001 0.488 0.027999999999999914 0.026000000000000023
0 0.607 0.4505 0.020000000000000018 0.017000000000000015