0 0.35202531645569624 0.42220253164556965 0.050632911392405056 0.051898734177215244
0 0.3058227848101267 0.4234683544303797 0.05443037974683557 0.0544303797468354
0 0.06721518987341779 0.3930886075949367 0.05822784810126586 0.051898734177215244
0 0.022215189873417727 0.38359493670886086 0.044430379746835454 0.06075949367088607
0 0.013354430379746873 0.5291645569620254 0.026708860759493747 0.027848101265822822
0 0.0013291139240506596 0.5272658227848102 0.002658227848101319 0.024050632911392422
0 0.1456962025316456 0.5506835443037974 0.025316455696202528 0.020253164556962022
0 0.12607594936708877 0.5475189873417721 0.02911392405063304 0.021518987341772156
0 0.18240506329113937 0.5614430379746835 0.022784810126582095 0.021518987341772267
0 0.24443037974683557 0.5614430379746835 0.0278481012658226 0.024050632911392422
0 0.22797468354430395 0.5608101265822785 0.022784810126582428 0.020253164556962133