0 0.9793037974683545 0.4224683544303797 0.041392405063291116 0.0544303797468354
0 0.7472151898734178 0.3920886075949367 0.0582278481012658 0.051898734177215244
0 0.6953164556962026 0.38259493670886086 0.05822784810126569 0.06075949367088607
0 0.509240506329114 0.46677215189873417 0.03797468354430378 0.04177215189873429
0 0.48012658227848104 0.464873417721519 0.030379746835443144 0.03544303797468351
0 0.6927848101265823 0.5281645569620254 0.027848101265822933 0.02784810126582271
0 0.6693670886075951 0.5262658227848102 0.02658227848101269 0.02405063291139231
0 0.8256962025316457 0.5496835443037975 0.025316455696202556 0.020253164556962022
0 0.8060759493670888 0.5465189873417722 0.029113924050632956 0.021518987341772267
0 0.8624050632911393 0.5604430379746836 0.022784810126582067 0.021518987341772156
0 0.9244303797468356 0.5604430379746835 0.0278481012658226 0.02405063291139231
0 0.9079746835443039 0.5598101265822785 0.02278481012658251 0.02025316455696191
0 0.603 0.5305 0.030000000000000027 0.027000000000000135
0 0.5825 0.53 0.02300000000000002 0.028000000000000025
0 0.456 0.551 0.020000000000000018 0.018000000000000016
0 0.441 0.549 0.020000000000000018 0.02200000000000002
0 0.41800000000000004 0.5145 0.023999999999999966 0.025000000000000022
0 0.394 0.515 0.02799999999999997 0.026000000000000023
0 0.367 0.5525 0.020000000000000018 0.016999999999999904