0 0.22597468354430372 0.5677974683544303 0.05063291139240511 0.051898734177215244
0 0.2721772151898733 0.5665316455696203 0.05443037974683562 0.0544303797468354
0 0.5107848101265822 0.5969113924050633 0.0582278481012658 0.051898734177215244
0 0.5626835443037974 0.6064050632911391 0.05822784810126569 0.06075949367088607
0 0.748759493670886 0.5222278481012659 0.03797468354430378 0.04177215189873429
0 0.777873417721519 0.524126582278481 0.0303797468354432 0.03544303797468351
0 0.5652151898734177 0.46083544303797463 0.027848101265822933 0.027848101265822767
0 0.588632911392405 0.46273417721518983 0.026582278481012578 0.024050632911392367
0 0.4323037974683544 0.43931645569620253 0.025316455696202556 0.020253164556962022
0 0.45192405063291125 0.44248101265822787 0.029113924050632956 0.021518987341772156
0 0.39559493670886064 0.42855696202531646 0.022784810126582067 0.02151898734177221
0 0.33356962025316444 0.42855696202531646 0.0278481012658226 0.024050632911392367
0 0.350025316455696 0.4291898734177215 0.0227848101265824 0.020253164556962022
0 0.655 0.4585 0.029999999999999916 0.027000000000000024
0 0.6755 0.45899999999999996 0.02300000000000013 0.02799999999999997
0 0.802 0.438 0.020000000000000018 0.018000000000000016
0 0.817 0.44 0.020000000000000018 0.02200000000000002
0 0.8400000000000001 0.47450000000000003 0.02399999999999991 0.024999999999999967
0 0.864 0.474 0.028000000000000025 0.025999999999999968
0 0.891 0.4365 0.020000000000000018 0.017000000000000015