0 0.6400253164556963 0.43220253164556965 0.05063291139240511 0.051898734177215244
0 0.5938227848101267 0.43346835443037973 0.05443037974683562 0.0544303797468354
0 0.3552151898734178 0.4030886075949367 0.058227848101265856 0.051898734177215244
0 0.3033164556962026 0.39359493670886087 0.0582278481012658 0.06075949367088607
0 0.11724050632911401 0.4777721518987342 0.037974683544303736 0.04177215189873429
0 0.08812658227848107 0.47587341772151903 0.030379746835443144 0.03544303797468351
0 0.3007848101265823 0.5391645569620254 0.027848101265822822 0.027848101265822822
0 0.27736708860759496 0.5372658227848102 0.026582278481012633 0.024050632911392422
0 0.43369620253164565 0.5606835443037974 0.0253164556962025 0.020253164556962022
0 0.41407594936708875 0.5575189873417721 0.029113924050633067 0.021518987341772156
0 0.47040506329113935 0.5714430379746835 0.022784810126582067 0.021518987341772267
0 0.5324303797468355 0.5714430379746835 0.0278481012658226 0.024050632911392422
0 0.515974683544304 0.5708101265822785 0.0227848101265824 0.020253164556962133
0 0.21100000000000002 0.5415 0.03 0.026999999999999913
0 0.1905 0.5409999999999999 0.02300000000000002 0.027999999999999914
0 0.064 0.5619999999999999 0.019999999999999997 0.018000000000000016
0 0.049 0.5599999999999999 0.019999999999999997 0.02200000000000002
0 0.026 0.5255000000000001 0.024 0.025000000000000022
0 0.008 0.526 0.016 0.025999999999999912