0 0.20497468354430376 0.5817974683544304 0.050632911392405 0.051898734177215244
0 0.25117721518987335 0.5805316455696202 0.05443037974683551 0.05443037974683551
0 0.4897848101265822 0.6109113924050633 0.0582278481012658 0.051898734177215244
0 0.5416835443037975 0.6204050632911391 0.0582278481012658 0.06075949367088607
0 0.727759493670886 0.5362278481012659 0.03797468354430367 0.04177215189873429
0 0.7568734177215188 0.538126582278481 0.03037974683544309 0.03544303797468351
0 0.5442151898734177 0.47483544303797465 0.02784810126582271 0.027848101265822767
0 0.567632911392405 0.47673417721518985 0.02658227848101269 0.024050632911392367
0 0.4113037974683544 0.45331645569620255 0.025316455696202556 0.020253164556962022
0 0.4309240506329113 0.4564810126582278 0.029113924050633067 0.02151898734177221
0 0.3745949367088606 0.44255696202531647 0.022784810126582067 0.02151898734177221
0 0.3125696202531644 0.44255696202531647 0.0278481012658226 0.024050632911392367
0 0.32902531645569605 0.44318987341772154 0.02278481012658251 0.020253164556962022
0 0.634 0.47250000000000003 0.030000000000000027 0.027000000000000024
0 0.6545 0.473 0.02299999999999991 0.02799999999999997
0 0.781 0.452 0.020000000000000018 0.018000000000000016
0 0.796 0.454 0.020000000000000018 0.02200000000000002
0 0.819 0.4885 0.02400000000000002 0.025000000000000022
0 0.843 0.488 0.028000000000000025 0.026000000000000023
0 0.87 0.4505 0.020000000000000018 0.017000000000000015