0 0.4640253164556962 0.41620253164556964 0.050632911392405056 0.051898734177215244
0 0.4178227848101267 0.4174683544303798 0.05443037974683557 0.05443037974683551
0 0.17921518987341778 0.3870886075949367 0.058227848101265856 0.051898734177215244
0 0.1273164556962026 0.37759493670886085 0.05822784810126576 0.06075949367088607
0 0.12478481012658232 0.5231645569620254 0.027848101265822822 0.027848101265822822
0 0.101367088607595 0.5212658227848102 0.02658227848101262 0.024050632911392422
0 0.2576962025316456 0.5446835443037974 0.025316455696202528 0.020253164556962022
0 0.23807594936708876 0.5415189873417721 0.029113924050633067 0.021518987341772156
0 0.29440506329113936 0.5554430379746835 0.022784810126582067 0.021518987341772267
0 0.35643037974683556 0.5554430379746835 0.0278481012658226 0.024050632911392422
0 0.33997468354430394 0.5548101265822785 0.022784810126582455 0.020253164556962133
0 0.035 0.5255 0.030000000000000002 0.026999999999999913
0 0.014499999999999999 0.5249999999999999 0.023 0.027999999999999914