0 0.5860253164556963 0.5337974683544303 0.050632911392405 0.051898734177215244
0 0.5398227848101267 0.5325316455696203 0.05443037974683551 0.0544303797468354
0 0.3012151898734178 0.5629113924050633 0.058227848101265856 0.051898734177215244
0 0.2493164556962026 0.5724050632911393 0.05822784810126572 0.06075949367088607
0 0.063240506329114 0.48822784810126585 0.03797468354430373 0.04177215189873423
0 0.03412658227848107 0.49012658227848094 0.030379746835443144 0.03544303797468351
0 0.24678481012658232 0.4268354430379747 0.027848101265822822 0.027848101265822767
0 0.22336708860759502 0.4287341772151899 0.026582278481012606 0.024050632911392367
0 0.3796962025316456 0.4053164556962025 0.025316455696202556 0.020253164556962022
0 0.36007594936708875 0.40848101265822784 0.029113924050633067 0.021518987341772156
0 0.41640506329113935 0.3945569620253164 0.022784810126582067 0.021518987341772156
0 0.47843037974683555 0.3945569620253164 0.0278481012658226 0.024050632911392367
0 0.46197468354430393 0.3951898734177215 0.022784810126582455 0.020253164556962022
0 0.15699999999999997 0.4245 0.03 0.02700000000000008
0 0.1365 0.425 0.022999999999999993 0.028000000000000025
0 0.01 0.404 0.02 0.01799999999999996
0 0.0025 0.406 0.005 0.021999999999999964