0 0.25697468354430375 0.5147974683544304 0.05063291139240511 0.0518987341772153
0 0.30317721518987334 0.5135316455696203 0.05443037974683562 0.05443037974683551
0 0.5417848101265822 0.5439113924050633 0.05822784810126591 0.051898734177215244
0 0.5936835443037973 0.5534050632911391 0.0582278481012658 0.06075949367088607
0 0.779759493670886 0.46922784810126583 0.03797468354430367 0.04177215189873423
0 0.8088734177215189 0.4711265822784809 0.03037974683544309 0.03544303797468357
0 0.5962151898734176 0.4078354430379747 0.027848101265822822 0.027848101265822767
0 0.619632911392405 0.4097341772151899 0.026582278481012578 0.024050632911392367
0 0.46330379746835443 0.38631645569620254 0.025316455696202556 0.020253164556962022
0 0.4829240506329112 0.3894810126582279 0.029113924050633067 0.02151898734177221
0 0.4265949367088607 0.3755569620253164 0.022784810126582067 0.02151898734177221
0 0.3645696202531645 0.3755569620253164 0.0278481012658226 0.024050632911392367
0 0.38102531645569604 0.37618987341772153 0.0227848101265824 0.020253164556962022
0 0.686 0.4055 0.030000000000000027 0.027000000000000024
0 0.7065 0.406 0.02299999999999991 0.02799999999999997
0 0.833 0.385 0.020000000000000018 0.018000000000000016
0 0.848 0.387 0.020000000000000018 0.02200000000000002
0 0.871 0.4215 0.02400000000000002 0.025000000000000022
0 0.895 0.421 0.028000000000000025 0.026000000000000023
0 0.9219999999999999 0.3835 0.019999999999999907 0.017000000000000015