0 0.18397468354430374 0.5137974683544304 0.050632911392405 0.0518987341772153
0 0.23017721518987333 0.5125316455696203 0.05443037974683551 0.05443037974683551
0 0.46878481012658224 0.5429113924050633 0.05822784810126591 0.051898734177215244
0 0.5206835443037974 0.5524050632911393 0.05822784810126569 0.06075949367088607
0 0.706759493670886 0.46822784810126583 0.03797468354430378 0.04177215189873423
0 0.7358734177215189 0.4701265822784809 0.0303797468354432 0.03544303797468357
0 0.5232151898734176 0.4068354430379747 0.027848101265822933 0.027848101265822767
0 0.546632911392405 0.4087341772151899 0.026582278481012578 0.024050632911392367
0 0.39030379746835436 0.38531645569620254 0.025316455696202556 0.020253164556962022
0 0.40992405063291126 0.3884810126582279 0.029113924050633067 0.02151898734177221
0 0.3535949367088606 0.3745569620253164 0.022784810126582067 0.02151898734177221
0 0.2915696202531644 0.3745569620253164 0.0278481012658226 0.024050632911392367
0 0.30802531645569603 0.37518987341772153 0.02278481012658251 0.020253164556962022
0 0.613 0.4045 0.030000000000000027 0.027000000000000024
0 0.6335 0.405 0.02300000000000002 0.02799999999999997
0 0.76 0.384 0.020000000000000018 0.018000000000000016
0 0.775 0.386 0.020000000000000018 0.02200000000000002
0 0.798 0.4205 0.02400000000000002 0.025000000000000022
0 0.8220000000000001 0.42 0.027999999999999914 0.026000000000000023
0 0.849 0.3825 0.020000000000000018 0.017000000000000015