0 0.5141265822784808 0.5995189873417721 0.04683544303797482 0.0544303797468354
0 0.5565316455696201 0.6026835443037974 0.04303797468354453 0.05316455696202538
0 0.7913417721518987 0.5957215189873417 0.05443037974683562 0.044303797468354444
0 0.8280506329113924 0.6033164556962025 0.04683544303797482 0.04683544303797471
0 0.9698227848101266 0.5305316455696203 0.03924050632911402 0.04303797468354442
0 0.9890253164556961 0.5343291139240507 0.02194936708860773 0.0430379746835442
0 0.8837468354430379 0.49002531645569614 0.026582278481012578 0.030379746835442922
0 0.8609620253164556 0.4868607594936708 0.029113924050632956 0.03670886075949359
0 0.8417272727272728 0.4616363636363636 0.024545454545454648 0.016363636363636302
0 0.9140000000000001 0.46072727272727265 0.018181818181818188 0.014545454545454417
0 0.9262727272727274 0.462090909090909 0.013636363636363558 0.015454545454545443