0 0.0883417721518987 0.5297215189873418 0.05443037974683562 0.044303797468354444
0 0.1250506329113923 0.5373164556962025 0.04683544303797471 0.04683544303797482
0 0.26682278481012656 0.46453164556962023 0.03924050632911391 0.04303797468354437
0 0.29213924050632906 0.46832911392405063 0.03417721518987349 0.043037974683544256
0 0.18074683544303793 0.4240253164556962 0.026582278481012578 0.030379746835442978
0 0.15796202531645565 0.42086075949367086 0.029113924050632844 0.036708860759493644
0 0.3364430379746835 0.4126329113924051 0.016455696202531622 0.017721518987341645
0 0.35281818181818186 0.4124545454545454 0.018181818181818188 0.01727272727272733
0 0.1387272727272728 0.39563636363636356 0.024545454545454648 0.016363636363636302
0 0.21100000000000008 0.3947272727272727 0.018181818181818077 0.014545454545454473
0 0.2232727272727273 0.39609090909090905 0.013636363636363669 0.015454545454545443