0 0.41512658227848087 0.5825189873417722 0.04683544303797471 0.0544303797468354
0 0.45753164556962006 0.5856835443037974 0.04303797468354442 0.05316455696202538
0 0.6923417721518987 0.5787215189873418 0.05443037974683562 0.044303797468354444
0 0.7290506329113923 0.5863164556962025 0.04683544303797471 0.04683544303797471
0 0.8708227848101265 0.5135316455696203 0.03924050632911391 0.04303797468354437
0 0.8961392405063291 0.5173291139240506 0.03417721518987349 0.043037974683544256
0 0.7847468354430379 0.4730253164556962 0.026582278481012578 0.030379746835442978
0 0.7619620253164556 0.46986075949367084 0.029113924050632956 0.036708860759493644
0 0.9404430379746835 0.4616329113924051 0.016455696202531622 0.017721518987341645
0 0.9568181818181819 0.4614545454545454 0.0181818181818183 0.01727272727272733
0 0.7427272727272728 0.4446363636363636 0.024545454545454648 0.016363636363636302
0 0.8150000000000001 0.44372727272727264 0.018181818181818077 0.014545454545454473
0 0.8272727272727274 0.44509090909090904 0.013636363636363558 0.015454545454545388