0 0.8986582278481013 0.4102784810126582 0.05443037974683551 0.044303797468354444
0 0.8619493670886077 0.4026835443037975 0.04683544303797471 0.04683544303797471
0 0.7201772151898734 0.4754683544303797 0.03924050632911391 0.04303797468354431
0 0.694860759493671 0.47167088607594937 0.03417721518987338 0.0430379746835442
0 0.806253164556962 0.5159746835443039 0.026582278481012578 0.030379746835442978
0 0.8290379746835443 0.5191392405063292 0.029113924050632844 0.036708860759493644
0 0.6505569620253164 0.5273670886075948 0.016455696202531622 0.017721518987341645
0 0.6341818181818182 0.5275454545454547 0.018181818181818188 0.01727272727272733
0 0.8482727272727272 0.5443636363636364 0.024545454545454648 0.016363636363636247
0 0.776 0.5452727272727274 0.018181818181818188 0.014545454545454528
0 0.7637272727272727 0.543909090909091 0.013636363636363669 0.015454545454545388