0 0.8166582278481014 0.3962784810126583 0.05443037974683562 0.044303797468354444
0 0.7799493670886077 0.3886835443037975 0.04683544303797482 0.04683544303797471
0 0.6381772151898735 0.46146835443037976 0.03924050632911391 0.04303797468354442
0 0.612860759493671 0.4576708860759494 0.03417721518987349 0.04303797468354431
0 0.7242531645569621 0.5019746835443039 0.026582278481012578 0.030379746835442978
0 0.7470379746835443 0.5051392405063292 0.029113924050632956 0.036708860759493644
0 0.5685569620253166 0.513367088607595 0.016455696202531622 0.017721518987341645
0 0.5521818181818181 0.5135454545454546 0.0181818181818183 0.01727272727272733
0 0.7662727272727272 0.5303636363636364 0.024545454545454648 0.016363636363636247
0 0.694 0.5312727272727273 0.018181818181818077 0.014545454545454417
0 0.6817272727272727 0.529909090909091 0.013636363636363558 0.015454545454545388