0 0.8028734177215191 0.5685189873417722 0.04683544303797471 0.05443037974683551
0 0.7604683544303799 0.5716835443037974 0.04303797468354442 0.05316455696202538
0 0.5256582278481013 0.5647215189873418 0.05443037974683557 0.044303797468354444
0 0.4889493670886077 0.5723164556962026 0.04683544303797477 0.04683544303797482
0 0.34717721518987343 0.49953164556962026 0.03924050632911391 0.04303797468354437
0 0.321860759493671 0.5033291139240506 0.03417721518987343 0.0430379746835442
0 0.43325316455696206 0.45902531645569616 0.026582278481012633 0.030379746835442978
0 0.45603797468354434 0.4558607594936709 0.029113924050632956 0.03670886075949359
0 0.27755696202531654 0.4476329113924051 0.016455696202531622 0.017721518987341645
0 0.2611818181818182 0.44745454545454544 0.018181818181818243 0.017272727272727273
0 0.4752727272727272 0.4306363636363636 0.024545454545454592 0.016363636363636358
0 0.4029999999999999 0.4297272727272726 0.018181818181818132 0.014545454545454473
0 0.3907272727272727 0.4310909090909091 0.013636363636363613 0.015454545454545443