0 0.9832278481012658 0.5595189873417722 0.03354430379746831 0.05443037974683551
0 0.9474683544303799 0.5626835443037974 0.04303797468354453 0.05316455696202538
0 0.7126582278481013 0.5557215189873418 0.05443037974683562 0.044303797468354444
0 0.6759493670886076 0.5633164556962025 0.04683544303797482 0.04683544303797482
0 0.5341772151898734 0.49053164556962026 0.03924050632911402 0.04303797468354431
0 0.5088607594936709 0.4943291139240506 0.03417721518987349 0.0430379746835442
0 0.620253164556962 0.4500253164556962 0.02658227848101269 0.030379746835442922
0 0.6430379746835444 0.4468607594936709 0.029113924050632956 0.03670886075949359
0 0.46455696202531654 0.43863291139240507 0.016455696202531622 0.017721518987341645
0 0.4481818181818181 0.43845454545454543 0.018181818181818243 0.017272727272727273
0 0.6622727272727272 0.4216363636363636 0.024545454545454648 0.016363636363636302
0 0.59 0.42072727272727267 0.018181818181818077 0.014545454545454417
0 0.5777272727272726 0.42209090909090907 0.013636363636363558 0.015454545454545443