0 0.3191265822784809 0.5435189873417722 0.04683544303797471 0.05443037974683551
0 0.3615316455696201 0.5466835443037974 0.04303797468354442 0.05316455696202538
0 0.5963417721518987 0.5397215189873418 0.05443037974683562 0.044303797468354444
0 0.6330506329113923 0.5473164556962025 0.04683544303797482 0.04683544303797482
0 0.7748227848101266 0.47453164556962024 0.03924050632911391 0.04303797468354437
0 0.800139240506329 0.47832911392405064 0.03417721518987349 0.043037974683544256
0 0.6887468354430379 0.4340253164556962 0.02658227848101269 0.030379746835442978
0 0.6659620253164557 0.43086075949367086 0.029113924050632844 0.036708860759493644
0 0.8444430379746835 0.4226329113924051 0.016455696202531622 0.0177215189873417
0 0.8608181818181819 0.4224545454545454 0.018181818181818188 0.01727272727272733
0 0.6467272727272728 0.4056363636363636 0.024545454545454648 0.016363636363636302
0 0.7190000000000001 0.40472727272727266 0.018181818181818077 0.014545454545454417
0 0.7312727272727273 0.40609090909090906 0.013636363636363669 0.015454545454545443