0 0.03912658227848087 0.5855189873417721 0.04683544303797471 0.0544303797468354
0 0.08153164556962006 0.5886835443037974 0.04303797468354442 0.05316455696202538
0 0.3163417721518987 0.5817215189873418 0.05443037974683562 0.044303797468354444
0 0.3530506329113923 0.5893164556962025 0.04683544303797482 0.04683544303797471
0 0.4948227848101266 0.5165316455696203 0.03924050632911402 0.04303797468354437
0 0.520139240506329 0.5203291139240506 0.03417721518987349 0.043037974683544256
0 0.4087468354430379 0.4760253164556962 0.026582278481012578 0.030379746835442978
0 0.3859620253164557 0.47286075949367085 0.029113924050632956 0.036708860759493644
0 0.5644430379746834 0.4646329113924051 0.016455696202531622 0.017721518987341645
0 0.5808181818181819 0.4644545454545454 0.018181818181818188 0.01727272727272733
0 0.3667272727272728 0.4476363636363636 0.024545454545454648 0.016363636363636302
0 0.43900000000000006 0.44672727272727264 0.018181818181818077 0.014545454545454473
0 0.4512727272727273 0.448090909090909 0.013636363636363558 0.015454545454545443