0 0.8566582278481013 0.4292784810126582 0.05443037974683551 0.044303797468354444
0 0.8199493670886077 0.4216835443037975 0.04683544303797471 0.04683544303797471
0 0.6781772151898735 0.49446835443037973 0.03924050632911402 0.04303797468354431
0 0.652860759493671 0.4906708860759494 0.03417721518987338 0.0430379746835442
0 0.7642531645569621 0.5349746835443038 0.02658227848101269 0.030379746835442978
0 0.7870379746835443 0.5381392405063291 0.029113924050632956 0.036708860759493644
0 0.6085569620253166 0.546367088607595 0.016455696202531622 0.017721518987341645
0 0.5921818181818181 0.5465454545454546 0.0181818181818183 0.01727272727272733
0 0.8062727272727273 0.5633636363636364 0.024545454545454537 0.016363636363636358
0 0.734 0.5642727272727274 0.018181818181818188 0.014545454545454417
0 0.7217272727272727 0.5629090909090909 0.013636363636363669 0.015454545454545388