0 0.6088734177215192 0.4354810126582278 0.04683544303797482 0.05443037974683551
0 0.5664683544303799 0.4323164556962026 0.04303797468354453 0.05316455696202538
0 0.3316582278481013 0.4392784810126582 0.05443037974683557 0.044303797468354444
0 0.29494936708860764 0.43168354430379746 0.04683544303797477 0.04683544303797482
0 0.15317721518987343 0.5044683544303797 0.03924050632911394 0.04303797468354431
0 0.12786075949367098 0.5006708860759495 0.03417721518987345 0.0430379746835442
0 0.23925316455696208 0.5449746835443038 0.026582278481012633 0.030379746835442978
0 0.26203797468354434 0.5481392405063291 0.029113924050632928 0.036708860759493644
0 0.08355696202531651 0.556367088607595 0.01645569620253161 0.017721518987341645
0 0.06718181818181813 0.5565454545454546 0.01818181818181825 0.01727272727272733
0 0.28127272727272723 0.5733636363636364 0.024545454545454592 0.016363636363636358
0 0.20899999999999994 0.5742727272727274 0.018181818181818132 0.014545454545454417
0 0.1967272727272727 0.5729090909090909 0.013636363636363613 0.015454545454545388