0 0.11512658227848088 0.5445189873417722 0.04683544303797482 0.05443037974683551
0 0.15753164556962007 0.5476835443037974 0.04303797468354453 0.05316455696202538
0 0.3923417721518987 0.5407215189873418 0.05443037974683551 0.044303797468354444
0 0.42905063291139234 0.5483164556962026 0.04683544303797471 0.04683544303797482
0 0.5708227848101266 0.47553164556962024 0.03924050632911402 0.04303797468354437
0 0.596139240506329 0.4793291139240506 0.03417721518987349 0.0430379746835442
0 0.4847468354430379 0.4350253164556962 0.02658227848101269 0.030379746835442978
0 0.46196202531645564 0.43186075949367086 0.029113924050632956 0.036708860759493644
0 0.6404430379746835 0.4236329113924051 0.016455696202531733 0.0177215189873417
0 0.6568181818181819 0.4234545454545454 0.0181818181818183 0.01727272727272733
0 0.4427272727272728 0.4066363636363636 0.024545454545454537 0.016363636363636302
0 0.5150000000000001 0.40572727272727266 0.018181818181818188 0.014545454545454417
0 0.5272727272727273 0.40709090909090906 0.013636363636363669 0.015454545454545443