0 0.9026582278481012 0.5517215189873418 0.05443037974683562 0.044303797468354444
0 0.8659493670886077 0.5593164556962025 0.04683544303797471 0.04683544303797482
0 0.7241772151898734 0.48653164556962025 0.03924050632911391 0.04303797468354431
0 0.698860759493671 0.4903291139240506 0.03417721518987338 0.0430379746835442
0 0.8102531645569621 0.4460253164556962 0.026582278481012578 0.030379746835442978
0 0.8330379746835443 0.4428607594936709 0.029113924050632844 0.036708860759493644
0 0.6545569620253164 0.43463291139240506 0.016455696202531622 0.017721518987341645
0 0.6381818181818182 0.4344545454545454 0.018181818181818188 0.01727272727272733
0 0.8522727272727272 0.4176363636363636 0.024545454545454648 0.016363636363636302
0 0.7799999999999999 0.41672727272727267 0.018181818181818077 0.014545454545454417
0 0.7677272727272727 0.41809090909090907 0.013636363636363669 0.015454545454545443