0 0.2001265822784809 0.6095189873417721 0.04683544303797471 0.0544303797468354
0 0.2425316455696201 0.6126835443037975 0.04303797468354442 0.05316455696202538
0 0.4773417721518987 0.6057215189873417 0.05443037974683562 0.044303797468354444
0 0.5140506329113923 0.6133164556962025 0.04683544303797482 0.04683544303797471
0 0.6558227848101266 0.5405316455696203 0.03924050632911391 0.04303797468354442
0 0.681139240506329 0.5443291139240506 0.03417721518987349 0.04303797468354431
0 0.569746835443038 0.5000253164556961 0.02658227848101269 0.030379746835442922
0 0.5469620253164557 0.4968607594936708 0.029113924050632844 0.03670886075949359
0 0.7254430379746835 0.48863291139240506 0.016455696202531733 0.017721518987341645
0 0.7418181818181818 0.4884545454545454 0.0181818181818183 0.01727272727272733
0 0.5277272727272728 0.47163636363636363 0.024545454545454537 0.016363636363636302
0 0.6000000000000001 0.47072727272727266 0.018181818181818077 0.014545454545454417
0 0.6122727272727273 0.472090909090909 0.013636363636363669 0.015454545454545443