0 0.6548734177215191 0.5565189873417722 0.04683544303797471 0.05443037974683551
0 0.61246835443038 0.5596835443037974 0.04303797468354442 0.05316455696202538
0 0.3776582278481013 0.5527215189873418 0.05443037974683557 0.044303797468354444
0 0.3409493670886077 0.5603164556962026 0.04683544303797477 0.04683544303797482
0 0.1991772151898734 0.48753164556962025 0.03924050632911394 0.04303797468354431
0 0.17386075949367097 0.4913291139240506 0.03417721518987343 0.0430379746835442
0 0.28525316455696204 0.4470253164556962 0.026582278481012633 0.030379746835442978
0 0.3080379746835443 0.4438607594936709 0.0291139240506329 0.036708860759493644
0 0.12955696202531652 0.43563291139240506 0.016455696202531622 0.017721518987341645
0 0.11318181818181813 0.4354545454545454 0.018181818181818243 0.01727272727272733
0 0.32727272727272716 0.4186363636363636 0.024545454545454592 0.016363636363636302
0 0.25499999999999995 0.41772727272727267 0.018181818181818105 0.014545454545454417
0 0.24272727272727268 0.41909090909090907 0.013636363636363641 0.015454545454545443