0 0.6208734177215192 0.5615189873417722 0.04683544303797482 0.05443037974683551
0 0.5784683544303799 0.5646835443037974 0.04303797468354453 0.05316455696202538
0 0.3436582278481013 0.5577215189873418 0.05443037974683557 0.044303797468354444
0 0.30694936708860765 0.5653164556962025 0.04683544303797477 0.04683544303797482
0 0.16517721518987344 0.49253164556962026 0.03924050632911394 0.04303797468354431
0 0.13986075949367097 0.4963291139240506 0.03417721518987343 0.0430379746835442
0 0.2512531645569621 0.4520253164556962 0.026582278481012633 0.030379746835442922
0 0.27403797468354435 0.4488607594936709 0.029113924050632956 0.03670886075949359
0 0.09555696202531652 0.44063291139240507 0.016455696202531622 0.017721518987341645
0 0.07918181818181813 0.44045454545454543 0.018181818181818243 0.017272727272727273
0 0.2932727272727272 0.4236363636363636 0.024545454545454648 0.016363636363636302
0 0.22099999999999995 0.4227272727272727 0.018181818181818132 0.014545454545454417
0 0.2087272727272727 0.4240909090909091 0.013636363636363641 0.015454545454545443