0 0.9346582278481013 0.5837215189873418 0.05443037974683562 0.044303797468354444
0 0.8979493670886076 0.5913164556962025 0.04683544303797482 0.04683544303797471
0 0.7561772151898735 0.5185316455696203 0.03924050632911391 0.04303797468354437
0 0.7308607594936709 0.5223291139240507 0.03417721518987349 0.0430379746835442
0 0.8422531645569621 0.4780253164556962 0.026582278481012578 0.030379746835442978
0 0.8650379746835444 0.47486075949367085 0.029113924050632956 0.036708860759493644
0 0.6865569620253165 0.4666329113924051 0.016455696202531622 0.017721518987341645
0 0.6701818181818182 0.4664545454545454 0.018181818181818188 0.01727272727272733
0 0.8842727272727272 0.4496363636363636 0.024545454545454648 0.016363636363636302
0 0.8119999999999999 0.44872727272727264 0.018181818181818077 0.014545454545454473
0 0.7997272727272726 0.450090909090909 0.013636363636363558 0.015454545454545443