0 0.10712658227848088 0.5915189873417721 0.04683544303797482 0.0544303797468354
0 0.14953164556962006 0.5946835443037974 0.04303797468354453 0.05316455696202538
0 0.3843417721518987 0.5877215189873418 0.05443037974683551 0.044303797468354444
0 0.42105063291139233 0.5953164556962025 0.04683544303797471 0.04683544303797471
0 0.5628227848101266 0.5225316455696203 0.03924050632911402 0.04303797468354431
0 0.588139240506329 0.5263291139240507 0.03417721518987349 0.0430379746835442
0 0.4767468354430379 0.4820253164556962 0.02658227848101269 0.030379746835442978
0 0.45396202531645563 0.47886075949367085 0.029113924050632956 0.036708860759493644
0 0.6324430379746835 0.4706329113924051 0.016455696202531733 0.017721518987341645
0 0.6488181818181818 0.4704545454545454 0.0181818181818183 0.01727272727272733
0 0.4347272727272728 0.4536363636363636 0.024545454545454537 0.016363636363636302
0 0.5070000000000001 0.45272727272727264 0.018181818181818188 0.014545454545454473
0 0.5192727272727273 0.454090909090909 0.013636363636363669 0.015454545454545443