0 0.1493417721518987 0.4282784810126582 0.05443037974683551 0.044303797468354444
0 0.18605063291139234 0.4206835443037975 0.04683544303797471 0.04683544303797471
0 0.32782278481012656 0.4934683544303798 0.03924050632911402 0.04303797468354442
0 0.35313924050632906 0.48967088607594944 0.03417721518987338 0.04303797468354431
0 0.24174683544303793 0.5339746835443039 0.02658227848101269 0.030379746835442978
0 0.21896202531645564 0.5371392405063292 0.029113924050632956 0.036708860759493644
0 0.39744303797468344 0.5453670886075949 0.016455696202531622 0.017721518987341645
0 0.41381818181818186 0.5455454545454546 0.0181818181818183 0.017272727272727217
0 0.1997272727272728 0.5623636363636364 0.024545454545454537 0.016363636363636358
0 0.2720000000000001 0.5632727272727274 0.018181818181818188 0.014545454545454528
0 0.2842727272727273 0.5619090909090909 0.013636363636363558 0.015454545454545499