0 0.4211265822784809 0.3934810126582278 0.04683544303797471 0.0544303797468354
0 0.46353164556962007 0.39031645569620255 0.04303797468354442 0.05316455696202538
0 0.6983417721518986 0.3972784810126583 0.05443037974683551 0.044303797468354444
0 0.7350506329113923 0.3896835443037975 0.04683544303797471 0.04683544303797471
0 0.8768227848101265 0.46246835443037976 0.03924050632911391 0.04303797468354442
0 0.9021392405063291 0.4586708860759494 0.03417721518987349 0.04303797468354431
0 0.7907468354430379 0.5029746835443039 0.026582278481012578 0.030379746835442867
0 0.7679620253164556 0.5061392405063292 0.029113924050632956 0.03670886075949353
0 0.9464430379746835 0.514367088607595 0.016455696202531622 0.017721518987341645
0 0.9628181818181818 0.5145454545454545 0.018181818181818188 0.01727272727272733
0 0.7487272727272728 0.5313636363636364 0.024545454545454648 0.016363636363636358
0 0.8210000000000001 0.5322727272727273 0.018181818181818077 0.014545454545454417
0 0.8332727272727274 0.530909090909091 0.013636363636363558 0.015454545454545499