0 0.886367088607595 0.5705443037974685 0.04936708860759498 0.05949367088607593
0 0.8439620253164559 0.5705443037974685 0.05569620253164542 0.05949367088607593
0 0.7306708860759494 0.44459493670886074 0.03417721518987349 0.030379746835443033
0 0.624974683544304 0.4515569620253165 0.027848101265822822 0.026582278481012744
0 0.5958607594936709 0.4515569620253165 0.032911392405063356 0.0291139240506329
0 0.42624050632911403 0.5199113924050632 0.04303797468354437 0.04430379746835439
0 0.3952278481012659 0.5230759493670886 0.03924050632911397 0.04303797468354431
0 0.21484810126582282 0.5237088607594936 0.03797468354430386 0.04683544303797471
0 0.18130379746835446 0.5218101265822784 0.03924050632911394 0.05063291139240511
0 0.06674683544303804 0.5262405063291139 0.03797468354430373 0.044303797468354444
0 0.033202531645569654 0.5325696202531646 0.04430379746835445 0.044303797468354444
0 0.5433291139240508 0.4306708860759494 0.029113924050633067 0.0329113924050633
0 0.6751818181818181 0.43336363636363634 0.0181818181818183 0.021818181818181848
0 0.3297272727272727 0.41427272727272724 0.021818181818181848 0.020000000000000018
0 0.3106363636363636 0.4147272727272727 0.023636363636363622 0.024545454545454426