0 0.09863291139240493 0.48645569620253165 0.04936708860759498 0.05949367088607593
0 0.14103797468354412 0.48645569620253165 0.05569620253164553 0.05949367088607593
0 0.2543291139240505 0.6124050632911392 0.03417721518987349 0.030379746835442978
0 0.3600253164556961 0.6054430379746836 0.027848101265822822 0.0265822784810128
0 0.38913924050632903 0.6054430379746836 0.032911392405063356 0.029113924050632844
0 0.5587594936708861 0.5370886075949367 0.04303797468354431 0.044303797468354444
0 0.5897721518987341 0.5339240506329114 0.03924050632911391 0.04303797468354431
0 0.7701518987341771 0.5332911392405063 0.03797468354430389 0.04683544303797471
0 0.8036962025316455 0.5351898734177215 0.03924050632911391 0.05063291139240511
0 0.9182531645569619 0.530759493670886 0.03797468354430378 0.044303797468354444
0 0.9517974683544304 0.5244303797468354 0.044303797468354444 0.044303797468354444
0 0.44167088607594923 0.6263291139240507 0.029113924050632956 0.032911392405063244
0 0.3098181818181819 0.6236363636363637 0.0181818181818183 0.021818181818181737
0 0.6552727272727272 0.6427272727272728 0.021818181818181848 0.020000000000000018
0 0.6743636363636364 0.6422727272727273 0.023636363636363678 0.024545454545454426