0 0.08663291139240492 0.4924556962025316 0.04936708860759498 0.059493670886076044
0 0.12903797468354417 0.4924556962025316 0.05569620253164542 0.059493670886076044
0 0.2423291139240505 0.6184050632911392 0.03417721518987349 0.030379746835442978
0 0.34802531645569607 0.6114430379746836 0.027848101265822822 0.0265822784810128
0 0.377139240506329 0.6114430379746836 0.032911392405063356 0.029113924050632956
0 0.546759493670886 0.5430886075949367 0.04303797468354431 0.044303797468354444
0 0.5777721518987341 0.5399240506329114 0.03924050632911391 0.04303797468354431
0 0.7581518987341772 0.5392911392405063 0.03797468354430378 0.04683544303797471
0 0.7916962025316455 0.5411898734177215 0.03924050632911391 0.05063291139240511
0 0.906253164556962 0.536759493670886 0.03797468354430367 0.044303797468354444
0 0.9397974683544303 0.5304303797468354 0.044303797468354444 0.044303797468354444
0 0.4296708860759492 0.6323291139240507 0.029113924050632956 0.032911392405063244
0 0.29781818181818187 0.6296363636363637 0.0181818181818183 0.021818181818181737
0 0.6432727272727272 0.6487272727272728 0.021818181818181848 0.020000000000000018
0 0.6623636363636364 0.6482727272727273 0.023636363636363678 0.024545454545454426