0 0.5903670886075951 0.46945569620253164 0.04936708860759487 0.05949367088607593
0 0.5479620253164559 0.46945569620253164 0.05569620253164542 0.05949367088607593
0 0.4346708860759495 0.5954050632911393 0.034177215189873544 0.030379746835442978
0 0.3289746835443039 0.5884430379746834 0.027848101265822878 0.02658227848101269
0 0.29986075949367097 0.5884430379746836 0.032911392405063356 0.029113924050632844
0 0.130240506329114 0.5200886075949367 0.04303797468354435 0.044303797468354444
0 0.09922784810126586 0.5169240506329114 0.03924050632911394 0.0430379746835442
0 0.24732911392405077 0.6093291139240506 0.02911392405063304 0.032911392405063356
0 0.3791818181818182 0.6066363636363636 0.018181818181818243 0.021818181818181848
0 0.03372727272727269 0.6257272727272727 0.021818181818181872 0.020000000000000018
0 0.014636363636363569 0.6252727272727272 0.02363636363636363 0.024545454545454537