0 0.9053670886075951 0.5635443037974683 0.04936708860759498 0.05949367088607593
0 0.8629620253164558 0.5635443037974683 0.05569620253164553 0.05949367088607593
0 0.7496708860759496 0.43759493670886074 0.03417721518987349 0.030379746835443033
0 0.6439746835443039 0.44455696202531647 0.027848101265822822 0.026582278481012744
0 0.614860759493671 0.44455696202531647 0.032911392405063356 0.0291139240506329
0 0.445240506329114 0.5129113924050633 0.04303797468354431 0.0443037974683545
0 0.4142278481012659 0.5160759493670886 0.03924050632911397 0.043037974683544256
0 0.23384810126582284 0.5167088607594936 0.03797468354430386 0.046835443037974656
0 0.20030379746835447 0.5148101265822784 0.03924050632911394 0.050632911392405056
0 0.08574683544303804 0.5192405063291139 0.037974683544303736 0.044303797468354444
0 0.05220253164556965 0.5255696202531646 0.044303797468354444 0.044303797468354444
0 0.5623291139240507 0.4236708860759494 0.029113924050632956 0.0329113924050633
0 0.6941818181818181 0.4263636363636364 0.0181818181818183 0.021818181818181792
0 0.34872727272727266 0.40727272727272723 0.021818181818181903 0.019999999999999962
0 0.3296363636363636 0.4077272727272727 0.023636363636363622 0.024545454545454426