0 0.9479746835443039 0.5574430379746835 0.027848101265822822 0.0265822784810128
0 0.918860759493671 0.5574430379746835 0.032911392405063244 0.029113924050632956
0 0.749240506329114 0.48908860759493666 0.04303797468354431 0.044303797468354444
0 0.7182278481012658 0.4859240506329114 0.03924050632911391 0.0430379746835442
0 0.5378481012658228 0.4852911392405063 0.03797468354430378 0.0468354430379746
0 0.5043037974683544 0.4871898734177215 0.03924050632911391 0.050632911392405
0 0.389746835443038 0.4827594936708861 0.03797468354430372 0.044303797468354444
0 0.35620253164556964 0.47643037974683544 0.044303797468354444 0.044303797468354444
0 0.8663291139240508 0.5783291139240506 0.029113924050633067 0.032911392405063244
0 0.9945454545454545 0.5756363636363636 0.01090909090909098 0.021818181818181737
0 0.6527272727272726 0.5947272727272728 0.021818181818181848 0.020000000000000018
0 0.6336363636363636 0.5942727272727273 0.023636363636363678 0.024545454545454426