0 0.8083670886075951 0.47945569620253164 0.04936708860759498 0.05949367088607593
0 0.7659620253164559 0.47945569620253164 0.05569620253164542 0.05949367088607593
0 0.6526708860759496 0.6054050632911392 0.03417721518987349 0.03037974683544309
0 0.5469746835443039 0.5984430379746835 0.027848101265822822 0.02658227848101269
0 0.517860759493671 0.5984430379746836 0.032911392405063356 0.029113924050632844
0 0.34824050632911396 0.5300886075949367 0.04303797468354437 0.044303797468354444
0 0.31722784810126586 0.5269240506329114 0.03924050632911391 0.0430379746835442
0 0.13684810126582284 0.5262911392405064 0.03797468354430385 0.04683544303797471
0 0.10330379746835444 0.5281898734177216 0.03924050632911394 0.05063291139240511
0 0.003867088607594951 0.5237594936708861 0.007734177215189902 0.044303797468354444
0 0.46532911392405074 0.6193291139240507 0.02911392405063301 0.032911392405063356
0 0.5971818181818181 0.6166363636363636 0.0181818181818183 0.02181818181818196
0 0.2517272727272727 0.6357272727272727 0.021818181818181848 0.020000000000000018
0 0.23263636363636356 0.6352727272727272 0.023636363636363622 0.024545454545454426