0 0.06902531645569604 0.42755696202531646 0.027848101265822822 0.026582278481012744
0 0.098139240506329 0.42755696202531646 0.032911392405063356 0.0291139240506329
0 0.26775949367088603 0.4959113924050633 0.04303797468354431 0.0443037974683545
0 0.29877215189873413 0.49907594936708854 0.03924050632911402 0.043037974683544256
0 0.4791518987341772 0.4997088607594936 0.03797468354430378 0.046835443037974656
0 0.5126962025316455 0.4978101265822784 0.03924050632911402 0.050632911392405056
0 0.627253164556962 0.5022405063291139 0.03797468354430378 0.044303797468354444
0 0.6607974683544303 0.5085696202531647 0.044303797468354444 0.0443037974683545
0 0.15067088607594925 0.40667088607594937 0.029113924050633067 0.032911392405063244
0 0.018818181818181845 0.4093636363636364 0.0181818181818183 0.021818181818181792
0 0.3642727272727273 0.3902727272727272 0.02181818181818196 0.019999999999999962
0 0.3833636363636364 0.3907272727272727 0.023636363636363567 0.02454545454545448