0 0.9456708860759495 0.4045949367088607 0.0341772151898736 0.030379746835443033
0 0.839974683544304 0.41155696202531644 0.027848101265822822 0.026582278481012744
0 0.810860759493671 0.41155696202531644 0.032911392405063356 0.029113924050632844
0 0.641240506329114 0.4799113924050633 0.04303797468354431 0.044303797468354444
0 0.6102278481012658 0.4830759493670886 0.03924050632911391 0.0430379746835442
0 0.42984810126582285 0.4837088607594937 0.03797468354430383 0.04683544303797477
0 0.3963037974683544 0.4818101265822785 0.03924050632911397 0.05063291139240517
0 0.281746835443038 0.48624050632911386 0.03797468354430372 0.044303797468354444
0 0.24820253164556966 0.49256962025316464 0.044303797468354444 0.0443037974683545
0 0.7583291139240508 0.39067088607594935 0.029113924050633067 0.0329113924050633
0 0.8901818181818182 0.39336363636363636 0.018181818181818188 0.021818181818181792
0 0.5447272727272727 0.37427272727272726 0.021818181818181848 0.020000000000000018
0 0.5256363636363636 0.3747272727272727 0.023636363636363678 0.02454545454545448