0 0.974974683544304 0.4485569620253165 0.027848101265822822 0.026582278481012744
0 0.945860759493671 0.4485569620253165 0.032911392405063356 0.0291139240506329
0 0.776240506329114 0.5169113924050632 0.04303797468354431 0.04430379746835439
0 0.7452278481012659 0.5200759493670886 0.03924050632911391 0.043037974683544256
0 0.5648481012658229 0.5207088607594936 0.03797468354430378 0.046835443037974656
0 0.5313037974683544 0.5188101265822784 0.03924050632911391 0.050632911392405056
0 0.41674683544303803 0.5232405063291139 0.03797468354430372 0.044303797468354444
0 0.38320253164556967 0.5295696202531646 0.044303797468354444 0.044303797468354444
0 0.8933291139240508 0.4276708860759494 0.029113924050633067 0.0329113924050633
0 0.6797272727272727 0.41127272727272723 0.021818181818181848 0.020000000000000018
0 0.6606363636363636 0.4117272727272727 0.023636363636363678 0.024545454545454426