0 0.8953670886075951 0.5395443037974683 0.04936708860759498 0.05949367088607593
0 0.8529620253164558 0.5395443037974683 0.05569620253164553 0.05949367088607593
0 0.7396708860759496 0.4135949367088607 0.03417721518987349 0.030379746835443033
0 0.6339746835443039 0.42055696202531645 0.027848101265822822 0.026582278481012744
0 0.604860759493671 0.42055696202531645 0.032911392405063356 0.029113924050632844
0 0.43524050632911404 0.4889113924050633 0.04303797468354437 0.0443037974683545
0 0.4042278481012659 0.49207594936708854 0.03924050632911397 0.043037974683544256
0 0.22384810126582283 0.4927088607594936 0.03797468354430383 0.046835443037974656
0 0.19030379746835446 0.4908101265822784 0.03924050632911394 0.050632911392405056
0 0.07574683544303804 0.49524050632911387 0.03797468354430372 0.044303797468354444
0 0.042202531645569655 0.5015696202531646 0.04430379746835445 0.0443037974683545
0 0.5523291139240507 0.39967088607594936 0.029113924050632956 0.032911392405063244
0 0.6841818181818181 0.40236363636363637 0.0181818181818183 0.021818181818181792
0 0.33872727272727265 0.38327272727272726 0.021818181818181903 0.020000000000000018
0 0.3196363636363636 0.3837272727272727 0.023636363636363622 0.02454545454545448