0 0.7653670886075951 0.5095443037974684 0.04936708860759498 0.05949367088607599
0 0.7229620253164559 0.5095443037974684 0.05569620253164542 0.05949367088607599
0 0.6096708860759494 0.3835949367088608 0.03417721518987349 0.030379746835443033
0 0.503974683544304 0.3905569620253164 0.027848101265822767 0.026582278481012744
0 0.47486075949367096 0.3905569620253164 0.032911392405063356 0.0291139240506329
0 0.30524050632911404 0.4589113924050633 0.04303797468354437 0.044303797468354444
0 0.2742278481012659 0.4620759493670886 0.03924050632911397 0.043037974683544256
0 0.09384810126582283 0.4627088607594937 0.03797468354430385 0.046835443037974656
0 0.060303797468354445 0.46081012658227843 0.03924050632911394 0.05063291139240511
0 0.42232911392405076 0.36967088607594933 0.029113924050633067 0.0329113924050633
0 0.5541818181818181 0.37236363636363634 0.0181818181818183 0.021818181818181848
0 0.2087272727272727 0.35327272727272724 0.021818181818181875 0.020000000000000018
0 0.18963636363636358 0.3537272727272727 0.023636363636363622 0.024545454545454426