0 0.0049746835443037485 0.6014430379746836 0.009949367088607497 0.0265822784810128
0 0.02513924050632904 0.6014430379746836 0.032911392405063356 0.029113924050632844
0 0.19475949367088602 0.5330886075949367 0.04303797468354442 0.044303797468354444
0 0.22577215189873412 0.5299240506329115 0.03924050632911391 0.0430379746835442
0 0.4061518987341772 0.5292911392405063 0.03797468354430389 0.04683544303797471
0 0.43969620253164554 0.5311898734177215 0.03924050632911391 0.05063291139240511
0 0.5542531645569619 0.526759493670886 0.03797468354430367 0.044303797468354444
0 0.5877974683544304 0.5204303797468354 0.044303797468354444 0.044303797468354444
0 0.07767088607594919 0.6223291139240507 0.029113924050633067 0.032911392405063244
0 0.2912727272727273 0.6387272727272728 0.021818181818181848 0.020000000000000018
0 0.31036363636363645 0.6382727272727273 0.023636363636363567 0.024545454545454426