0 0.9865253164556962 0.6184430379746835 0.026949367088607512 0.02658227848101269
0 0.957860759493671 0.6184430379746836 0.032911392405063356 0.029113924050632844
0 0.788240506329114 0.5500886075949367 0.04303797468354431 0.044303797468354444
0 0.7572278481012659 0.5469240506329114 0.03924050632911391 0.0430379746835442
0 0.5768481012658229 0.5462911392405063 0.03797468354430389 0.04683544303797471
0 0.5433037974683544 0.5481898734177215 0.03924050632911391 0.05063291139240511
0 0.42874683544303804 0.5437594936708862 0.03797468354430372 0.044303797468354444
0 0.3952025316455696 0.5374303797468354 0.0443037974683545 0.044303797468354444
0 0.9053291139240508 0.6393291139240507 0.029113924050633067 0.032911392405063356
0 0.6917272727272727 0.6557272727272727 0.021818181818181848 0.020000000000000018
0 0.6726363636363636 0.6552727272727272 0.023636363636363678 0.024545454545454426