0 0.0696329113924049 0.5004556962025316 0.04936708860759498 0.059493670886076044
0 0.11203797468354415 0.5004556962025316 0.05569620253164542 0.059493670886076044
0 0.22532911392405047 0.6264050632911392 0.03417721518987349 0.030379746835442978
0 0.33102531645569605 0.6194430379746836 0.027848101265822822 0.02658227848101269
0 0.360139240506329 0.6194430379746836 0.032911392405063356 0.029113924050632956
0 0.529759493670886 0.5510886075949367 0.04303797468354442 0.044303797468354444
0 0.5607721518987342 0.5479240506329114 0.03924050632911391 0.04303797468354431
0 0.7411518987341772 0.5472911392405063 0.03797468354430389 0.04683544303797471
0 0.7746962025316455 0.5491898734177215 0.03924050632911402 0.05063291139240511
0 0.8892531645569619 0.544759493670886 0.03797468354430367 0.044303797468354444
0 0.9227974683544303 0.5384303797468354 0.044303797468354444 0.044303797468354444
0 0.41267088607594926 0.6403291139240507 0.029113924050633067 0.032911392405063244
0 0.28081818181818186 0.6376363636363637 0.0181818181818183 0.021818181818181737
0 0.6262727272727273 0.6567272727272728 0.02181818181818196 0.019999999999999907
0 0.6453636363636365 0.6562727272727273 0.023636363636363678 0.024545454545454426