0 0.40963291139240493 0.4394556962025316 0.04936708860759487 0.05949367088607593
0 0.4520379746835441 0.4394556962025316 0.05569620253164542 0.05949367088607593
0 0.5653291139240504 0.5654050632911393 0.03417721518987349 0.030379746835442978
0 0.6710253164556961 0.5584430379746835 0.027848101265822933 0.026582278481012578
0 0.700139240506329 0.5584430379746835 0.032911392405063244 0.029113924050632844
0 0.869759493670886 0.4900886075949367 0.04303797468354431 0.044303797468354555
0 0.9007721518987342 0.48692405063291144 0.03924050632911391 0.04303797468354431
0 0.7526708860759492 0.5793291139240506 0.029113924050633067 0.032911392405063356
0 0.6208181818181818 0.5766363636363636 0.0181818181818183 0.021818181818181848
0 0.9662727272727274 0.5957272727272727 0.021818181818181848 0.019999999999999907
0 0.9853636363636364 0.5952727272727273 0.023636363636363678 0.024545454545454426