0 0.37663291139240496 0.4935443037974684 0.04936708860759498 0.05949367088607599
0 0.4190379746835441 0.4935443037974684 0.05569620253164542 0.05949367088607599
0 0.5323291139240505 0.3675949367088608 0.0341772151898736 0.030379746835443033
0 0.638025316455696 0.37455696202531646 0.02784810126582271 0.02658227848101269
0 0.667139240506329 0.3745569620253164 0.032911392405063356 0.0291139240506329
0 0.836759493670886 0.4429113924050633 0.04303797468354442 0.044303797468354444
0 0.8677721518987341 0.4460759493670886 0.03924050632911391 0.043037974683544256
0 0.7196708860759493 0.3536708860759494 0.029113924050632956 0.032911392405063244
0 0.5878181818181819 0.3563636363636363 0.0181818181818183 0.021818181818181792
0 0.9332727272727273 0.3372727272727273 0.021818181818181848 0.019999999999999962
0 0.9523636363636364 0.3377272727272727 0.023636363636363678 0.024545454545454426