0 0.3146329113924049 0.4394556962025316 0.04936708860759498 0.05949367088607593
0 0.35703797468354415 0.4394556962025316 0.05569620253164542 0.05949367088607593
0 0.47032911392405047 0.5654050632911393 0.03417721518987349 0.030379746835442978
0 0.5760253164556961 0.5584430379746835 0.027848101265822822 0.026582278481012578
0 0.6051392405063291 0.5584430379746835 0.032911392405063244 0.029113924050632844
0 0.774759493670886 0.4900886075949367 0.04303797468354431 0.044303797468354555
0 0.8057721518987342 0.48692405063291144 0.03924050632911402 0.04303797468354431
0 0.9835822784810127 0.4862911392405064 0.0328354430379747 0.04683544303797471
0 0.6576708860759493 0.5793291139240506 0.029113924050633067 0.032911392405063356
0 0.5258181818181819 0.5766363636363636 0.0181818181818183 0.021818181818181848
0 0.8712727272727274 0.5957272727272727 0.021818181818181848 0.019999999999999907
0 0.8903636363636365 0.5952727272727273 0.023636363636363567 0.024545454545454426