0 0.39056962025316455 0.12613924050632913 0.09113924050632916 0.11518987341772158
0 0.47727848101265813 0.11727848101265825 0.09493670886075933 0.11518987341772147
0 0.10892405063291122 0.28689873417721523 0.06962025316455711 0.08481012658227849
0 0.17094936708860747 0.2856329113924051 0.069620253164557 0.09240506329113929
0 0.5975316455696202 0.3058860759493671 0.06708860759493673 0.06708860759493662
0 0.6620886075949366 0.29892405063291144 0.07468354430379742 0.06835443037974687
0 0.46525316455696203 0.49196202531645566 0.03037974683544309 0.04177215189873429
0 0.49626582278481013 0.49132911392405065 0.03924050632911391 0.03797468354430378
0 0.32791139240506323 0.5172784810126583 0.03164556962025322 0.03924050632911391
0 0.35892405063291133 0.5172784810126583 0.03544303797468351 0.03417721518987349
0 0.42221518987341766 0.545126582278481 0.032911392405063244 0.03164556962025322