0 0.6855696202531645 0.8688607594936708 0.09113924050632904 0.11518987341772158
0 0.7722784810126582 0.8777215189873417 0.09493670886075933 0.11518987341772147
0 0.11911392405063287 0.7625316455696203 0.09240506329113918 0.11265822784810131
0 0.04253164556962019 0.7827848101265822 0.08354430379746836 0.120253164556962
0 0.40392405063291126 0.7081012658227848 0.06962025316455711 0.08481012658227849
0 0.46594936708860746 0.7093670886075949 0.06962025316455689 0.09240506329113929
0 0.8925316455696202 0.6891139240506329 0.06708860759493673 0.06708860759493662
0 0.9570886075949365 0.6960759493670885 0.07468354430379753 0.06835443037974687
0 0.760253164556962 0.5030379746835443 0.030379746835442978 0.04177215189873429
0 0.7912658227848101 0.5036708860759493 0.03924050632911391 0.03797468354430378
0 0.6229113924050632 0.4777215189873417 0.03164556962025311 0.039240506329113856
0 0.6539240506329114 0.4777215189873417 0.03544303797468351 0.03417721518987343
0 0.7172151898734177 0.44987341772151895 0.032911392405063244 0.03164556962025322