0 0.7845696202531645 0.15113924050632915 0.09113924050632904 0.11518987341772158
0 0.8712784810126581 0.14227848101265822 0.09493670886075944 0.11518987341772158
0 0.21811392405063285 0.2574683544303798 0.09240506329113918 0.11265822784810131
0 0.14153164556962022 0.23721518987341778 0.08354430379746824 0.12025316455696211
0 0.5029240506329112 0.31189873417721525 0.06962025316455711 0.08481012658227849
0 0.5649493670886074 0.3106329113924051 0.06962025316455689 0.09240506329113929
0 0.9789936708860759 0.33088607594936714 0.042012658227848165 0.06708860759493662
0 0.859253164556962 0.5169620253164556 0.030379746835442978 0.0417721518987344
0 0.8902658227848101 0.5163291139240507 0.03924050632911402 0.03797468354430367
0 0.7219113924050632 0.5422784810126583 0.03164556962025311 0.03924050632911391
0 0.7529240506329113 0.5422784810126582 0.03544303797468351 0.03417721518987349
0 0.8162151898734177 0.570126582278481 0.032911392405063244 0.03164556962025311