0 0.33956962025316456 0.15313924050632916 0.09113924050632904 0.11518987341772158
0 0.4262784810126582 0.14427848101265822 0.09493670886075933 0.11518987341772158
0 0.057924050632911284 0.31389873417721526 0.06962025316455711 0.08481012658227849
0 0.11994936708860743 0.3126329113924051 0.069620253164557 0.09240506329113929
0 0.5465316455696202 0.33288607594936714 0.06708860759493684 0.06708860759493662
0 0.6110886075949367 0.32592405063291147 0.07468354430379753 0.06835443037974687
0 0.41425316455696204 0.5189620253164556 0.030379746835442978 0.0417721518987344
0 0.4452658227848101 0.5183291139240507 0.03924050632911391 0.03797468354430367
0 0.27691139240506324 0.5442784810126583 0.03164556962025311 0.03924050632911391
0 0.3079240506329114 0.5442784810126582 0.03544303797468351 0.03417721518987349
0 0.3712151898734177 0.572126582278481 0.03291139240506313 0.03164556962025311