0 0.7555696202531645 0.12913924050632913 0.09113924050632916 0.11518987341772158
0 0.8422784810126582 0.12027848101265826 0.09493670886075944 0.11518987341772147
0 0.18911392405063282 0.23546835443037978 0.09240506329113918 0.11265822784810131
0 0.1125316455696202 0.2152151898734178 0.08354430379746824 0.120253164556962
0 0.4739240506329112 0.28989873417721523 0.06962025316455711 0.08481012658227849
0 0.5359493670886075 0.2886329113924051 0.069620253164557 0.09240506329113929
0 0.9625316455696202 0.3088860759493671 0.06708860759493673 0.06708860759493662
0 0.9948734177215189 0.30192405063291144 0.010253164556962124 0.06835443037974687
0 0.830253164556962 0.49496202531645567 0.03037974683544309 0.04177215189873429
0 0.8612658227848101 0.49432911392405066 0.03924050632911391 0.03797468354430378
0 0.6929113924050633 0.5202784810126583 0.03164556962025311 0.03924050632911391
0 0.7239240506329113 0.5202784810126583 0.03544303797468351 0.03417721518987338
0 0.7872151898734177 0.5481265822784811 0.032911392405063244 0.03164556962025322