0 0.8325696202531645 0.8508607594936708 0.09113924050632904 0.11518987341772158
0 0.9192784810126582 0.8597215189873417 0.09493670886075933 0.11518987341772158
0 0.2661139240506328 0.7445316455696203 0.09240506329113918 0.11265822784810131
0 0.18953164556962016 0.7647848101265822 0.08354430379746824 0.120253164556962
0 0.5509240506329113 0.6901012658227847 0.06962025316455711 0.08481012658227849
0 0.6129493670886075 0.6913670886075949 0.06962025316455689 0.09240506329113929
0 0.907253164556962 0.48503797468354437 0.030379746835442978 0.0417721518987344
0 0.9382658227848101 0.4856708860759493 0.03924050632911391 0.03797468354430372
0 0.7699113924050632 0.4597215189873417 0.03164556962025311 0.039240506329113856
0 0.8009240506329114 0.4597215189873418 0.03544303797468351 0.03417721518987343
0 0.8642151898734177 0.431873417721519 0.032911392405063244 0.03164556962025317