0 0.5455696202531646 0.18013924050632912 0.09113924050632916 0.11518987341772147
0 0.6322784810126582 0.17127848101265825 0.09493670886075933 0.11518987341772158
0 0.012658227848101222 0.2864683544303797 0.025316455696202445 0.11265822784810131
0 0.26392405063291124 0.34089873417721517 0.06962025316455711 0.08481012658227849
0 0.3259493670886075 0.33963291139240515 0.069620253164557 0.09240506329113929
0 0.7525316455696202 0.3598860759493671 0.06708860759493684 0.06708860759493673
0 0.8170886075949366 0.3529240506329114 0.07468354430379742 0.06835443037974687
0 0.620253164556962 0.5459620253164557 0.03037974683544309 0.0417721518987344
0 0.6512658227848102 0.5453291139240507 0.03924050632911391 0.03797468354430378
0 0.4829113924050632 0.5712784810126582 0.03164556962025311 0.03924050632911391
0 0.5139240506329114 0.5712784810126582 0.03544303797468351 0.03417721518987338
0 0.5772151898734177 0.599126582278481 0.032911392405063244 0.03164556962025333