0 0.36543037974683545 0.8658607594936709 0.09113924050632904 0.11518987341772158
0 0.2787215189873418 0.8747215189873417 0.09493670886075936 0.11518987341772147
0 0.9318860759493672 0.7595316455696202 0.09240506329113918 0.11265822784810131
0 0.9833481012658228 0.7797848101265822 0.033303797468354324 0.120253164556962
0 0.6470759493670888 0.7051012658227848 0.06962025316455711 0.08481012658227849
0 0.5850506329113925 0.7063670886075949 0.069620253164557 0.09240506329113929
0 0.1584683544303798 0.6861139240506329 0.06708860759493677 0.06708860759493662
0 0.09391139240506338 0.6930759493670886 0.07468354430379746 0.06835443037974687
0 0.29074683544303803 0.5000379746835444 0.030379746835443033 0.0417721518987344
0 0.2597341772151899 0.5006708860759493 0.03924050632911397 0.03797468354430378
0 0.4280886075949368 0.4747215189873417 0.03164556962025311 0.039240506329113856
0 0.3970759493670887 0.4747215189873417 0.03544303797468357 0.03417721518987343
0 0.33378481012658234 0.446873417721519 0.032911392405063244 0.03164556962025317