0 0.6254303797468355 0.8978607594936708 0.09113924050632916 0.11518987341772147
0 0.5387215189873418 0.9067215189873418 0.09493670886075944 0.11518987341772147
0 0.9070759493670888 0.7371012658227848 0.069620253164557 0.08481012658227849
0 0.8450506329113925 0.7383670886075949 0.069620253164557 0.09240506329113929
0 0.4184683544303798 0.7181139240506329 0.06708860759493679 0.06708860759493662
0 0.3539113924050634 0.7250759493670886 0.07468354430379748 0.06835443037974687
0 0.550746835443038 0.5320379746835444 0.03037974683544309 0.04177215189873429
0 0.5197341772151899 0.5326708860759494 0.03924050632911391 0.03797468354430378
0 0.6880886075949367 0.5067215189873417 0.03164556962025311 0.03924050632911391
0 0.6570759493670886 0.5067215189873417 0.03544303797468362 0.03417721518987338
0 0.5937848101265824 0.4788734177215189 0.032911392405063244 0.03164556962025317