0 0.6765696202531646 0.16213924050632916 0.09113924050632916 0.11518987341772158
0 0.7632784810126582 0.15327848101265823 0.09493670886075933 0.11518987341772158
0 0.11011392405063286 0.2684683544303797 0.09240506329113918 0.11265822784810131
0 0.03765189873417718 0.24821518987341779 0.07530379746835436 0.12025316455696211
0 0.39492405063291125 0.32289873417721515 0.06962025316455711 0.08481012658227849
0 0.45694936708860745 0.32163291139240513 0.06962025316455689 0.09240506329113929
0 0.8835316455696202 0.34188607594936715 0.06708860759493684 0.06708860759493662
0 0.9480886075949366 0.3349240506329114 0.07468354430379742 0.06835443037974698
0 0.751253164556962 0.5279620253164556 0.030379746835442978 0.0417721518987344
0 0.78226582278481 0.5273291139240507 0.03924050632911402 0.03797468354430378
0 0.6139113924050632 0.5532784810126582 0.03164556962025311 0.03924050632911391
0 0.6449240506329114 0.5532784810126582 0.03544303797468351 0.03417721518987338
0 0.7082151898734177 0.581126582278481 0.03291139240506313 0.03164556962025322