0 0.32856962025316455 0.8388607594936708 0.09113924050632904 0.11518987341772158
0 0.4152784810126582 0.8477215189873417 0.09493670886075933 0.11518987341772158
0 0.046924050632911274 0.6781012658227848 0.06962025316455711 0.08481012658227849
0 0.10894936708860747 0.6793670886075949 0.06962025316455689 0.09240506329113929
0 0.5355316455696202 0.6591139240506328 0.06708860759493673 0.06708860759493662
0 0.6000886075949365 0.6660759493670886 0.07468354430379753 0.06835443037974698
0 0.40325316455696203 0.47303797468354436 0.030379746835442978 0.041772151898734344
0 0.4342658227848101 0.4736708860759493 0.03924050632911391 0.03797468354430372
0 0.26591139240506323 0.44772151898734175 0.03164556962025311 0.03924050632911391
0 0.2969240506329114 0.4477215189873418 0.03544303797468351 0.03417721518987343
0 0.36021518987341766 0.419873417721519 0.03291139240506313 0.03164556962025317