0 0.3015696202531645 0.12813924050632913 0.09113924050632904 0.11518987341772158
0 0.38827848101265816 0.11927848101265826 0.09493670886075933 0.11518987341772147
0 0.027367088607594903 0.28889873417721523 0.054734177215189805 0.08481012658227849
0 0.08194936708860745 0.2876329113924051 0.06962025316455689 0.09240506329113929
0 0.5085316455696203 0.3078860759493671 0.06708860759493673 0.06708860759493662
0 0.5730886075949366 0.30092405063291144 0.07468354430379742 0.06835443037974687
0 0.376253164556962 0.49396202531645567 0.030379746835442978 0.04177215189873429
0 0.4072658227848101 0.49332911392405066 0.03924050632911402 0.03797468354430378
0 0.2389113924050632 0.5192784810126583 0.03164556962025311 0.0392405063291138
0 0.26992405063291136 0.5192784810126583 0.03544303797468351 0.03417721518987349
0 0.3332151898734177 0.547126582278481 0.032911392405063244 0.03164556962025322