0 0.18843037974683546 0.11113924050632917 0.0911392405063291 0.11518987341772147
0 0.10172151898734183 0.10227848101265824 0.09493670886075939 0.11518987341772147
0 0.7548860759493672 0.21746835443037976 0.09240506329113929 0.11265822784810131
0 0.8314683544303798 0.1972151898734178 0.08354430379746836 0.120253164556962
0 0.47007594936708874 0.2718987341772152 0.06962025316455711 0.08481012658227849
0 0.40805063291139254 0.2706329113924051 0.069620253164557 0.09240506329113929
0 0.007506329113924096 0.2908860759493671 0.015012658227848192 0.06708860759493662
0 0.11374683544303799 0.47696202531645565 0.030379746835443033 0.04177215189873429
0 0.0827341772151899 0.47632911392405064 0.03924050632911394 0.03797468354430378
0 0.2510886075949368 0.5022784810126583 0.03164556962025314 0.03924050632911391
0 0.22007594936708863 0.5022784810126582 0.03544303797468354 0.03417721518987349
0 0.15678481012658235 0.5301265822784811 0.03291139240506322 0.03164556962025322