0 0.5204303797468355 0.15813924050632916 0.09113924050632904 0.11518987341772158
0 0.4337215189873418 0.14927848101265823 0.09493670886075939 0.11518987341772158
0 0.8020759493670888 0.3188987341772152 0.069620253164557 0.08481012658227838
0 0.7400506329113925 0.3176329113924051 0.069620253164557 0.09240506329113929
0 0.3134683544303798 0.33788607594936715 0.06708860759493679 0.06708860759493662
0 0.2489113924050634 0.3309240506329114 0.07468354430379748 0.06835443037974698
0 0.44574683544303795 0.5239620253164556 0.030379746835443033 0.0417721518987344
0 0.4147341772151899 0.5233291139240507 0.03924050632911391 0.03797468354430378
0 0.5830886075949367 0.5492784810126582 0.03164556962025311 0.03924050632911391
0 0.5520759493670886 0.5492784810126582 0.03544303797468362 0.03417721518987338
0 0.48878481012658237 0.577126582278481 0.0329113924050633 0.03164556962025322