0 0.4115696202531645 0.16813924050632917 0.09113924050632904 0.11518987341772158
0 0.4982784810126582 0.15927848101265824 0.09493670886075944 0.11518987341772158
0 0.12992405063291124 0.32889873417721516 0.06962025316455711 0.08481012658227849
0 0.1919493670886075 0.32763291139240514 0.069620253164557 0.09240506329113929
0 0.6185316455696201 0.34788607594936716 0.06708860759493673 0.06708860759493662
0 0.6830886075949365 0.34092405063291137 0.07468354430379753 0.06835443037974687
0 0.486253164556962 0.5339620253164556 0.030379746835442978 0.0417721518987344
0 0.51726582278481 0.5333291139240507 0.03924050632911391 0.03797468354430378
0 0.3489113924050632 0.5592784810126582 0.03164556962025311 0.03924050632911391
0 0.37992405063291135 0.5592784810126582 0.03544303797468351 0.03417721518987338
0 0.4432151898734177 0.587126582278481 0.032911392405063244 0.03164556962025322