0 0.5414303797468354 0.11813924050632912 0.09113924050632904 0.11518987341772158
0 0.4547215189873418 0.10927848101265825 0.09493670886075933 0.11518987341772147
0 0.8230759493670887 0.2788987341772152 0.06962025316455711 0.08481012658227849
0 0.7610506329113926 0.2776329113924051 0.069620253164557 0.09240506329113929
0 0.3344683544303798 0.2978860759493671 0.06708860759493673 0.06708860759493662
0 0.2699113924050634 0.29092405063291144 0.07468354430379745 0.06835443037974687
0 0.46674683544303797 0.48396202531645566 0.030379746835443033 0.04177215189873429
0 0.4357341772151899 0.48332911392405065 0.03924050632911397 0.03797468354430378
0 0.6040886075949368 0.5092784810126583 0.03164556962025311 0.03924050632911391
0 0.5730759493670886 0.5092784810126583 0.03544303797468351 0.03417721518987349
0 0.5097848101265823 0.537126582278481 0.03291139240506319 0.03164556962025322