0 0.00856329113924037 0.46020253164556957 0.01712658227848074 0.07215189873417716
0 0.08168354430379737 0.5380506329113923 0.06329113924050633 0.0582278481012658
0 0.11586075949367064 0.3007088607594937 0.11645569620253171 0.1278481012658227
0 0.22029113924050614 0.2943797468354431 0.10506329113924062 0.12278481012658227
0 0.6766202531645569 0.21336708860759496 0.12658227848101256 0.14810126582278482
0 0.7861139240506329 0.20260759493670888 0.120253164556962 0.1518987341772151
0 0.9418101265822784 0.4209620253164557 0.06708860759493684 0.09746835443037971
0 0.9857784810126582 0.4253924050632912 0.028443037974683616 0.09113924050632927
0 0.5563670886075949 0.4456455696202532 0.07848101265822782 0.07848101265822771
0 0.6221898734177215 0.44374683544303795 0.06835443037974676 0.07215189873417716
0 0.4088987341772152 0.49944303797468353 0.07974683544303784 0.0772151898734178
0 0.3791518987341772 0.633620253164557 0.03797468354430378 0.04177215189873407
0 0.8494050632911392 0.6038734177215189 0.06202531645569609 0.05316455696202538
0 0.668392405063291 0.5614683544303798 0.0544303797468354 0.04936708860759487
0 0.6228227848101265 0.564 0.051898734177215244 0.04936708860759498
0 0.757632911392405 0.6513417721518987 0.05316455696202527 0.04936708860759498