0 0.9596835443037977 0.46929113924050636 0.0806329113924048 0.05822784810126591
0 0.8953164556962028 0.45220253164556956 0.07088607594936702 0.07215189873417716
0 0.7953164556962027 0.5300506329113924 0.06329113924050633 0.05822784810126591
0 0.7611392405063293 0.2927088607594937 0.11645569620253171 0.1278481012658227
0 0.6567088607594939 0.2863797468354431 0.10506329113924062 0.12278481012658227
0 0.20037974683544307 0.20536708860759495 0.12658227848101264 0.14810126582278482
0 0.09088607594936718 0.19460759493670887 0.120253164556962 0.1518987341772151
0 0.32063291139240513 0.4376455696202532 0.07848101265822777 0.07848101265822771
0 0.25481012658227853 0.43574683544303794 0.06835443037974676 0.07215189873417716
0 0.4681012658227848 0.4914430379746835 0.0797468354430379 0.0772151898734178
0 0.4978481012658228 0.6256202531645569 0.03797468354430378 0.04177215189873407
0 0.029303797468354445 0.595873417721519 0.05860759493670889 0.05316455696202527
0 0.20860759493670894 0.5534683544303798 0.054430379746835456 0.049367088607594756
0 0.25417721518987346 0.5559999999999999 0.05189873417721516 0.04936708860759498
0 0.119367088607595 0.6433417721518987 0.05316455696202535 0.04936708860759498