0 0.9096455696202534 0.5518860759493671 0.06075949367088607 0.06202531645569609
0 0.8558481012658228 0.5525189873417721 0.05949367088607593 0.07088607594936724
0 0.7691392405063293 0.4942911392405064 0.08354430379746836 0.05822784810126591
0 0.7033164556962028 0.4772025316455696 0.07088607594936713 0.07215189873417716
0 0.6033164556962026 0.5550506329113924 0.06329113924050622 0.0582278481012658
0 0.5691392405063294 0.3177088607594937 0.11645569620253171 0.1278481012658227
0 0.4647088607594938 0.31137974683544306 0.10506329113924057 0.12278481012658238
0 0.0358354430379747 0.23036708860759497 0.0716708860759494 0.14810126582278482
0 0.1286329113924051 0.46264556962025316 0.07848101265822775 0.07848101265822782
0 0.06281012658227854 0.46074683544303796 0.06835443037974676 0.07215189873417716
0 0.2761012658227848 0.5164430379746836 0.07974683544303787 0.0772151898734178
0 0.30584810126582274 0.650620253164557 0.03797468354430372 0.04177215189873418
0 0.02191139240506334 0.5784683544303797 0.04382278481012668 0.04936708860759487
0 0.06217721518987344 0.581 0.05189873417721515 0.04936708860759487
0 0.9776075949367089 0.5873291139240506 0.0447848101265822 0.0468354430379746