0 0.024981012658227775 0.6289113924050633 0.04996202531645555 0.09367088607594931
0 0.08793670886075938 0.6384050632911391 0.10886075949367069 0.11012658227848104
0 0.00029746835443028585 0.5111898734177215 0.0005949367088605717 0.06835443037974681
0 0.26135443037974665 0.4751139240506329 0.06075949367088607 0.062025316455696256
0 0.3151518987341772 0.47448101265822795 0.05949367088607593 0.0708860759493673
0 0.40186075949367067 0.5327088607594936 0.08354430379746824 0.05822784810126591
0 0.4676835443037972 0.5497974683544304 0.07088607594936702 0.07215189873417716
0 0.5676835443037973 0.4719493670886076 0.06329113924050622 0.058227848101265856
0 0.6018607594936707 0.7092911392405064 0.11645569620253182 0.1278481012658227
0 0.7062911392405061 0.7156202531645569 0.10506329113924062 0.12278481012658227
0 0.8948987341772152 0.5105569620253165 0.07974683544303796 0.0772151898734178
0 0.8651518987341772 0.37637974683544306 0.03797468354430378 0.04177215189873412
0 0.1854050632911392 0.43967088607594934 0.06075949367088607 0.0468354430379746