0 0.02618354430379738 0.3325949367088608 0.05236708860759476 0.11012658227848104
0 0.17135443037974668 0.4958860759493671 0.06075949367088607 0.0620253164556962
0 0.22515189873417712 0.4965189873417721 0.05949367088607593 0.07088607594936713
0 0.3118607594936707 0.4382911392405064 0.08354430379746824 0.0582278481012658
0 0.37768354430379725 0.4212025316455696 0.07088607594936702 0.07215189873417727
0 0.4776835443037974 0.49905063291139234 0.06329113924050633 0.0582278481012658
0 0.5118607594936706 0.2617088607594937 0.11645569620253171 0.1278481012658227
0 0.6162911392405062 0.25537974683544307 0.10506329113924062 0.12278481012658227
0 0.9523670886075949 0.40664556962025317 0.07848101265822782 0.07848101265822771
0 0.9920063291139241 0.404746835443038 0.015987341772151886 0.07215189873417716
0 0.8048987341772151 0.4604430379746835 0.07974683544303784 0.0772151898734178
0 0.7751518987341772 0.5946202531645569 0.03797468354430378 0.04177215189873418
0 0.9964367088607595 0.525 0.007126582278481064 0.04936708860759498
0 0.09540506329113924 0.5313291139240507 0.06075949367088607 0.04683544303797471