0 0.02056329113924038 0.40720253164556963 0.04112658227848076 0.07215189873417716
0 0.10568354430379734 0.4850506329113924 0.06329113924050622 0.05822784810126569
0 0.13986075949367066 0.24770886075949367 0.11645569620253171 0.1278481012658227
0 0.24429113924050616 0.2413797468354431 0.10506329113924062 0.12278481012658238
0 0.7006202531645569 0.16036708860759497 0.12658227848101256 0.14810126582278493
0 0.8101139240506329 0.1496075949367089 0.120253164556962 0.15189873417721522
0 0.9658101265822784 0.36796202531645567 0.06708860759493684 0.09746835443037971
0 0.9977784810126582 0.3723924050632912 0.004443037974683595 0.09113924050632916
0 0.5803670886075949 0.3926455696202532 0.07848101265822782 0.07848101265822782
0 0.6461898734177214 0.390746835443038 0.06835443037974676 0.07215189873417716
0 0.4328987341772152 0.4464430379746835 0.07974683544303784 0.0772151898734178
0 0.4031518987341772 0.580620253164557 0.03797468354430378 0.04177215189873407
0 0.8734050632911392 0.550873417721519 0.06202531645569609 0.05316455696202538
0 0.692392405063291 0.5084683544303799 0.0544303797468354 0.04936708860759487
0 0.6468227848101266 0.511 0.051898734177215244 0.04936708860759498
0 0.781632911392405 0.5983417721518988 0.05316455696202538 0.04936708860759498