0 0.9036455696202534 0.4991139240506329 0.06075949367088607 0.0620253164556962
0 0.8498481012658228 0.49848101265822786 0.05949367088607593 0.07088607594936719
0 0.7631392405063293 0.5567088607594937 0.08354430379746836 0.05822784810126591
0 0.6973164556962028 0.5737974683544305 0.07088607594936713 0.07215189873417727
0 0.5973164556962026 0.4959493670886076 0.06329113924050622 0.058227848101265856
0 0.5631392405063294 0.7332911392405064 0.11645569620253171 0.1278481012658227
0 0.4587088607594939 0.7396202531645569 0.10506329113924068 0.12278481012658227
0 0.0328354430379747 0.8206329113924051 0.0656708860759494 0.14810126582278482
0 0.12263291139240512 0.5883544303797468 0.07848101265822778 0.07848101265822771
0 0.05681012658227855 0.590253164556962 0.06835443037974676 0.07215189873417716
0 0.2701012658227848 0.5345569620253166 0.07974683544303787 0.0772151898734178
0 0.29984810126582273 0.40037974683544303 0.03797468354430372 0.04177215189873418
0 0.01891139240506334 0.47253164556962024 0.03782278481012668 0.04936708860759487
0 0.05617721518987343 0.47 0.05189873417721515 0.04936708860759492
0 0.9746075949367089 0.4636708860759493 0.0507848101265822 0.046835443037974656