0 0.9864367088607596 0.5587974683544304 0.02712658227848075 0.07215189873417716
0 0.9083164556962027 0.4809493670886076 0.06329113924050622 0.058227848101265856
0 0.8741392405063293 0.7182911392405062 0.11645569620253171 0.1278481012658227
0 0.7697088607594939 0.7246202531645569 0.10506329113924062 0.12278481012658227
0 0.3133797468354431 0.805632911392405 0.1265822784810126 0.14810126582278482
0 0.2038860759493672 0.8163924050632911 0.12025316455696203 0.1518987341772151
0 0.04818987341772162 0.5980379746835442 0.06708860759493677 0.09746835443037971
0 0.009221518987341824 0.5936075949367088 0.01844303797468365 0.09113924050632927
0 0.4336329113924051 0.5733544303797469 0.07848101265822777 0.07848101265822771
0 0.3678101265822785 0.5752531645569621 0.06835443037974676 0.07215189873417727
0 0.5811012658227848 0.5195569620253164 0.07974683544303784 0.0772151898734178
0 0.6108481012658228 0.38537974683544307 0.03797468354430378 0.04177215189873412
0 0.1405949367088608 0.415126582278481 0.062025316455696144 0.05316455696202532
0 0.321607594936709 0.4575316455696202 0.054430379746835456 0.04936708860759481
0 0.36717721518987345 0.45499999999999996 0.05189873417721513 0.04936708860759492
0 0.232367088607595 0.36765822784810126 0.05316455696202532 0.04936708860759498