0 0.05048101265822774 0.3530886075949367 0.10096202531645548 0.09367088607594931
0 0.13893670886075943 0.3435949367088608 0.10886075949367069 0.11012658227848104
0 0.02579746835443031 0.47081012658227855 0.05159493670886062 0.06835443037974687
0 0.3123544303797467 0.5068860759493672 0.06075949367088607 0.0620253164556962
0 0.36615189873417714 0.5075189873417721 0.05949367088607593 0.07088607594936724
0 0.4528607594936707 0.44929113924050634 0.08354430379746824 0.05822784810126591
0 0.5186835443037973 0.43220253164556954 0.07088607594936702 0.07215189873417716
0 0.6186835443037974 0.5100506329113924 0.06329113924050622 0.05822784810126591
0 0.6528607594936706 0.2727088607594937 0.11645569620253171 0.1278481012658227
0 0.7572911392405062 0.2663797468354431 0.10506329113924062 0.12278481012658227
0 0.9458987341772152 0.4714430379746835 0.07974683544303784 0.0772151898734178
0 0.9161518987341772 0.605620253164557 0.03797468354430378 0.04177215189873418
0 0.23640506329113914 0.5423291139240507 0.06075949367088607 0.0468354430379746