0 0.9869367088607597 0.5207974683544304 0.026126582278480748 0.07215189873417716
0 0.9093164556962027 0.4429493670886076 0.06329113924050622 0.0582278481012658
0 0.8751392405063294 0.6802911392405063 0.11645569620253171 0.1278481012658228
0 0.7707088607594939 0.6866202531645569 0.10506329113924062 0.12278481012658238
0 0.3143797468354431 0.767632911392405 0.1265822784810126 0.14810126582278482
0 0.2048860759493672 0.7783924050632911 0.12025316455696203 0.1518987341772151
0 0.04918987341772162 0.5600379746835442 0.06708860759493677 0.09746835443037971
0 0.009721518987341825 0.5556075949367089 0.01944303797468365 0.09113924050632916
0 0.4346329113924051 0.5353544303797468 0.07848101265822777 0.07848101265822782
0 0.3688101265822785 0.537253164556962 0.06835443037974676 0.07215189873417716
0 0.5821012658227849 0.48155696202531645 0.07974683544303784 0.0772151898734178
0 0.6118481012658228 0.34737974683544304 0.03797468354430378 0.04177215189873412
0 0.1415949367088608 0.377126582278481 0.062025316455696144 0.05316455696202538
0 0.322607594936709 0.41953164556962025 0.054430379746835456 0.04936708860759487
0 0.36817721518987345 0.41700000000000004 0.05189873417721513 0.04936708860759492
0 0.233367088607595 0.3296582278481013 0.05316455696202532 0.04936708860759492