0 0.9891329113924052 0.4661139240506329 0.021734177215189665 0.0620253164556962
0 0.9548481012658228 0.46548101265822794 0.05949367088607593 0.0708860759493673
0 0.8681392405063293 0.5237088607594936 0.08354430379746824 0.05822784810126591
0 0.8023164556962028 0.5407974683544304 0.07088607594936713 0.07215189873417716
0 0.7023164556962026 0.4629493670886076 0.06329113924050622 0.0582278481012658
0 0.6681392405063293 0.7002911392405062 0.11645569620253171 0.1278481012658227
0 0.5637088607594939 0.7066202531645569 0.10506329113924062 0.12278481012658227
0 0.10737974683544309 0.787632911392405 0.12658227848101264 0.14810126582278482
0 0.029006329113924097 0.7983924050632911 0.05801265822784819 0.1518987341772151
0 0.2276329113924051 0.5553544303797469 0.0784810126582278 0.07848101265822771
0 0.16181012658227856 0.557253164556962 0.06835443037974678 0.07215189873417716
0 0.3751012658227848 0.5015569620253164 0.07974683544303784 0.0772151898734178
0 0.4048481012658228 0.36737974683544306 0.03797468354430372 0.04177215189873412
0 0.11560759493670894 0.4395316455696202 0.05443037974683544 0.04936708860759481
0 0.16117721518987344 0.437 0.05189873417721513 0.04936708860759498
0 0.026474683544303844 0.3496582278481013 0.05294936708860769 0.04936708860759492