0 0.9861329113924051 0.5268860759493671 0.02773417721518967 0.06202531645569631
0 0.9488481012658228 0.527518987341772 0.05949367088607593 0.07088607594936736
0 0.8621392405063293 0.46929113924050636 0.08354430379746824 0.05822784810126591
0 0.7963164556962028 0.45220253164556956 0.07088607594936713 0.07215189873417716
0 0.6963164556962027 0.5300506329113924 0.06329113924050633 0.05822784810126591
0 0.6621392405063293 0.2927088607594937 0.11645569620253171 0.1278481012658227
0 0.5577088607594939 0.2863797468354431 0.10506329113924062 0.12278481012658227
0 0.1013797468354431 0.20536708860759495 0.1265822784810126 0.14810126582278482
0 0.026006329113924097 0.19460759493670887 0.052012658227848195 0.1518987341772151
0 0.2216329113924051 0.4376455696202532 0.0784810126582278 0.07848101265822771
0 0.15581012658227855 0.43574683544303794 0.06835443037974677 0.07215189873417716
0 0.3691012658227848 0.4914430379746835 0.07974683544303784 0.0772151898734178
0 0.3988481012658228 0.6256202531645569 0.03797468354430372 0.04177215189873407
0 0.10960759493670896 0.5534683544303798 0.05443037974683547 0.049367088607594756
0 0.15517721518987343 0.5559999999999999 0.05189873417721513 0.04936708860759498
0 0.023474683544303845 0.6433417721518987 0.04694936708860769 0.04936708860759498