0 0.9889367088607597 0.40720253164556963 0.022126582278480744 0.07215189873417716
0 0.9133164556962026 0.4850506329113924 0.06329113924050633 0.05822784810126569
0 0.8791392405063294 0.24770886075949367 0.11645569620253171 0.1278481012658227
0 0.7747088607594939 0.2413797468354431 0.10506329113924062 0.12278481012658238
0 0.3183797468354431 0.16036708860759497 0.1265822784810126 0.14810126582278493
0 0.2088860759493672 0.1496075949367089 0.12025316455696203 0.15189873417721522
0 0.05318987341772163 0.36796202531645567 0.06708860759493677 0.09746835443037971
0 0.011721518987341823 0.3723924050632912 0.023443037974683646 0.09113924050632916
0 0.4386329113924051 0.3926455696202532 0.07848101265822777 0.07848101265822782
0 0.3728101265822785 0.390746835443038 0.06835443037974676 0.07215189873417716
0 0.5861012658227849 0.4464430379746835 0.07974683544303784 0.0772151898734178
0 0.6158481012658228 0.580620253164557 0.03797468354430378 0.04177215189873407
0 0.1455949367088608 0.550873417721519 0.062025316455696144 0.05316455696202538
0 0.326607594936709 0.5084683544303799 0.054430379746835456 0.04936708860759487
0 0.37217721518987346 0.511 0.05189873417721513 0.04936708860759498
0 0.23736708860759498 0.5983417721518988 0.05316455696202535 0.04936708860759498