0 0.00898101265822776 0.3900886075949367 0.01796202531645552 0.09367088607594942
0 0.055936708860759354 0.3805949367088608 0.10886075949367069 0.11012658227848093
0 0.22935443037974662 0.5438860759493671 0.06075949367088607 0.06202531645569609
0 0.2831518987341772 0.5445189873417721 0.05949367088607593 0.07088607594936724
0 0.3698607594936707 0.4862911392405064 0.08354430379746836 0.05822784810126591
0 0.43568354430379724 0.4692025316455696 0.07088607594936713 0.07215189873417716
0 0.5356835443037973 0.5470506329113924 0.06329113924050633 0.0582278481012658
0 0.5698607594936707 0.3097088607594937 0.11645569620253182 0.1278481012658227
0 0.6742911392405062 0.3033797468354431 0.10506329113924062 0.12278481012658227
0 0.9855632911392405 0.4546455696202532 0.028873417721518968 0.07848101265822771
0 0.8628987341772152 0.5084430379746836 0.07974683544303796 0.0772151898734178
0 0.8331518987341773 0.642620253164557 0.03797468354430367 0.04177215189873418
0 0.15340506329113918 0.5793291139240506 0.06075949367088607 0.0468354430379746