0 0.014481012658227765 0.3880886075949367 0.02896202531645553 0.09367088607594942
0 0.06693670886075936 0.37859493670886085 0.10886075949367069 0.11012658227848104
0 0.24035443037974663 0.5418860759493671 0.06075949367088607 0.06202531645569609
0 0.2941518987341772 0.5425189873417721 0.05949367088607593 0.07088607594936724
0 0.38086075949367065 0.4842911392405064 0.08354430379746824 0.05822784810126591
0 0.44668354430379725 0.4672025316455696 0.07088607594936713 0.07215189873417716
0 0.5466835443037974 0.5450506329113924 0.06329113924050622 0.0582278481012658
0 0.5808607594936708 0.3077088607594937 0.11645569620253171 0.1278481012658227
0 0.6852911392405061 0.3013797468354431 0.10506329113924062 0.12278481012658227
0 0.9910632911392405 0.4526455696202532 0.017873417721518958 0.07848101265822771
0 0.8738987341772153 0.5064430379746836 0.07974683544303784 0.0772151898734178
0 0.8441518987341772 0.640620253164557 0.03797468354430367 0.04177215189873418
0 0.1644050632911392 0.5773291139240506 0.06075949367088607 0.0468354430379746