0 0.9788164556962027 0.36259493670886084 0.04236708860759475 0.11012658227848104
0 0.8386455696202533 0.5258860759493671 0.06075949367088607 0.0620253164556962
0 0.7848481012658228 0.526518987341772 0.059493670886076044 0.07088607594936724
0 0.6981392405063294 0.46829113924050636 0.08354430379746824 0.05822784810126591
0 0.6323164556962028 0.45120253164556956 0.07088607594936702 0.07215189873417716
0 0.5323164556962027 0.5290506329113924 0.06329113924050622 0.0582278481012658
0 0.4981392405063293 0.2917088607594937 0.11645569620253177 0.1278481012658227
0 0.39370886075949385 0.2853797468354431 0.10506329113924062 0.12278481012658227
0 0.00033544303797469863 0.20436708860759495 0.0006708860759493973 0.14810126582278482
0 0.0576329113924051 0.4366455696202532 0.07848101265822777 0.07848101265822771
0 0.012993670886075961 0.43474683544303794 0.025987341772151923 0.07215189873417716
0 0.20510126582278482 0.4904430379746835 0.07974683544303787 0.0772151898734178
0 0.23484810126582278 0.6246202531645569 0.037974683544303695 0.04177215189873418
0 0.008563291139240505 0.555 0.01712658227848101 0.04936708860759498
0 0.9145949367088608 0.5613291139240506 0.06075949367088607 0.0468354430379746