0 0.02554430379746825 0.2847088607594937 0.0510886075949365 0.1278481012658227
0 0.09729113924050614 0.2783797468354431 0.10506329113924062 0.12278481012658227
0 0.5536202531645569 0.19736708860759494 0.12658227848101256 0.14810126582278482
0 0.6631139240506329 0.18660759493670886 0.120253164556962 0.1518987341772151
0 0.8188101265822784 0.4049620253164557 0.06708860759493684 0.09746835443037971
0 0.8871645569620252 0.40939240506329116 0.07721518987341769 0.09113924050632927
0 0.4333670886075949 0.4296455696202532 0.07848101265822782 0.07848101265822771
0 0.4991898734177215 0.42774683544303793 0.06835443037974676 0.07215189873417716
0 0.2858987341772152 0.4834430379746835 0.07974683544303784 0.0772151898734178
0 0.2561518987341772 0.6176202531645569 0.03797468354430378 0.04177215189873407
0 0.7264050632911392 0.587873417721519 0.06202531645569609 0.05316455696202527
0 0.545392405063291 0.5454683544303798 0.0544303797468354 0.049367088607594756
0 0.4998227848101266 0.5479999999999999 0.05189873417721513 0.04936708860759498
0 0.935898734177215 0.5650886075949367 0.05063291139240511 0.05063291139240511
0 0.634632911392405 0.6353417721518987 0.05316455696202527 0.04936708860759498