0 0.6393797468354431 0.789632911392405 0.12658227848101267 0.14810126582278482
0 0.5298860759493672 0.8003924050632911 0.12025316455696206 0.1518987341772151
0 0.3741898734177216 0.5820379746835442 0.06708860759493679 0.09746835443037971
0 0.30583544303797483 0.5776075949367088 0.07721518987341769 0.09113924050632927
0 0.7596329113924052 0.5573544303797469 0.07848101265822771 0.07848101265822771
0 0.6938101265822786 0.5592531645569621 0.06835443037974676 0.07215189873417716
0 0.9071012658227848 0.5035569620253164 0.07974683544303784 0.0772151898734178
0 0.9368481012658227 0.36937974683544306 0.03797468354430367 0.04177215189873412
0 0.4665949367088608 0.399126582278481 0.0620253164556962 0.05316455696202538
0 0.6476075949367089 0.4415316455696202 0.05443037974683551 0.04936708860759481
0 0.6931772151898734 0.439 0.05189873417721513 0.04936708860759498
0 0.2571012658227849 0.42191139240506326 0.05063291139240511 0.050632911392405056
0 0.558367088607595 0.3516582278481013 0.05316455696202538 0.04936708860759492