0 0.019411392405063232 0.25537974683544307 0.038822784810126465 0.12278481012658227
0 0.4426202531645569 0.17436708860759492 0.12658227848101267 0.14810126582278482
0 0.5521139240506328 0.1636075949367089 0.12025316455696211 0.15189873417721522
0 0.7078101265822784 0.3819620253164557 0.06708860759493684 0.09746835443037971
0 0.7761645569620252 0.38639240506329114 0.07721518987341769 0.09113924050632927
0 0.3223670886075949 0.40664556962025317 0.07848101265822782 0.07848101265822771
0 0.3881898734177215 0.404746835443038 0.06835443037974676 0.07215189873417716
0 0.1748987341772152 0.4604430379746835 0.07974683544303784 0.0772151898734178
0 0.14515189873417722 0.5946202531645569 0.03797468354430378 0.04177215189873418
0 0.6154050632911392 0.564873417721519 0.06202531645569609 0.05316455696202538
0 0.4343924050632911 0.5224683544303799 0.0544303797468354 0.04936708860759487
0 0.3888227848101266 0.525 0.05189873417721513 0.04936708860759498
0 0.824898734177215 0.5420886075949367 0.05063291139240511 0.050632911392405
0 0.523632911392405 0.6123417721518988 0.05316455696202538 0.04936708860759498