0 0.9701835443037976 0.47629113924050637 0.059632911392404786 0.05822784810126591
0 0.9163164556962027 0.45920253164556957 0.07088607594936713 0.07215189873417716
0 0.8163164556962026 0.5370506329113924 0.06329113924050633 0.0582278481012658
0 0.7821392405063292 0.2997088607594937 0.11645569620253171 0.1278481012658227
0 0.6777088607594939 0.2933797468354431 0.10506329113924062 0.12278481012658227
0 0.2213797468354431 0.21236708860759496 0.12658227848101258 0.14810126582278482
0 0.11188607594936718 0.20160759493670888 0.12025316455696203 0.1518987341772151
0 0.34163291139240515 0.4446455696202532 0.07848101265822777 0.07848101265822771
0 0.27581012658227855 0.44274683544303794 0.06835443037974676 0.07215189873417716
0 0.4891012658227848 0.49844303797468353 0.0797468354430379 0.0772151898734178
0 0.5188481012658228 0.632620253164557 0.03797468354430367 0.04177215189873418
0 0.048594936708860816 0.602873417721519 0.06202531645569616 0.05316455696202538
0 0.22960759493670896 0.5604683544303797 0.05443037974683543 0.04936708860759487
0 0.2751772151898734 0.5630000000000001 0.05189873417721513 0.04936708860759498
0 0.140367088607595 0.6503417721518987 0.053164556962025364 0.04936708860759487