0 0.36862025316455693 0.8026329113924051 0.12658227848101267 0.14810126582278482
0 0.4781139240506328 0.8133924050632911 0.120253164556962 0.1518987341772151
0 0.6338101265822784 0.5950379746835444 0.06708860759493673 0.09746835443037971
0 0.7021645569620252 0.5906075949367089 0.07721518987341769 0.09113924050632927
0 0.24836708860759488 0.5703544303797468 0.07848101265822771 0.07848101265822771
0 0.3141898734177214 0.5722531645569621 0.06835443037974676 0.07215189873417716
0 0.10089873417721523 0.5165569620253165 0.07974683544303784 0.0772151898734178
0 0.07115189873417721 0.38237974683544307 0.03797468354430367 0.04177215189873412
0 0.5414050632911391 0.412126582278481 0.0620253164556962 0.05316455696202532
0 0.36039240506329107 0.4545316455696202 0.05443037974683551 0.04936708860759481
0 0.31482278481012654 0.452 0.05189873417721513 0.04936708860759498
0 0.7508987341772151 0.43491139240506327 0.05063291139240511 0.050632911392405056
0 0.449632911392405 0.36465822784810126 0.05316455696202538 0.04936708860759498