0 0.03848101265822779 0.3940886075949367 0.07696202531645557 0.09367088607594942
0 0.1149367088607594 0.3845949367088608 0.10886075949367069 0.11012658227848093
0 0.013797468354430298 0.5118101265822785 0.027594936708860596 0.06835443037974676
0 0.2883544303797467 0.5478860759493671 0.06075949367088607 0.06202531645569609
0 0.3421518987341772 0.5485189873417721 0.059493670886076044 0.07088607594936724
0 0.4288607594936707 0.4902911392405064 0.08354430379746824 0.05822784810126591
0 0.4946835443037973 0.4732025316455696 0.07088607594936713 0.07215189873417716
0 0.5946835443037974 0.5510506329113924 0.06329113924050633 0.0582278481012658
0 0.6288607594936706 0.3137088607594937 0.11645569620253171 0.1278481012658227
0 0.7332911392405062 0.30737974683544306 0.10506329113924062 0.12278481012658238
0 0.9218987341772151 0.5124430379746836 0.07974683544303784 0.0772151898734178
0 0.8921518987341772 0.646620253164557 0.03797468354430378 0.04177215189873418
0 0.21240506329113923 0.5833291139240506 0.06075949367088607 0.0468354430379746