0 0.003911392405063219 0.2863797468354431 0.007822784810126437 0.12278481012658227
0 0.4116202531645569 0.20536708860759495 0.12658227848101256 0.14810126582278482
0 0.5211139240506328 0.19460759493670887 0.120253164556962 0.1518987341772151
0 0.6768101265822783 0.4129620253164557 0.06708860759493673 0.09746835443037971
0 0.7451645569620252 0.41739240506329117 0.07721518987341769 0.09113924050632927
0 0.2913670886075949 0.4376455696202532 0.07848101265822771 0.07848101265822771
0 0.35718987341772146 0.43574683544303794 0.06835443037974676 0.07215189873417716
0 0.14389873417721516 0.4914430379746835 0.07974683544303784 0.0772151898734178
0 0.11415189873417719 0.6256202531645569 0.03797468354430378 0.04177215189873407
0 0.5844050632911393 0.595873417721519 0.0620253164556962 0.05316455696202527
0 0.40339240506329105 0.5534683544303798 0.0544303797468354 0.049367088607594756
0 0.3578227848101266 0.5559999999999999 0.05189873417721513 0.04936708860759498
0 0.7938987341772151 0.5730886075949367 0.05063291139240511 0.05063291139240511
0 0.49263291139240495 0.6433417721518987 0.05316455696202538 0.04936708860759498