0 0.9770506329113924 0.5525189873417721 0.04589873417721513 0.07088607594936724
0 0.8971392405063293 0.4942911392405064 0.08354430379746836 0.05822784810126591
0 0.8313164556962027 0.4772025316455696 0.07088607594936713 0.07215189873417716
0 0.7313164556962026 0.5550506329113924 0.06329113924050622 0.0582278481012658
0 0.6971392405063292 0.3177088607594937 0.11645569620253171 0.1278481012658227
0 0.5927088607594939 0.31137974683544306 0.10506329113924051 0.12278481012658238
0 0.1363797468354431 0.23036708860759497 0.1265822784810126 0.14810126582278482
0 0.043506329113924096 0.2196075949367089 0.08701265822784819 0.1518987341772151
0 0.25663291139240507 0.46264556962025316 0.07848101265822777 0.07848101265822782
0 0.19081012658227853 0.46074683544303796 0.06835443037974678 0.07215189873417716
0 0.4041012658227848 0.5164430379746836 0.0797468354430379 0.0772151898734178
0 0.43384810126582274 0.650620253164557 0.03797468354430372 0.04177215189873418
0 0.14460759493670894 0.5784683544303797 0.05443037974683544 0.04936708860759487
0 0.19017721518987343 0.581 0.05189873417721513 0.04936708860759487
0 0.05536708860759501 0.6683417721518987 0.05316455696202536 0.04936708860759487