0 0.07446835443037958 0.3680886075949367 0.11898734177215187 0.09367088607594931
0 0.17193670886075935 0.35859493670886083 0.10886075949367069 0.11012658227848104
0 0.04345569620253148 0.4858101265822785 0.08227848101265811 0.06835443037974676
0 0.3453544303797466 0.5218860759493671 0.06075949367088607 0.06202531645569609
0 0.39915189873417717 0.522518987341772 0.05949367088607593 0.07088607594936724
0 0.48586075949367064 0.46429113924050636 0.08354430379746824 0.05822784810126591
0 0.5516835443037973 0.44720253164556956 0.07088607594936702 0.07215189873417716
0 0.6516835443037974 0.5250506329113924 0.06329113924050622 0.0582278481012658
0 0.6858607594936708 0.2877088607594937 0.11645569620253171 0.1278481012658227
0 0.7902911392405061 0.2813797468354431 0.10506329113924062 0.12278481012658227
0 0.9695126582278482 0.4864430379746835 0.06097468354430369 0.0772151898734178
0 0.9491518987341772 0.6206202531645569 0.03797468354430367 0.04177215189873418
0 0.26940506329113917 0.5573291139240506 0.06075949367088607 0.0468354430379746