0 0.9585886075949368 0.679620253164557 0.0828227848101265 0.12278481012658238
0 0.5133797468354431 0.7606329113924051 0.1265822784810126 0.14810126582278482
0 0.4038860759493672 0.7713924050632911 0.12025316455696206 0.1518987341772151
0 0.24818987341772164 0.5530379746835443 0.06708860759493676 0.09746835443037971
0 0.17983544303797483 0.5486075949367089 0.07721518987341766 0.09113924050632916
0 0.6336329113924051 0.5283544303797468 0.07848101265822771 0.07848101265822782
0 0.5678101265822786 0.530253164556962 0.06835443037974676 0.07215189873417716
0 0.7811012658227847 0.4745569620253165 0.07974683544303784 0.07721518987341774
0 0.8108481012658229 0.34037974683544303 0.03797468354430367 0.04177215189873418
0 0.3405949367088608 0.370126582278481 0.0620253164556962 0.05316455696202538
0 0.5216075949367089 0.41253164556962024 0.054430379746835456 0.04936708860759487
0 0.5671772151898735 0.41000000000000003 0.05189873417721513 0.04936708860759492
0 0.13110126582278492 0.39291139240506323 0.05063291139240514 0.050632911392405056
0 0.432367088607595 0.3226582278481013 0.05316455696202532 0.04936708860759498