0 0.9914367088607596 0.44720253164556956 0.01712658227848074 0.07215189873417716
0 0.9183164556962027 0.5250506329113924 0.06329113924050633 0.0582278481012658
0 0.8841392405063293 0.2877088607594937 0.11645569620253171 0.1278481012658227
0 0.7797088607594939 0.2813797468354431 0.10506329113924062 0.12278481012658227
0 0.3233797468354431 0.20036708860759495 0.1265822784810126 0.14810126582278482
0 0.2138860759493672 0.18960759493670887 0.12025316455696203 0.1518987341772151
0 0.05818987341772163 0.4079620253164557 0.06708860759493677 0.09746835443037971
0 0.014221518987341824 0.41239240506329117 0.028443037974683647 0.09113924050632927
0 0.4436329113924051 0.4326455696202532 0.07848101265822777 0.07848101265822771
0 0.3778101265822785 0.43074683544303793 0.06835443037974676 0.07215189873417716
0 0.5911012658227848 0.4864430379746835 0.07974683544303784 0.0772151898734178
0 0.6208481012658228 0.6206202531645569 0.03797468354430378 0.04177215189873418
0 0.15059493670886082 0.590873417721519 0.06202531645569616 0.05316455696202538
0 0.331607594936709 0.5484683544303797 0.054430379746835456 0.04936708860759487
0 0.37717721518987346 0.551 0.05189873417721519 0.04936708860759498
0 0.24236708860759498 0.6383417721518988 0.05316455696202535 0.04936708860759498