0 0.004044303797468285 0.6912911392405063 0.00808860759493657 0.1278481012658227
0 0.0542911392405061 0.6976202531645569 0.10506329113924062 0.12278481012658227
0 0.510620253164557 0.7786329113924051 0.12658227848101256 0.14810126582278482
0 0.6201139240506328 0.7893924050632911 0.120253164556962 0.1518987341772151
0 0.7758101265822783 0.5710379746835443 0.06708860759493673 0.09746835443037971
0 0.8441645569620252 0.5666075949367089 0.07721518987341769 0.09113924050632927
0 0.3903670886075949 0.5463544303797467 0.07848101265822771 0.07848101265822771
0 0.45618987341772144 0.548253164556962 0.06835443037974676 0.07215189873417716
0 0.24289873417721525 0.49255696202531646 0.07974683544303784 0.0772151898734178
0 0.21315189873417723 0.35837974683544305 0.03797468354430367 0.04177215189873412
0 0.6834050632911393 0.388126582278481 0.0620253164556962 0.05316455696202538
0 0.5023924050632911 0.43053164556962026 0.0544303797468354 0.04936708860759487
0 0.45682278481012656 0.428 0.05189873417721513 0.04936708860759498
0 0.8928987341772151 0.41091139240506325 0.05063291139240511 0.050632911392405056
0 0.5916329113924049 0.3406582278481013 0.05316455696202538 0.04936708860759492