0 0.573379746835443 0.1479873417721519 0.13417721518987347 0.1443037974683543
0 0.6873037974683543 0.13216455696202534 0.11898734177215187 0.13797468354430387
0 0.2664177215189873 0.2543164556962026 0.09493670886075944 0.12405063291139251
0 0.3569240506329113 0.25115189873417726 0.09873417721518996 0.11012658227848104
0 0.5043924050632911 0.39482278481012656 0.07215189873417716 0.07848101265822782
0 0.07591139240506334 0.4055822784810126 0.07848101265822793 0.10506329113924062
0 0.14932911392405057 0.40621518987341776 0.07594936708860756 0.08607594936708862
0 0.03034177215189876 0.6473544303797468 0.03037974683544309 0.029113924050632844
0 0.3784430379746834 0.558113924050633 0.04810126582278473 0.050632911392405
0 0.4252784810126582 0.558746835443038 0.055696202531645644 0.0544303797468354
0 0.5157848101265823 0.5644430379746835 0.05189873417721513 0.04303797468354431