0 0.350620253164557 0.1579873417721519 0.13417721518987347 0.1443037974683543
0 0.23669620253164567 0.14216455696202535 0.11898734177215192 0.13797468354430387
0 0.6575822784810127 0.26431645569620255 0.09493670886075956 0.1240506329113924
0 0.5670759493670887 0.26115189873417727 0.09873417721518996 0.11012658227848104
0 0.4196075949367089 0.40482278481012657 0.07215189873417716 0.07848101265822782
0 0.8480886075949366 0.4155822784810126 0.07848101265822782 0.10506329113924062
0 0.7746708860759495 0.4162151898734177 0.07594936708860756 0.08607594936708851
0 0.9632848101265823 0.4617848101265823 0.0734303797468353 0.08607594936708851
0 0.8936582278481013 0.6573544303797468 0.03037974683544309 0.029113924050632844
0 0.5455569620253164 0.568113924050633 0.04810126582278473 0.050632911392405
0 0.49872151898734185 0.5687468354430381 0.0556962025316457 0.0544303797468354
0 0.40821518987341776 0.5744430379746835 0.05189873417721519 0.04303797468354431