0 0.10208860759493665 0.3895822784810126 0.07848101265822788 0.10506329113924051
0 0.03332278481012662 0.39021518987341774 0.06664556962025324 0.08607594936708862
0 0.293860759493671 0.4370506329113925 0.07721518987341758 0.08101265822784798
0 0.2198101265822786 0.43578481012658227 0.07848101265822785 0.08607594936708851
0 0.603987341772152 0.24591139240506332 0.13037974683544296 0.12151898734177213
0 0.4881645569620254 0.23705063291139244 0.15189873417721522 0.13417721518987336
0 0.7362658227848102 0.4003417721518988 0.09620253164556947 0.08101265822784809
0 0.6508227848101267 0.40287341772151897 0.10000000000000009 0.07848101265822782
0 0.5514556962025319 0.47692405063291143 0.07341772151898729 0.07215189873417716
0 0.34639240506329133 0.5307215189873418 0.055696202531645644 0.05316455696202538
0 0.14765822784810126 0.6313544303797468 0.030379746835443144 0.029113924050632844