0 0.907379746835443 0.9200126582278481 0.13417721518987347 0.1443037974683543
0 0.9809050632911391 0.9334240506329113 0.03818987341772162 0.13315189873417732
0 0.6004177215189874 0.8136835443037974 0.09493670886075944 0.1240506329113924
0 0.6909240506329113 0.8168481012658226 0.09873417721518996 0.11012658227848104
0 0.8383924050632912 0.6731772151898734 0.07215189873417716 0.07848101265822793
0 0.40991139240506336 0.6624177215189874 0.07848101265822782 0.10506329113924062
0 0.48332911392405054 0.6617848101265823 0.07594936708860756 0.08607594936708862
0 0.218139240506329 0.6149493670886075 0.07721518987341758 0.08101265822784798
0 0.2921898734177214 0.6162151898734177 0.07848101265822782 0.08607594936708862
0 0.04989240506329112 0.8149493670886077 0.09978481012658225 0.13417721518987336
0 0.16560759493670862 0.5212784810126582 0.055696202531645644 0.05316455696202532
0 0.3643417721518987 0.4206455696202532 0.03037974683544309 0.029113924050632956
0 0.7124430379746836 0.5098860759493671 0.04810126582278473 0.05063291139240511
0 0.7592784810126582 0.509253164556962 0.055696202531645644 0.054430379746835345
0 0.8497848101265821 0.5035569620253164 0.05189873417721513 0.043037974683544256