0 0.9954746835443038 0.8056835443037974 0.009050632911392409 0.1240506329113924
0 0.8479113924050634 0.6544177215189874 0.07848101265822793 0.10506329113924062
0 0.9213291139240505 0.6537848101265823 0.07594936708860767 0.08607594936708862
0 0.656139240506329 0.6069493670886075 0.07721518987341747 0.08101265822784798
0 0.7301898734177215 0.6082151898734177 0.07848101265822793 0.08607594936708862
0 0.346012658227848 0.7980886075949367 0.13037974683544307 0.12151898734177202
0 0.46183544303797464 0.8069493670886076 0.1518987341772151 0.13417721518987336
0 0.21373417721518984 0.6436582278481012 0.09620253164556947 0.08101265822784809
0 0.29917721518987334 0.6411265822784811 0.09999999999999998 0.07848101265822793
0 0.3985443037974682 0.5670759493670886 0.07341772151898729 0.07215189873417716
0 0.6036075949367087 0.5132784810126583 0.055696202531645644 0.05316455696202543
0 0.8023417721518988 0.41264556962025317 0.03037974683544309 0.029113924050632956