0 0.146620253164557 0.8530126582278481 0.13417721518987344 0.1443037974683543
0 0.04609493670886081 0.8688354430379747 0.09218987341772163 0.13797468354430387
0 0.4535822784810127 0.7466835443037974 0.09493670886075944 0.12405063291139251
0 0.36307594936708865 0.7498481012658227 0.0987341772151899 0.11012658227848104
0 0.2156075949367089 0.6061772151898734 0.07215189873417716 0.07848101265822782
0 0.6440886075949366 0.5954177215189874 0.07848101265822793 0.10506329113924062
0 0.5706708860759495 0.5947848101265822 0.07594936708860767 0.08607594936708862
0 0.8358607594936711 0.5479493670886075 0.07721518987341758 0.08101265822784798
0 0.7618101265822785 0.5492151898734177 0.07848101265822793 0.08607594936708851
0 0.977107594936709 0.7479493670886075 0.0457848101265822 0.13417721518987336
0 0.8883924050632913 0.4542784810126582 0.055696202531645644 0.05316455696202538
0 0.6896582278481013 0.3536455696202532 0.0303797468354432 0.029113924050632956
0 0.34155696202531655 0.442886075949367 0.04810126582278473 0.050632911392405056
0 0.29472151898734184 0.442253164556962 0.055696202531645644 0.0544303797468354
0 0.2042151898734178 0.43655696202531646 0.05189873417721516 0.043037974683544256