0 0.06962025316455703 0.1569873417721519 0.1341772151898734 0.1443037974683543
0 0.007594936708860814 0.14116455696202534 0.015189873417721628 0.13797468354430387
0 0.37658227848101267 0.26331645569620254 0.0949367088607595 0.1240506329113924
0 0.2860759493670887 0.26015189873417727 0.09873417721518993 0.11012658227848104
0 0.1386075949367089 0.40382278481012657 0.07215189873417717 0.07848101265822782
0 0.5670886075949366 0.4145822784810126 0.07848101265822793 0.10506329113924062
0 0.49367088607594944 0.4152151898734177 0.07594936708860756 0.08607594936708851
0 0.7588607594936709 0.46205063291139253 0.07721518987341758 0.08101265822784798
0 0.6848101265822786 0.4607848101265823 0.07848101265822782 0.08607594936708851
0 0.9386075949367089 0.2620506329113924 0.12278481012658227 0.13417721518987324
0 0.9898734177215192 0.5019240506329115 0.0202531645569618 0.07215189873417716
0 0.8113924050632914 0.5557215189873418 0.055696202531645644 0.05316455696202538
0 0.6126582278481012 0.6563544303797468 0.03037974683544309 0.029113924050632956
0 0.26455696202531653 0.5671139240506329 0.04810126582278473 0.050632911392405
0 0.21772151898734182 0.567746835443038 0.055696202531645644 0.0544303797468354
0 0.1272151898734178 0.5734430379746835 0.05189873417721515 0.04303797468354431