0 0.8364177215189874 0.7906835443037974 0.09493670886075944 0.1240506329113924
0 0.9269240506329113 0.7938481012658227 0.09873417721518996 0.11012658227848093
0 0.6459113924050632 0.6394177215189873 0.07848101265822793 0.10506329113924062
0 0.7193291139240505 0.6387848101265823 0.07594936708860756 0.08607594936708862
0 0.454139240506329 0.5919493670886076 0.07721518987341758 0.08101265822784798
0 0.5281898734177215 0.5932151898734177 0.07848101265822793 0.08607594936708862
0 0.14401265822784798 0.7830886075949367 0.13037974683544296 0.12151898734177213
0 0.2598354430379747 0.7919493670886075 0.1518987341772151 0.13417721518987336
0 0.02991772151898725 0.6286582278481012 0.0598354430379745 0.08101265822784809
0 0.09717721518987332 0.626126582278481 0.10000000000000009 0.07848101265822793
0 0.19654430379746812 0.5520759493670886 0.07341772151898729 0.07215189873417716
0 0.40160759493670867 0.49827848101265826 0.055696202531645755 0.05316455696202538
0 0.6003417721518987 0.3976455696202532 0.03037974683544309 0.0291139240506329
0 0.9484430379746835 0.48688607594936706 0.04810126582278473 0.050632911392405056
0 0.9837151898734177 0.486253164556962 0.03256962025316468 0.054430379746835345