0 0.8924177215189872 0.7686835443037974 0.09493670886075944 0.12405063291139251
0 0.9667784810126582 0.7718481012658227 0.06644303797468365 0.11012658227848093
0 0.7019113924050633 0.6174177215189873 0.07848101265822793 0.10506329113924062
0 0.7753291139240506 0.6167848101265823 0.07594936708860756 0.08607594936708862
0 0.510139240506329 0.5699493670886076 0.07721518987341758 0.08101265822784798
0 0.5841898734177213 0.5712151898734177 0.07848101265822793 0.08607594936708851
0 0.20001265822784797 0.7610886075949367 0.13037974683544307 0.12151898734177213
0 0.3158354430379746 0.7699493670886075 0.1518987341772151 0.13417721518987336
0 0.06773417721518982 0.6066582278481012 0.09620253164556947 0.08101265822784809
0 0.15317721518987332 0.6041265822784809 0.09999999999999998 0.07848101265822793
0 0.2525443037974682 0.5300759493670886 0.07341772151898729 0.07215189873417716
0 0.45760759493670866 0.47627848101265824 0.055696202531645644 0.05316455696202538
0 0.6563417721518987 0.3756455696202532 0.0303797468354432 0.029113924050632956
0 0.9901962025316455 0.46488607594936704 0.01960759493670894 0.050632911392405056