0 0.787379746835443 0.12698734177215193 0.13417721518987347 0.14430379746835442
0 0.9013037974683543 0.11116455696202532 0.11898734177215187 0.13797468354430387
0 0.4804177215189873 0.23331645569620257 0.09493670886075956 0.12405063291139251
0 0.5709240506329114 0.2301518987341773 0.09873417721518984 0.11012658227848093
0 0.718392405063291 0.37382278481012654 0.07215189873417716 0.07848101265822782
0 0.28991139240506336 0.3845822784810127 0.07848101265822782 0.10506329113924062
0 0.36332911392405054 0.38521518987341774 0.07594936708860756 0.08607594936708862
0 0.098139240506329 0.4320506329113925 0.07721518987341758 0.08101265822784798
0 0.1721898734177214 0.43078481012658226 0.07848101265822782 0.08607594936708851
0 0.04560759493670863 0.5257215189873418 0.055696202531645644 0.05316455696202538
0 0.24434177215189873 0.6263544303797468 0.03037974683544309 0.029113924050633067
0 0.5924430379746835 0.537113924050633 0.04810126582278473 0.05063291139240511
0 0.6392784810126582 0.537746835443038 0.055696202531645644 0.05443037974683551
0 0.7297848101265823 0.5434430379746836 0.05189873417721513 0.04303797468354431