0 0.9996455696202531 0.8710126582278481 0.0007088607594937235 0.14430379746835442
0 0.7594177215189872 0.7646835443037974 0.09493670886075944 0.12405063291139251
0 0.8499240506329113 0.7678481012658227 0.09873417721518996 0.11012658227848104
0 0.9806582278481013 0.6241772151898735 0.0386835443037975 0.07848101265822782
0 0.5689113924050633 0.6134177215189873 0.07848101265822793 0.10506329113924062
0 0.6423291139240506 0.6127848101265823 0.07594936708860756 0.08607594936708862
0 0.37713924050632897 0.5659493670886075 0.07721518987341747 0.08101265822784798
0 0.4511898734177214 0.5672151898734177 0.07848101265822793 0.08607594936708851
0 0.06701265822784797 0.7570886075949367 0.13037974683544307 0.12151898734177213
0 0.1828354430379746 0.7659493670886075 0.1518987341772151 0.13417721518987336
0 0.03508860759493665 0.6001265822784809 0.0701772151898733 0.07848101265822793
0 0.11954430379746817 0.5260759493670886 0.07341772151898729 0.07215189873417716
0 0.32460759493670865 0.47227848101265824 0.055696202531645644 0.05316455696202538
0 0.5233417721518987 0.3716455696202532 0.0303797468354432 0.029113924050632956
0 0.8714430379746835 0.46088607594936704 0.048101265822784844 0.050632911392405056
0 0.9182784810126582 0.46025316455696197 0.055696202531645644 0.0544303797468354
0 0.9914177215189873 0.4545569620253164 0.017164556962025346 0.04303797468354431