0 0.464620253164557 0.874012658227848 0.13417721518987347 0.14430379746835442
0 0.3506962025316457 0.8898354430379747 0.11898734177215192 0.13797468354430387
0 0.7715822784810127 0.7676835443037975 0.09493670886075956 0.12405063291139251
0 0.6810759493670887 0.7708481012658227 0.09873417721518996 0.11012658227848093
0 0.533607594936709 0.6271772151898735 0.07215189873417721 0.07848101265822782
0 0.9614240506329114 0.6164177215189873 0.07715189873417727 0.10506329113924062
0 0.8886708860759495 0.6157848101265823 0.07594936708860756 0.08607594936708862
0 0.9962341772151899 0.3746455696202532 0.007531645569620271 0.029113924050632956
0 0.6595569620253166 0.46388607594936704 0.04810126582278473 0.050632911392405056
0 0.6127215189873418 0.46325316455696197 0.055696202531645644 0.0544303797468354
0 0.5222151898734178 0.4575569620253164 0.05189873417721519 0.04303797468354431