0 0.8924177215189872 0.8116835443037974 0.09493670886075944 0.1240506329113924
0 0.9667784810126582 0.8148481012658226 0.06644303797468365 0.11012658227848104
0 0.7019113924050633 0.6604177215189874 0.07848101265822793 0.10506329113924062
0 0.7753291139240506 0.6597848101265823 0.07594936708860756 0.08607594936708862
0 0.510139240506329 0.6129493670886075 0.07721518987341758 0.08101265822784798
0 0.5841898734177213 0.6142151898734177 0.07848101265822793 0.08607594936708862
0 0.20001265822784797 0.8040886075949367 0.13037974683544307 0.12151898734177202
0 0.3158354430379746 0.8129493670886077 0.1518987341772151 0.13417721518987336
0 0.06773417721518982 0.6496582278481012 0.09620253164556947 0.08101265822784809
0 0.15317721518987332 0.6471265822784811 0.09999999999999998 0.07848101265822793
0 0.2525443037974682 0.5730759493670886 0.07341772151898729 0.07215189873417716
0 0.45760759493670866 0.5192784810126583 0.055696202531645644 0.05316455696202543
0 0.6563417721518987 0.4186455696202532 0.0303797468354432 0.029113924050632956
0 0.9901962025316455 0.5078860759493671 0.01960759493670894 0.05063291139240511