0 0.039354430379746876 0.11298734177215192 0.07870886075949375 0.14430379746835442
0 0.3185822784810127 0.21931645569620262 0.0949367088607595 0.1240506329113924
0 0.2280759493670887 0.21615189873417728 0.09873417721518993 0.11012658227848093
0 0.0806075949367089 0.3598227848101266 0.07215189873417716 0.07848101265822793
0 0.5090886075949367 0.37058227848101266 0.07848101265822788 0.10506329113924062
0 0.43567088607594945 0.37121518987341773 0.07594936708860756 0.08607594936708862
0 0.7008607594936711 0.4180506329113925 0.07721518987341758 0.08101265822784798
0 0.6268101265822785 0.4167848101265823 0.07848101265822793 0.08607594936708862
0 0.9728987341772153 0.2269113924050633 0.05420253164556943 0.12151898734177213
0 0.8951645569620253 0.21805063291139243 0.1518987341772151 0.13417721518987336
0 0.9584556962025319 0.4579240506329114 0.07341772151898718 0.07215189873417716
0 0.7533924050632913 0.5117215189873418 0.055696202531645644 0.05316455696202538
0 0.5546582278481013 0.6123544303797468 0.0303797468354432 0.029113924050632956
0 0.20655696202531654 0.523113924050633 0.04810126582278476 0.05063291139240511
0 0.15972151898734183 0.523746835443038 0.055696202531645644 0.05443037974683551
0 0.06921518987341779 0.5294430379746836 0.05189873417721515 0.04303797468354431