0 0.775379746835443 0.12498734177215193 0.13417721518987347 0.14430379746835442
0 0.8893037974683543 0.10916455696202532 0.11898734177215187 0.13797468354430387
0 0.4684177215189873 0.23131645569620257 0.09493670886075956 0.12405063291139251
0 0.5589240506329114 0.2281518987341773 0.09873417721518984 0.11012658227848093
0 0.706392405063291 0.37182278481012654 0.07215189873417716 0.07848101265822782
0 0.27791139240506335 0.38258227848101267 0.07848101265822782 0.10506329113924062
0 0.35132911392405053 0.38321518987341774 0.07594936708860756 0.08607594936708862
0 0.08613924050632898 0.4300506329113925 0.07721518987341758 0.08101265822784798
0 0.1601898734177214 0.42878481012658226 0.07848101265822782 0.08607594936708851
0 0.033607594936708673 0.5237215189873418 0.055696202531645755 0.05316455696202538
0 0.23234177215189872 0.6243544303797468 0.03037974683544309 0.029113924050633067
0 0.5804430379746834 0.535113924050633 0.04810126582278473 0.05063291139240511
0 0.6272784810126582 0.535746835443038 0.055696202531645755 0.05443037974683551
0 0.7177848101265822 0.5414430379746836 0.05189873417721513 0.04303797468354431