0 0.006525316455696213 0.23231645569620257 0.013050632911392426 0.12405063291139251
0 0.15608860759493667 0.3835822784810127 0.07848101265822789 0.10506329113924062
0 0.08267088607594945 0.38421518987341774 0.07594936708860758 0.08607594936708862
0 0.347860759493671 0.4310506329113925 0.07721518987341758 0.08101265822784798
0 0.2738101265822786 0.42978481012658226 0.0784810126582279 0.08607594936708851
0 0.657987341772152 0.23991139240506332 0.13037974683544307 0.12151898734177213
0 0.5421645569620254 0.23105063291139244 0.1518987341772151 0.13417721518987336
0 0.7902658227848102 0.3943417721518988 0.09620253164556947 0.08101265822784809
0 0.7048227848101267 0.396873417721519 0.09999999999999998 0.07848101265822793
0 0.6054556962025318 0.47092405063291143 0.07341772151898729 0.07215189873417716
0 0.4003924050632913 0.5247215189873418 0.055696202531645644 0.05316455696202538
0 0.20165822784810125 0.6253544303797468 0.030379746835443144 0.029113924050632844