0 0.13162025316455703 0.8550126582278481 0.1341772151898734 0.1443037974683543
0 0.038594936708860814 0.8708354430379747 0.07718987341772163 0.13797468354430387
0 0.4385822784810127 0.7486835443037974 0.0949367088607595 0.12405063291139251
0 0.34807594936708874 0.7518481012658227 0.0987341772151899 0.11012658227848104
0 0.20060759493670888 0.6081772151898734 0.07215189873417718 0.07848101265822782
0 0.6290886075949367 0.5974177215189874 0.07848101265822782 0.10506329113924062
0 0.5556708860759495 0.5967848101265822 0.07594936708860756 0.08607594936708862
0 0.820860759493671 0.5499493670886075 0.07721518987341758 0.08101265822784798
0 0.7468101265822786 0.5512151898734177 0.07848101265822793 0.08607594936708851
0 0.9696075949367089 0.7499493670886075 0.06078481012658221 0.13417721518987336
0 0.8733924050632913 0.4562784810126582 0.055696202531645644 0.05316455696202538
0 0.6746582278481013 0.3556455696202532 0.0303797468354432 0.029113924050632956
0 0.32655696202531653 0.444886075949367 0.04810126582278473 0.050632911392405056
0 0.2797215189873418 0.444253164556962 0.055696202531645644 0.0544303797468354
0 0.1892151898734178 0.43855696202531647 0.05189873417721513 0.043037974683544256