0 0.9719746835443037 0.7446835443037974 0.05605063291139245 0.12405063291139251
0 0.8009113924050633 0.5934177215189874 0.07848101265822793 0.10506329113924062
0 0.8743291139240505 0.5927848101265822 0.07594936708860756 0.08607594936708862
0 0.609139240506329 0.5459493670886075 0.07721518987341758 0.08101265822784798
0 0.6831898734177213 0.5472151898734177 0.07848101265822793 0.08607594936708851
0 0.29901265822784795 0.7370886075949367 0.13037974683544307 0.12151898734177213
0 0.41483544303797465 0.7459493670886075 0.15189873417721522 0.13417721518987336
0 0.1667341772151898 0.5826582278481012 0.09620253164556947 0.08101265822784809
0 0.2521772151898733 0.580126582278481 0.09999999999999998 0.07848101265822782
0 0.35154430379746815 0.5060759493670886 0.07341772151898729 0.07215189873417716
0 0.5566075949367086 0.4522784810126582 0.055696202531645755 0.05316455696202538
0 0.7553417721518987 0.3516455696202532 0.03037974683544309 0.029113924050632956