0 0.8819113924050633 0.6564177215189874 0.07848101265822782 0.10506329113924062
0 0.9553291139240505 0.6557848101265823 0.07594936708860756 0.08607594936708862
0 0.6901392405063289 0.6089493670886075 0.07721518987341758 0.08101265822784798
0 0.7641898734177215 0.6102151898734177 0.07848101265822793 0.08607594936708862
0 0.38001265822784797 0.8000886075949367 0.13037974683544296 0.12151898734177202
0 0.49583544303797467 0.8089493670886077 0.1518987341772151 0.13417721518987336
0 0.24773417721518975 0.6456582278481012 0.09620253164556947 0.08101265822784809
0 0.33317721518987337 0.6431265822784811 0.09999999999999998 0.07848101265822793
0 0.43254430379746817 0.5690759493670886 0.07341772151898718 0.07215189873417716
0 0.6376075949367087 0.5152784810126583 0.055696202531645644 0.05316455696202543
0 0.8363417721518986 0.4146455696202532 0.03037974683544309 0.029113924050632956