0 0.38262025316455706 0.1469873417721519 0.1341772151898734 0.1443037974683543
0 0.26869620253164567 0.13116455696202534 0.11898734177215195 0.13797468354430387
0 0.6895822784810126 0.2533164556962026 0.09493670886075944 0.12405063291139251
0 0.5990759493670887 0.25015189873417726 0.09873417721518984 0.11012658227848104
0 0.4516075949367089 0.39382278481012656 0.07215189873417716 0.07848101265822782
0 0.8800886075949367 0.4045822784810126 0.07848101265822782 0.10506329113924062
0 0.8066708860759495 0.40521518987341776 0.07594936708860756 0.08607594936708862
0 0.9792848101265823 0.4507848101265823 0.04143037974683539 0.08607594936708851
0 0.9256582278481013 0.6463544303797468 0.0303797468354432 0.029113924050633067
0 0.5775569620253165 0.557113924050633 0.04810126582278473 0.05063291139240511
0 0.5307215189873418 0.5577468354430379 0.055696202531645755 0.0544303797468354
0 0.4402151898734178 0.5634430379746835 0.05189873417721513 0.0430379746835442