0 0.2125822784810127 0.7776835443037974 0.09493670886075947 0.1240506329113924
0 0.12207594936708871 0.7808481012658227 0.09873417721518991 0.11012658227848093
0 0.005341772151898737 0.6371772151898734 0.010683544303797475 0.07848101265822793
0 0.4030886075949367 0.6264177215189873 0.07848101265822788 0.10506329113924062
0 0.32967088607594947 0.6257848101265823 0.07594936708860756 0.08607594936708862
0 0.594860759493671 0.5789493670886074 0.07721518987341758 0.08101265822784798
0 0.5208101265822787 0.5802151898734178 0.07848101265822793 0.08607594936708851
0 0.904987341772152 0.7700886075949367 0.13037974683544307 0.12151898734177213
0 0.7891645569620254 0.7789493670886076 0.1518987341772151 0.13417721518987336
0 0.9945822784810128 0.6156582278481012 0.010835443037974568 0.08101265822784809
0 0.9509113924050634 0.613126582278481 0.09817721518987332 0.07848101265822793
0 0.8524556962025318 0.5390759493670886 0.07341772151898729 0.07215189873417716
0 0.6473924050632913 0.48527848101265825 0.055696202531645644 0.05316455696202538
0 0.4486582278481013 0.3846455696202532 0.030379746835443144 0.0291139240506329
0 0.10055696202531653 0.47388607594936705 0.04810126582278473 0.050632911392405056
0 0.05372151898734182 0.473253164556962 0.05569620253164566 0.054430379746835456