0 0.04385443037974687 0.12798734177215193 0.08770886075949375 0.14430379746835442
0 0.3275822784810127 0.23431645569620257 0.09493670886075944 0.12405063291139251
0 0.2370759493670887 0.2311518987341773 0.09873417721518987 0.11012658227848093
0 0.08960759493670889 0.37482278481012654 0.07215189873417716 0.07848101265822782
0 0.5180886075949367 0.3855822784810127 0.07848101265822788 0.10506329113924062
0 0.44467088607594946 0.38621518987341774 0.07594936708860756 0.08607594936708862
0 0.709860759493671 0.4330506329113925 0.07721518987341758 0.08101265822784798
0 0.6358101265822786 0.43178481012658226 0.07848101265822793 0.08607594936708851
0 0.9773987341772152 0.24191139240506332 0.04520253164556953 0.12151898734177213
0 0.9041645569620254 0.23305063291139244 0.1518987341772151 0.13417721518987336
0 0.9653734177215191 0.47292405063291143 0.06925316455696184 0.07215189873417716
0 0.7623924050632913 0.5267215189873418 0.055696202531645644 0.05316455696202538
0 0.5636582278481013 0.6273544303797468 0.0303797468354432 0.029113924050632844
0 0.21555696202531652 0.538113924050633 0.04810126582278473 0.050632911392405
0 0.16872151898734183 0.538746835443038 0.05569620253164567 0.05443037974683529
0 0.07821518987341779 0.5444430379746835 0.05189873417721514 0.04303797468354431