0 0.5923797468354429 0.878012658227848 0.13417721518987347 0.14430379746835442
0 0.7063037974683544 0.8938354430379747 0.11898734177215198 0.13797468354430376
0 0.2854177215189873 0.7716835443037975 0.09493670886075944 0.12405063291139251
0 0.3759240506329113 0.7748481012658227 0.09873417721518984 0.11012658227848093
0 0.5233924050632911 0.6311772151898734 0.07215189873417716 0.07848101265822793
0 0.09491139240506336 0.6204177215189873 0.07848101265822793 0.10506329113924062
0 0.1683291139240506 0.6197848101265823 0.07594936708860756 0.08607594936708862
0 0.008215189873417683 0.5742151898734178 0.016430379746835366 0.08607594936708851
0 0.04934177215189872 0.3786455696202532 0.0303797468354432 0.029113924050632956
0 0.39744303797468344 0.46788607594936704 0.04810126582278473 0.050632911392405056
0 0.4442784810126582 0.467253164556962 0.055696202531645644 0.0544303797468354
0 0.5347848101265822 0.46155696202531643 0.05189873417721513 0.04303797468354431