0 0.06208860759493666 0.6404177215189873 0.07848101265822788 0.10506329113924062
0 0.013322784810126621 0.6397848101265823 0.026645569620253242 0.08607594936708862
0 0.25386075949367104 0.5929493670886075 0.07721518987341758 0.08101265822784798
0 0.1798101265822786 0.5942151898734177 0.07848101265822788 0.08607594936708862
0 0.563987341772152 0.7840886075949367 0.13037974683544307 0.12151898734177213
0 0.4481645569620254 0.7929493670886076 0.15189873417721517 0.13417721518987336
0 0.6962658227848102 0.6296582278481012 0.09620253164556947 0.08101265822784809
0 0.6108227848101266 0.6271265822784811 0.09999999999999998 0.07848101265822793
0 0.5114556962025318 0.5530759493670886 0.07341772151898729 0.07215189873417716
0 0.30639240506329135 0.49927848101265826 0.055696202531645644 0.05316455696202538
0 0.10765822784810127 0.3986455696202532 0.030379746835443144 0.0291139240506329