0 0.8714177215189873 0.7376835443037975 0.09493670886075956 0.1240506329113924
0 0.9562784810126581 0.7408481012658228 0.08744303797468367 0.11012658227848104
0 0.6809113924050634 0.5864177215189874 0.07848101265822782 0.10506329113924062
0 0.7543291139240506 0.5857848101265823 0.07594936708860756 0.08607594936708851
0 0.48913924050632895 0.5389493670886075 0.07721518987341747 0.08101265822784792
0 0.5631898734177214 0.5402151898734178 0.07848101265822782 0.08607594936708851
0 0.17901265822784795 0.7300886075949367 0.13037974683544307 0.12151898734177213
0 0.29483544303797465 0.7389493670886076 0.15189873417721522 0.13417721518987324
0 0.047417721518987266 0.5756582278481012 0.09483544303797453 0.08101265822784809
0 0.1321772151898733 0.573126582278481 0.09999999999999998 0.07848101265822782
0 0.23154430379746815 0.49907594936708854 0.07341772151898729 0.0721518987341771
0 0.43660759493670864 0.4452784810126582 0.055696202531645644 0.05316455696202532
0 0.6353417721518988 0.34464556962025317 0.03037974683544309 0.0291139240506329
0 0.9796962025316456 0.43388607594936707 0.040607594936708846 0.050632911392405