0 0.635379746835443 0.904012658227848 0.13417721518987347 0.1443037974683543
0 0.7493037974683543 0.9198354430379746 0.11898734177215198 0.13797468354430387
0 0.32841772151898735 0.7976835443037974 0.09493670886075944 0.1240506329113924
0 0.4189240506329113 0.8008481012658227 0.09873417721518984 0.11012658227848093
0 0.5663924050632911 0.6571772151898734 0.07215189873417716 0.07848101265822793
0 0.13791139240506334 0.6464177215189874 0.07848101265822782 0.10506329113924062
0 0.21132911392405052 0.6457848101265823 0.07594936708860756 0.08607594936708862
0 0.029715189873417647 0.6002151898734177 0.05943037974683529 0.08607594936708862
0 0.09234177215189876 0.4046455696202532 0.0303797468354432 0.0291139240506329
0 0.4404430379746835 0.49388607594936706 0.04810126582278473 0.050632911392405056
0 0.48727848101265814 0.493253164556962 0.055696202531645644 0.054430379746835345
0 0.5777848101265822 0.4875569620253164 0.051898734177215244 0.043037974683544256