0 0.9744746835443038 0.1873164556962026 0.051050632911392446 0.1240506329113924
0 0.8059113924050634 0.33858227848101263 0.07848101265822782 0.10506329113924062
0 0.8793291139240506 0.3392151898734177 0.07594936708860756 0.08607594936708862
0 0.614139240506329 0.38605063291139247 0.07721518987341747 0.08101265822784798
0 0.6881898734177214 0.3847848101265823 0.07848101265822782 0.08607594936708862
0 0.30401265822784795 0.19491139240506333 0.13037974683544307 0.12151898734177202
0 0.41983544303797465 0.1860506329113924 0.15189873417721522 0.13417721518987336
0 0.1717341772151898 0.34934177215189877 0.09620253164556947 0.08101265822784809
0 0.2571772151898733 0.351873417721519 0.09999999999999998 0.07848101265822793
0 0.35654430379746815 0.4259240506329114 0.07341772151898729 0.07215189873417716
0 0.5616075949367086 0.4797215189873417 0.055696202531645644 0.05316455696202538
0 0.7603417721518988 0.5803544303797468 0.03037974683544309 0.029113924050632956