0 0.14458227848101268 0.8066835443037974 0.0949367088607595 0.1240506329113924
0 0.0540759493670887 0.8098481012658227 0.09873417721518991 0.11012658227848104
0 0.33508860759493664 0.6554177215189874 0.07848101265822788 0.10506329113924062
0 0.26167088607594946 0.6547848101265823 0.07594936708860758 0.08607594936708862
0 0.5268607594936711 0.6079493670886076 0.07721518987341752 0.08101265822784798
0 0.4528101265822786 0.6092151898734177 0.07848101265822788 0.08607594936708862
0 0.8369873417721521 0.7990886075949366 0.13037974683544307 0.12151898734177202
0 0.7211645569620253 0.8079493670886075 0.15189873417721522 0.13417721518987336
0 0.9605822784810127 0.6446582278481012 0.07883544303797452 0.08101265822784809
0 0.8838227848101268 0.642126582278481 0.09999999999999998 0.07848101265822793
0 0.7844556962025319 0.5680759493670886 0.07341772151898729 0.07215189873417716
0 0.5793924050632914 0.5142784810126583 0.055696202531645644 0.05316455696202543
0 0.3806582278481012 0.4136455696202532 0.030379746835443144 0.029113924050632956
0 0.03255696202531652 0.5028860759493671 0.04810126582278474 0.05063291139240511
0 0.0067848101265823284 0.502253164556962 0.013569620253164657 0.054430379746835345