0 0.9651455696202531 0.12498734177215193 0.06970886075949378 0.14430379746835442
0 0.6904177215189873 0.23131645569620257 0.09493670886075956 0.12405063291139251
0 0.7809240506329114 0.2281518987341773 0.09873417721518984 0.11012658227848093
0 0.9283924050632911 0.37182278481012654 0.07215189873417716 0.07848101265822782
0 0.4999113924050633 0.38258227848101267 0.07848101265822782 0.10506329113924062
0 0.5733291139240506 0.38321518987341774 0.07594936708860756 0.08607594936708862
0 0.30813924050632896 0.4300506329113925 0.07721518987341758 0.08101265822784798
0 0.3821898734177214 0.42878481012658226 0.07848101265822793 0.08607594936708851
0 0.03160126582278472 0.23891139240506332 0.06320253164556944 0.12151898734177213
0 0.11383544303797466 0.23005063291139244 0.1518987341772151 0.13417721518987336
0 0.0005886075949366742 0.395873417721519 0.0011772151898733485 0.07848101265822793
0 0.05054430379746816 0.4699240506329114 0.07341772151898718 0.07215189873417716
0 0.2556075949367087 0.5237215189873418 0.055696202531645644 0.05316455696202538
0 0.45434177215189875 0.6243544303797468 0.0303797468354432 0.029113924050633067
0 0.8024430379746834 0.535113924050633 0.04810126582278473 0.05063291139240511
0 0.8492784810126581 0.535746835443038 0.055696202531645755 0.05443037974683551
0 0.9397848101265822 0.5414430379746836 0.05189873417721513 0.04303797468354431