0 0.17494936708860748 0.5601772151898734 0.07848101265822793 0.06708860759493662
0 0.2458354430379745 0.5589113924050633 0.07594936708860767 0.06455696202531647
0 0.5755822784810125 0.5380253164556963 0.07215189873417738 0.0658227848101266
0 0.639506329113924 0.5430886075949366 0.07848101265822793 0.07848101265822793
0 0.8945696202531646 0.6228354430379747 0.08481012658227838 0.09873417721518996
0 0.9608924050632911 0.62726582278481 0.0782151898734178 0.09999999999999998
0 0.819253164556962 0.5044810126582278 0.05316455696202538 0.06455696202531647
0 0.8686202531645569 0.5000506329113923 0.05063291139240511 0.06329113924050633
0 0.7907721518987342 0.4399240506329114 0.04936708860759498 0.04936708860759492
0 0.749632911392405 0.43739240506329113 0.04556962025316447 0.04683544303797471
0 0.4249493670886075 0.44625316455696207 0.04177215189873407 0.04683544303797471
0 0.46862025316455685 0.44308860759493673 0.04556962025316469 0.04556962025316452
0 0.7059620253164556 0.3981518987341772 0.036708860759493755 0.0367088607594937