0 0.036582278481012476 0.5710253164556962 0.07215189873417738 0.06582278481012649
0 0.10050632911392399 0.5760886075949367 0.07848101265822804 0.07848101265822793
0 0.3555696202531645 0.6558354430379747 0.08481012658227849 0.09873417721518984
0 0.42392405063291133 0.6602658227848102 0.08227848101265833 0.09999999999999998
0 0.5448101265822785 0.529253164556962 0.05316455696202527 0.05569620253164553
0 0.5897468354430379 0.528620253164557 0.051898734177215244 0.05696202531645567
0 0.671392405063291 0.4849493670886076 0.04556962025316458 0.04556962025316458
0 0.2802531645569619 0.5374810126582279 0.05316455696202538 0.06455696202531647
0 0.3296202531645569 0.5330506329113924 0.05063291139240511 0.06329113924050633
0 0.25177215189873414 0.47292405063291143 0.04936708860759498 0.04936708860759498
0 0.21063291139240498 0.47039240506329116 0.04556962025316447 0.046835443037974656
0 0.16696202531645565 0.4311518987341772 0.036708860759493644 0.036708860759493644
0 0.49354430379746833 0.4659620253164557 0.044303797468354555 0.03797468354430378
0 0.5524050632911393 0.36975949367088606 0.027848101265822822 0.025316455696202556
0 0.6036708860759493 0.3760886075949367 0.02405063291139231 0.02278481012658229