0 0.9815949367088608 0.5509113924050633 0.036810126582278335 0.06455696202531647
0 0.6714177215189875 0.5300253164556963 0.07215189873417738 0.0658227848101266
0 0.6074936708860761 0.5350886075949367 0.07848101265822793 0.07848101265822788
0 0.3524303797468355 0.6148354430379747 0.08481012658227849 0.09873417721518996
0 0.28407594936708863 0.61926582278481 0.0822784810126583 0.09999999999999998
0 0.16318987341772156 0.48825316455696194 0.05316455696202535 0.05569620253164553
0 0.11825316455696208 0.4876202531645569 0.05189873417721526 0.05696202531645561
0 0.03660759493670895 0.4439493670886076 0.04556962025316454 0.04556962025316458
0 0.42774683544303804 0.4964810126582278 0.05316455696202538 0.06455696202531647
0 0.37837974683544306 0.49205063291139234 0.05063291139240517 0.06329113924050633
0 0.4562278481012659 0.4319240506329114 0.04936708860759498 0.04936708860759492
0 0.49736708860759504 0.4293924050632911 0.04556962025316458 0.04683544303797471
0 0.8220506329113926 0.43825316455696206 0.04177215189873407 0.04683544303797471
0 0.7783797468354432 0.4350886075949367 0.04556962025316469 0.04556962025316458
0 0.5410379746835443 0.3901518987341772 0.036708860759493755 0.0367088607594937
0 0.21445569620253166 0.42496202531645566 0.044303797468354444 0.03797468354430378
0 0.15559493670886082 0.3287594936708861 0.027848101265822822 0.0253164556962025
0 0.10432911392405066 0.3350886075949367 0.024050632911392422 0.02278481012658229