0 0.07858227848101251 0.4139746835443038 0.07215189873417738 0.06582278481012649
0 0.14250632911392397 0.40891139240506336 0.07848101265822793 0.07848101265822782
0 0.39756962025316445 0.32916455696202535 0.08481012658227849 0.09873417721518984
0 0.46592405063291137 0.3247341772151899 0.08227848101265833 0.09999999999999998
0 0.5868101265822784 0.455746835443038 0.05316455696202538 0.05569620253164553
0 0.6317468354430379 0.4563797468354431 0.051898734177215244 0.05696202531645567
0 0.713392405063291 0.5000506329113924 0.04556962025316458 0.04556962025316458
0 0.32225316455696196 0.44751898734177215 0.05316455696202538 0.06455696202531647
0 0.37162025316455694 0.4519493670886076 0.05063291139240511 0.06329113924050633
0 0.2937721518987341 0.5120759493670886 0.04936708860759487 0.04936708860759498
0 0.25263291139240496 0.5146075949367088 0.04556962025316458 0.04683544303797482
0 0.20896202531645564 0.5538481012658228 0.036708860759493755 0.036708860759493644
0 0.5355443037974683 0.5190379746835443 0.044303797468354444 0.03797468354430389
0 0.5944050632911392 0.615240506329114 0.02784810126582271 0.025316455696202556
0 0.6456708860759494 0.6089113924050633 0.02405063291139231 0.0227848101265824