0 0.8640506329113926 0.6041772151898734 0.07848101265822793 0.06708860759493673
0 0.7931645569620255 0.6029113924050633 0.07594936708860778 0.06455696202531647
0 0.4634177215189875 0.5820253164556962 0.07215189873417743 0.06582278481012649
0 0.399493670886076 0.5870886075949366 0.07848101265822799 0.07848101265822782
0 0.1444303797468355 0.6668354430379746 0.08481012658227849 0.09873417721518984
0 0.07607594936708864 0.6712658227848101 0.08227848101265828 0.09999999999999998
0 0.21974683544303802 0.5484810126582278 0.05316455696202535 0.06455696202531647
0 0.17037974683544307 0.5440506329113923 0.05063291139240517 0.06329113924050633
0 0.24822784810126586 0.48392405063291144 0.04936708860759495 0.04936708860759498
0 0.28936708860759497 0.4813924050632912 0.04556962025316452 0.04683544303797477
0 0.6140506329113926 0.490253164556962 0.04177215189873407 0.046835443037974656
0 0.5703797468354432 0.48708860759493666 0.04556962025316469 0.04556962025316452
0 0.33303797468354435 0.44215189873417715 0.036708860759493755 0.0367088607594937
0 0.014303797468354446 0.4769620253164557 0.02860759493670889 0.03797468354430383