0 0.01582911392405062 0.5530253164556962 0.03165822784810124 0.0658227848101266
0 0.059506329113924006 0.5580886075949367 0.07848101265822793 0.07848101265822793
0 0.3145696202531645 0.6378354430379747 0.08481012658227849 0.09873417721518984
0 0.38292405063291135 0.6422658227848101 0.08227848101265822 0.09999999999999998
0 0.5038101265822784 0.511253164556962 0.05316455696202538 0.05569620253164553
0 0.5487468354430379 0.510620253164557 0.051898734177215244 0.05696202531645561
0 0.6303924050632911 0.46694936708860757 0.04556962025316458 0.04556962025316463
0 0.239253164556962 0.5194810126582279 0.05316455696202538 0.06455696202531647
0 0.2886202531645569 0.5150506329113924 0.05063291139240522 0.06329113924050633
0 0.2107721518987341 0.4549240506329114 0.04936708860759498 0.04936708860759498
0 0.169632911392405 0.45239240506329115 0.04556962025316458 0.04683544303797471
0 0.12596202531645567 0.41315189873417724 0.036708860759493755 0.0367088607594937
0 0.45254430379746835 0.4479620253164557 0.044303797468354444 0.03797468354430378
0 0.5114050632911391 0.35175949367088605 0.027848101265822822 0.025316455696202556
0 0.5626708860759493 0.35808860759493666 0.024050632911392422 0.022784810126582233