0 0.33094936708860745 0.5461772151898734 0.07848101265822782 0.06708860759493662
0 0.4018354430379745 0.5449113924050633 0.07594936708860767 0.06455696202531647
0 0.7315822784810125 0.5240253164556963 0.07215189873417738 0.0658227848101266
0 0.7955063291139239 0.5290886075949367 0.07848101265822793 0.07848101265822788
0 0.9743354430379747 0.4904810126582278 0.05132911392405071 0.06455696202531647
0 0.9996518987341771 0.48605063291139233 0.0006962025316457066 0.06329113924050633
0 0.9467721518987341 0.4259240506329114 0.04936708860759498 0.04936708860759492
0 0.905632911392405 0.4233924050632911 0.04556962025316458 0.04683544303797471
0 0.5809493670886074 0.43225316455696206 0.04177215189873407 0.04683544303797471
0 0.6246202531645568 0.4290886075949367 0.04556962025316469 0.04556962025316458
0 0.8619620253164557 0.3841518987341772 0.036708860759493755 0.0367088607594937