0 0.9794050632911393 0.5591772151898734 0.0411898734177214 0.06708860759493662
0 0.9271645569620255 0.5579113924050634 0.07594936708860767 0.06455696202531647
0 0.5974177215189875 0.5370253164556962 0.07215189873417738 0.0658227848101266
0 0.533493670886076 0.5420886075949367 0.07848101265822804 0.07848101265822793
0 0.2784303797468355 0.6218354430379747 0.08481012658227846 0.09873417721518996
0 0.21007594936708862 0.6262658227848101 0.0822784810126583 0.09999999999999998
0 0.08918987341772158 0.49525316455696194 0.053164556962025364 0.05569620253164553
0 0.04425316455696208 0.49462025316455693 0.05189873417721526 0.05696202531645561
0 0.35374683544303803 0.5034810126582279 0.05316455696202538 0.06455696202531647
0 0.3043797468354431 0.49905063291139234 0.05063291139240517 0.06329113924050633
0 0.38222784810126587 0.4389240506329114 0.04936708860759498 0.04936708860759492
0 0.423367088607595 0.43639240506329113 0.04556962025316452 0.04683544303797471
0 0.7480506329113925 0.44525316455696207 0.04177215189873418 0.04683544303797471
0 0.7043797468354431 0.44208860759493673 0.04556962025316458 0.04556962025316452
0 0.46703797468354435 0.3971518987341772 0.036708860759493755 0.0367088607594937
0 0.14045569620253168 0.43196202531645567 0.04430379746835446 0.03797468354430378
0 0.08159493670886081 0.3357594936708861 0.027848101265822836 0.0253164556962025
0 0.03032911392405066 0.3420886075949367 0.024050632911392426 0.02278481012658229