0 0.21458227848101252 0.45297468354430376 0.07215189873417738 0.0658227848101266
0 0.278506329113924 0.44791139240506334 0.07848101265822793 0.07848101265822793
0 0.5335696202531646 0.3681645569620254 0.0848101265822786 0.09873417721518984
0 0.6019240506329113 0.3637341772151899 0.08227848101265822 0.09999999999999998
0 0.7228101265822785 0.49474683544303805 0.05316455696202538 0.05569620253164553
0 0.7677468354430379 0.49537974683544306 0.051898734177215244 0.056962025316455556
0 0.8493924050632911 0.5390506329113924 0.04556962025316458 0.04556962025316469
0 0.45825316455696197 0.4865189873417722 0.05316455696202538 0.06455696202531647
0 0.5076202531645568 0.49094936708860765 0.05063291139240522 0.06329113924050633
0 0.42977215189873413 0.5510759493670886 0.04936708860759487 0.04936708860759498
0 0.38863291139240497 0.5536075949367089 0.04556962025316458 0.04683544303797471
0 0.06394936708860743 0.5447468354430379 0.04177215189873418 0.04683544303797471
0 0.10762025316455687 0.5479113924050633 0.04556962025316469 0.04556962025316458
0 0.34496202531645564 0.5928481012658228 0.036708860759493755 0.036708860759493644
0 0.6715443037974683 0.5580379746835443 0.044303797468354444 0.03797468354430378
0 0.7304050632911392 0.6542405063291139 0.027848101265822933 0.025316455696202556
0 0.7816708860759494 0.6479113924050632 0.024050632911392422 0.02278481012658229