0 0.11258227848101254 0.5290253164556962 0.07215189873417738 0.0658227848101266
0 0.176506329113924 0.5340886075949367 0.07848101265822793 0.07848101265822788
0 0.4315696202531645 0.6138354430379747 0.08481012658227849 0.09873417721518996
0 0.4999240506329114 0.6182658227848101 0.08227848101265833 0.09999999999999998
0 0.6208101265822784 0.48725316455696194 0.05316455696202538 0.05569620253164553
0 0.6657468354430379 0.4866202531645569 0.051898734177215244 0.05696202531645561
0 0.7473924050632911 0.4429493670886076 0.04556962025316458 0.04556962025316458
0 0.356253164556962 0.4954810126582278 0.05316455696202538 0.06455696202531647
0 0.4056202531645569 0.49105063291139234 0.05063291139240522 0.06329113924050633
0 0.3277721518987341 0.4309240506329114 0.04936708860759498 0.04936708860759492
0 0.286632911392405 0.4283924050632911 0.04556962025316458 0.04683544303797471
0 0.014202531645569616 0.4340886075949367 0.028405063291139232 0.04556962025316458
0 0.24296202531645567 0.3891518987341772 0.036708860759493755 0.0367088607594937
0 0.5695443037974683 0.42396202531645566 0.044303797468354444 0.03797468354430378
0 0.6284050632911391 0.3277594936708861 0.027848101265822822 0.0253164556962025
0 0.6796708860759493 0.3340886075949367 0.024050632911392422 0.02278481012658229