0 0.8450506329113925 0.4398227848101266 0.07848101265822793 0.06708860759493662
0 0.7741645569620255 0.4410886075949367 0.07594936708860778 0.06455696202531647
0 0.4444177215189875 0.46197468354430377 0.07215189873417738 0.0658227848101266
0 0.380493670886076 0.45691139240506334 0.07848101265822799 0.07848101265822793
0 0.12543037974683552 0.37716455696202533 0.08481012658227849 0.09873417721518996
0 0.057075949367088645 0.3727341772151899 0.08227848101265829 0.09999999999999998
0 0.20074683544303804 0.4955189873417722 0.05316455696202538 0.06455696202531647
0 0.15137974683544309 0.49994936708860765 0.05063291139240517 0.06329113924050633
0 0.22922784810126584 0.5600759493670886 0.04936708860759495 0.04936708860759487
0 0.270367088607595 0.5626075949367089 0.04556962025316455 0.04683544303797471
0 0.5950506329113925 0.5537468354430379 0.04177215189873407 0.04683544303797471
0 0.5513797468354431 0.5569113924050633 0.04556962025316469 0.04556962025316447
0 0.31403797468354433 0.6018481012658228 0.036708860759493755 0.036708860759493755
0 0.004803797468354446 0.5670379746835443 0.009607594936708892 0.03797468354430378