0 0.9886708860759494 0.4759746835443038 0.02265822784810123 0.0658227848101266
0 0.949493670886076 0.47091139240506336 0.07848101265822793 0.07848101265822793
0 0.6944303797468355 0.39116455696202534 0.08481012658227849 0.09873417721518996
0 0.6260759493670887 0.38673417721518993 0.08227848101265822 0.09999999999999998
0 0.5051898734177216 0.5177468354430381 0.05316455696202538 0.05569620253164553
0 0.4602531645569621 0.5183797468354432 0.051898734177215244 0.05696202531645567
0 0.3786075949367089 0.5620506329113925 0.04556962025316452 0.04556962025316458
0 0.769746835443038 0.5095189873417723 0.05316455696202538 0.06455696202531647
0 0.7203797468354431 0.5139493670886077 0.05063291139240522 0.06329113924050633
0 0.7982278481012659 0.5740759493670886 0.04936708860759498 0.04936708860759487
0 0.839367088607595 0.5766075949367089 0.04556962025316458 0.04683544303797471
0 0.8830379746835444 0.6158481012658228 0.036708860759493755 0.036708860759493755
0 0.5564556962025317 0.5810379746835443 0.044303797468354444 0.03797468354430389
0 0.4975949367088608 0.6772405063291139 0.027848101265822878 0.025316455696202445
0 0.44632911392405067 0.6709113924050634 0.024050632911392422 0.02278481012658229