0 0.1855822784810125 0.5890253164556962 0.07215189873417738 0.06582278481012649
0 0.249506329113924 0.5940886075949366 0.07848101265822804 0.07848101265822782
0 0.5045696202531644 0.6738354430379747 0.08481012658227838 0.09873417721518984
0 0.5729240506329114 0.6782658227848102 0.08227848101265822 0.09999999999999998
0 0.6938101265822784 0.547253164556962 0.05316455696202538 0.05569620253164553
0 0.7387468354430379 0.546620253164557 0.051898734177215244 0.05696202531645567
0 0.820392405063291 0.5029493670886076 0.04556962025316458 0.04556962025316458
0 0.42925316455696194 0.5554810126582279 0.05316455696202538 0.06455696202531647
0 0.4786202531645569 0.5510506329113924 0.05063291139240511 0.06329113924050633
0 0.40077215189873416 0.49092405063291145 0.04936708860759498 0.04936708860759498
0 0.359632911392405 0.4883924050632912 0.04556962025316447 0.04683544303797477
0 0.034949367088607464 0.497253164556962 0.04177215189873407 0.046835443037974656
0 0.07862025316455684 0.49408860759493667 0.04556962025316469 0.04556962025316452
0 0.3159620253164556 0.44915189873417716 0.036708860759493755 0.0367088607594937
0 0.6425443037974684 0.4839620253164557 0.044303797468354444 0.03797468354430383
0 0.7014050632911393 0.387759493670886 0.027848101265822822 0.0253164556962025
0 0.7526708860759493 0.3940886075949367 0.02405063291139231 0.02278481012658229