0 0.8320506329113926 0.5921772151898734 0.07848101265822793 0.06708860759493673
0 0.7611645569620256 0.5909113924050633 0.07594936708860767 0.06455696202531647
0 0.4314177215189875 0.5700253164556962 0.07215189873417738 0.06582278481012649
0 0.367493670886076 0.5750886075949366 0.07848101265822799 0.07848101265822793
0 0.11243037974683551 0.6548354430379746 0.08481012658227848 0.09873417721518984
0 0.04407594936708864 0.65926582278481 0.08227848101265828 0.09999999999999998
0 0.18774683544303805 0.5364810126582278 0.05316455696202535 0.06455696202531647
0 0.13837974683544307 0.5320506329113923 0.05063291139240515 0.06329113924050633
0 0.21622784810126588 0.47192405063291143 0.04936708860759495 0.04936708860759498
0 0.257367088607595 0.46939240506329116 0.04556962025316455 0.046835443037974656
0 0.5820506329113926 0.4782531645569621 0.04177215189873407 0.04683544303797477
0 0.5383797468354432 0.47508860759493676 0.04556962025316469 0.04556962025316452
0 0.3010379746835443 0.4301518987341772 0.0367088607594937 0.036708860759493644