0 0.17694936708860748 0.5711772151898734 0.07848101265822793 0.06708860759493662
0 0.2478354430379745 0.5699113924050634 0.07594936708860767 0.06455696202531647
0 0.5775822784810125 0.5490253164556962 0.07215189873417738 0.0658227848101266
0 0.641506329113924 0.5540886075949367 0.07848101265822793 0.07848101265822793
0 0.8965696202531646 0.6338354430379747 0.08481012658227838 0.09873417721518984
0 0.9618924050632911 0.6382658227848101 0.0762151898734178 0.09999999999999998
0 0.821253164556962 0.5154810126582279 0.05316455696202538 0.06455696202531647
0 0.8706202531645569 0.5110506329113924 0.05063291139240511 0.06329113924050633
0 0.7927721518987342 0.4509240506329114 0.04936708860759498 0.04936708860759498
0 0.751632911392405 0.44839240506329114 0.04556962025316447 0.04683544303797471
0 0.4269493670886075 0.4572531645569621 0.04177215189873407 0.046835443037974656
0 0.47062025316455686 0.45408860759493674 0.04556962025316469 0.04556962025316452
0 0.7079620253164556 0.40915189873417723 0.036708860759493755 0.0367088607594937