0 0.24894936708860743 0.6231772151898733 0.07848101265822793 0.06708860759493662
0 0.31983544303797456 0.6219113924050632 0.07594936708860767 0.06455696202531647
0 0.6495822784810125 0.6010253164556962 0.07215189873417738 0.0658227848101266
0 0.713506329113924 0.6060886075949367 0.07848101265822804 0.07848101265822782
0 0.9630822784810127 0.6858354430379747 0.07383544303797474 0.09873417721518984
0 0.9978924050632911 0.6902658227848102 0.004215189873417735 0.09999999999999998
0 0.8932531645569619 0.5674810126582279 0.05316455696202527 0.06455696202531647
0 0.9426202531645569 0.5630506329113925 0.05063291139240522 0.06329113924050633
0 0.8647721518987341 0.5029240506329115 0.04936708860759498 0.04936708860759498
0 0.823632911392405 0.5003924050632911 0.04556962025316447 0.046835443037974656
0 0.4989493670886075 0.509253164556962 0.04177215189873418 0.046835443037974656
0 0.5426202531645569 0.5060886075949367 0.04556962025316458 0.04556962025316452
0 0.7799620253164556 0.46115189873417717 0.036708860759493867 0.0367088607594937