0 0.028829113924050576 0.5670253164556962 0.05765822784810115 0.06582278481012649
0 0.08550632911392397 0.5720886075949367 0.07848101265822804 0.07848101265822793
0 0.3405696202531645 0.6518354430379747 0.08481012658227849 0.09873417721518984
0 0.4089240506329114 0.6562658227848102 0.08227848101265822 0.09999999999999998
0 0.5298101265822784 0.525253164556962 0.05316455696202538 0.05569620253164553
0 0.574746835443038 0.524620253164557 0.051898734177215244 0.05696202531645567
0 0.6563924050632911 0.4809493670886076 0.04556962025316458 0.04556962025316458
0 0.26525316455696196 0.5334810126582279 0.05316455696202527 0.06455696202531647
0 0.3146202531645569 0.5290506329113924 0.05063291139240511 0.06329113924050633
0 0.23677215189873413 0.4689240506329114 0.04936708860759498 0.04936708860759498
0 0.19563291139240502 0.46639240506329116 0.04556962025316458 0.046835443037974656
0 0.1519620253164557 0.4271518987341772 0.036708860759493755 0.036708860759493644
0 0.4785443037974683 0.4619620253164557 0.04430379746835433 0.03797468354430378
0 0.5374050632911391 0.36575949367088606 0.027848101265822822 0.025316455696202556
0 0.5886708860759493 0.37208860759493667 0.024050632911392422 0.02278481012658229