0 0.9504177215189875 0.4259746835443038 0.07215189873417738 0.06582278481012649
0 0.886493670886076 0.4209113924050633 0.07848101265822804 0.07848101265822793
0 0.6314303797468355 0.34116455696202536 0.08481012658227849 0.09873417721518984
0 0.5630759493670887 0.3367341772151899 0.08227848101265833 0.09999999999999998
0 0.44218987341772154 0.467746835443038 0.05316455696202532 0.05569620253164553
0 0.3972531645569621 0.4683797468354431 0.051898734177215244 0.05696202531645567
0 0.315607594936709 0.5120506329113924 0.04556962025316452 0.04556962025316458
0 0.7067468354430381 0.45951898734177216 0.05316455696202538 0.06455696202531647
0 0.6573797468354431 0.4639493670886076 0.05063291139240511 0.06329113924050633
0 0.7352278481012658 0.5240759493670886 0.04936708860759498 0.04936708860759498
0 0.7763670886075951 0.5266075949367088 0.04556962025316447 0.0468354430379746
0 0.8200379746835444 0.5658481012658229 0.036708860759493755 0.036708860759493644
0 0.4934556962025317 0.5310379746835443 0.0443037974683545 0.03797468354430378
0 0.43459493670886085 0.627240506329114 0.027848101265822878 0.025316455696202556
0 0.38332911392405067 0.6209113924050633 0.024050632911392422 0.0227848101265824