0 0.15258227848101247 0.45797468354430376 0.07215189873417738 0.0658227848101266
0 0.21650632911392398 0.45291139240506334 0.07848101265822804 0.07848101265822793
0 0.4715696202531645 0.3731645569620254 0.08481012658227849 0.09873417721518984
0 0.5399240506329114 0.3687341772151899 0.08227848101265822 0.09999999999999998
0 0.6608101265822784 0.49974683544303805 0.05316455696202538 0.05569620253164553
0 0.705746835443038 0.5003797468354432 0.051898734177215244 0.05696202531645567
0 0.787392405063291 0.5440506329113924 0.04556962025316447 0.04556962025316458
0 0.39625316455696197 0.4915189873417722 0.05316455696202527 0.06455696202531647
0 0.4456202531645569 0.49594936708860765 0.05063291139240511 0.06329113924050633
0 0.36777215189873413 0.5560759493670886 0.04936708860759498 0.04936708860759498
0 0.326632911392405 0.5586075949367089 0.04556962025316458 0.04683544303797471
0 0.01141772151898729 0.5497468354430379 0.02283544303797458 0.0468354430379746
0 0.04562025316455687 0.5529113924050633 0.04556962025316458 0.04556962025316447
0 0.2829620253164557 0.5978481012658228 0.036708860759493755 0.036708860759493755
0 0.6095443037974683 0.5630379746835443 0.044303797468354444 0.03797468354430378
0 0.6684050632911391 0.6592405063291139 0.027848101265822822 0.025316455696202445
0 0.7196708860759493 0.6529113924050634 0.024050632911392533 0.02278481012658229