0 0.27658227848101247 0.4709746835443038 0.07215189873417738 0.0658227848101266
0 0.340506329113924 0.4659113924050633 0.07848101265822804 0.07848101265822782
0 0.5955696202531645 0.38616455696202534 0.08481012658227849 0.09873417721518996
0 0.6639240506329114 0.38173417721518993 0.08227848101265822 0.09999999999999998
0 0.7848101265822784 0.512746835443038 0.05316455696202538 0.05569620253164553
0 0.829746835443038 0.5133797468354431 0.051898734177215244 0.056962025316455556
0 0.9113924050632911 0.5570506329113923 0.04556962025316447 0.04556962025316458
0 0.520253164556962 0.5045189873417721 0.05316455696202538 0.06455696202531647
0 0.5696202531645569 0.5089493670886076 0.05063291139240522 0.06329113924050633
0 0.49177215189873413 0.5690759493670886 0.04936708860759498 0.04936708860759498
0 0.450632911392405 0.5716075949367089 0.04556962025316458 0.04683544303797471
0 0.1259493670886075 0.5627468354430379 0.04177215189873418 0.04683544303797471
0 0.16962025316455687 0.5659113924050633 0.04556962025316458 0.04556962025316458
0 0.4069620253164557 0.6108481012658228 0.036708860759493755 0.036708860759493644
0 0.7335443037974684 0.5760379746835443 0.044303797468354444 0.03797468354430378
0 0.7924050632911392 0.6722405063291139 0.027848101265822822 0.025316455696202556
0 0.8436708860759494 0.6659113924050633 0.024050632911392422 0.02278481012658229