0 0.046582278481012485 0.5560253164556963 0.07215189873417738 0.0658227848101266
0 0.110506329113924 0.5610886075949366 0.07848101265822804 0.07848101265822793
0 0.36556962025316453 0.6408354430379746 0.08481012658227849 0.09873417721518984
0 0.43392405063291134 0.64526582278481 0.08227848101265833 0.09999999999999998
0 0.5548101265822785 0.5142531645569619 0.05316455696202527 0.05569620253164553
0 0.5997468354430379 0.5136202531645568 0.051898734177215244 0.05696202531645567
0 0.681392405063291 0.4699493670886076 0.04556962025316458 0.04556962025316463
0 0.29025316455696193 0.5224810126582278 0.05316455696202538 0.06455696202531647
0 0.3396202531645569 0.5180506329113923 0.05063291139240511 0.06329113924050633
0 0.26177215189873415 0.4579240506329114 0.04936708860759498 0.04936708860759498
0 0.22063291139240498 0.45539240506329115 0.04556962025316447 0.04683544303797471
0 0.1769620253164556 0.41615189873417724 0.036708860759493755 0.0367088607594937
0 0.5035443037974683 0.4509620253164557 0.044303797468354555 0.03797468354430378
0 0.5624050632911393 0.35475949367088605 0.027848101265822822 0.025316455696202556
0 0.6136708860759493 0.36108860759493666 0.02405063291139231 0.022784810126582233