0 0.1295822784810125 0.3989746835443038 0.07215189873417749 0.0658227848101266
0 0.19350632911392396 0.39391139240506334 0.07848101265822804 0.07848101265822782
0 0.4485696202531645 0.31416455696202533 0.08481012658227849 0.09873417721518984
0 0.5169240506329114 0.30973417721518987 0.08227848101265822 0.09999999999999998
0 0.6378101265822784 0.440746835443038 0.05316455696202538 0.05569620253164553
0 0.6827468354430379 0.44137974683544307 0.051898734177215244 0.05696202531645567
0 0.7643924050632911 0.4850506329113924 0.04556962025316447 0.04556962025316458
0 0.373253164556962 0.43251898734177213 0.05316455696202538 0.06455696202531647
0 0.4226202531645569 0.4369493670886076 0.05063291139240522 0.06329113924050633
0 0.3447721518987341 0.49707594936708854 0.04936708860759498 0.04936708860759498
0 0.303632911392405 0.49960759493670887 0.04556962025316458 0.0468354430379746
0 0.022702531645569568 0.49391139240506327 0.045405063291139136 0.04556962025316447
0 0.2599620253164557 0.5388481012658228 0.036708860759493755 0.036708860759493755
0 0.5865443037974684 0.5040379746835443 0.044303797468354444 0.03797468354430378
0 0.6454050632911392 0.600240506329114 0.027848101265822822 0.025316455696202445
0 0.6966708860759494 0.5939113924050633 0.024050632911392422 0.022784810126582178