0 0.22594936708860747 0.4538227848101266 0.07848101265822782 0.06708860759493662
0 0.29683544303797454 0.4550886075949367 0.07594936708860767 0.06455696202531647
0 0.6265822784810126 0.4759746835443038 0.07215189873417738 0.0658227848101266
0 0.690506329113924 0.47091139240506336 0.07848101265822793 0.07848101265822793
0 0.9455696202531645 0.39116455696202534 0.08481012658227849 0.09873417721518996
0 0.9863924050632911 0.38673417721518993 0.027215189873417756 0.09999999999999998
0 0.870253164556962 0.5095189873417723 0.05316455696202538 0.06455696202531647
0 0.919620253164557 0.5139493670886077 0.05063291139240522 0.06329113924050633
0 0.8417721518987341 0.5740759493670886 0.04936708860759498 0.04936708860759487
0 0.800632911392405 0.5766075949367089 0.04556962025316458 0.04683544303797471
0 0.47594936708860747 0.567746835443038 0.04177215189873418 0.04683544303797471
0 0.5196202531645568 0.5709113924050633 0.04556962025316469 0.04556962025316458
0 0.7569620253164557 0.6158481012658228 0.036708860759493755 0.036708860759493755