0 0.019329113924050623 0.5360253164556963 0.038658227848101245 0.0658227848101266
0 0.06650632911392396 0.5410886075949366 0.07848101265822804 0.07848101265822793
0 0.3215696202531645 0.6208354430379747 0.08481012658227849 0.09873417721518996
0 0.38992405063291136 0.62526582278481 0.08227848101265822 0.09999999999999998
0 0.5108101265822784 0.49425316455696194 0.05316455696202538 0.05569620253164553
0 0.5557468354430379 0.49362025316455693 0.051898734177215244 0.05696202531645561
0 0.6373924050632911 0.4499493670886076 0.04556962025316447 0.04556962025316458
0 0.246253164556962 0.5024810126582278 0.05316455696202538 0.06455696202531647
0 0.2956202531645569 0.49805063291139234 0.05063291139240522 0.06329113924050633
0 0.2177721518987341 0.4379240506329114 0.04936708860759498 0.04936708860759492
0 0.176632911392405 0.43539240506329113 0.04556962025316458 0.04683544303797471
0 0.13296202531645568 0.3961518987341772 0.036708860759493755 0.0367088607594937
0 0.45954430379746836 0.43096202531645567 0.044303797468354444 0.03797468354430378
0 0.5184050632911392 0.3347594936708861 0.027848101265822822 0.0253164556962025
0 0.5696708860759494 0.3410886075949367 0.024050632911392422 0.02278481012658229