0 0.40551898734177216 0.6315189873417721 0.040506329113924044 0.04556962025316447
0 0.444126582278481 0.6289873417721519 0.04936708860759498 0.050632911392405
0 0.009721518987341693 0.6682278481012658 0.019443037974683386 0.04810126582278473
0 0.032734177215189786 0.6720253164556962 0.03164556962025311 0.04303797468354431
0 0.2833670886075947 0.670126582278481 0.04430379746835433 0.05189873417721513
0 0.32450632911392396 0.6688607594936709 0.0455696202531648 0.0544303797468354
0 0.6624810126582278 0.6581012658227848 0.03544303797468351 0.03797468354430378
0 0.6953924050632911 0.6524050632911392 0.03797468354430389 0.04177215189873418
0 0.07324050632911383 0.7441772151898735 0.03417721518987338 0.040506329113924044
0 0.7821012658227848 0.710632911392405 0.03417721518987349 0.03164556962025322
0 0.8491898734177215 0.7125316455696202 0.024050632911392533 0.03037974683544309