0 0.5115189873417721 0.6435189873417722 0.040506329113924044 0.04556962025316447
0 0.550126582278481 0.6409873417721519 0.04936708860759498 0.050632911392405
0 0.10455696202531634 0.6802278481012658 0.04177215189873407 0.04810126582278473
0 0.13873417721518977 0.6840253164556962 0.03164556962025311 0.04303797468354431
0 0.38936708860759467 0.682126582278481 0.04430379746835433 0.05189873417721502
0 0.43050632911392395 0.6808607594936709 0.0455696202531648 0.05443037974683529
0 0.7684810126582279 0.6701012658227848 0.03544303797468351 0.03797468354430378
0 0.8013924050632911 0.6644050632911392 0.03797468354430378 0.04177215189873418
0 0.1792405063291138 0.7561772151898735 0.03417721518987338 0.040506329113924044
0 0.8881012658227848 0.722632911392405 0.03417721518987338 0.03164556962025322
0 0.9551898734177215 0.7245316455696202 0.024050632911392422 0.03037974683544309