0 0.4304810126582279 0.6155189873417722 0.04050632911392399 0.04556962025316458
0 0.39187341772151896 0.612987341772152 0.04936708860759492 0.05063291139240511
0 0.985493670886076 0.3446329113924051 0.029012658227848043 0.11392405063291144
0 0.8374430379746837 0.6522278481012659 0.04177215189873418 0.048101265822784844
0 0.8032658227848102 0.6560253164556962 0.03164556962025311 0.04303797468354431
0 0.5526329113924053 0.654126582278481 0.04430379746835433 0.05189873417721513
0 0.511493670886076 0.6528607594936708 0.045569620253164744 0.0544303797468354
0 0.17351898734177218 0.6421012658227848 0.03544303797468354 0.03797468354430378
0 0.1406075949367089 0.6364050632911392 0.03797468354430385 0.04177215189873418
0 0.7627594936708861 0.7281772151898734 0.03417721518987327 0.040506329113924044
0 0.053898734177215205 0.694632911392405 0.03417721518987343 0.03164556962025333