0 0.09548101265822788 0.6095189873417722 0.040506329113924044 0.04556962025316458
0 0.05687341772151899 0.606987341772152 0.04936708860759495 0.05063291139240511
0 0.8328227848101266 0.3449620253164557 0.12025316455696211 0.11139240506329129
0 0.6986455696202531 0.3386329113924051 0.12531645569620264 0.11392405063291144
0 0.8391518987341774 0.6107848101265823 0.06455696202531636 0.06075949367088607
0 0.7897848101265825 0.6126835443037975 0.05949367088607593 0.05189873417721502
0 0.5024430379746836 0.6462278481012659 0.04177215189873412 0.048101265822784844
0 0.4682658227848102 0.6500253164556962 0.03164556962025311 0.04303797468354431
0 0.2176329113924053 0.648126582278481 0.04430379746835433 0.05189873417721513
0 0.17649367088607604 0.6468607594936708 0.04556962025316477 0.0544303797468354
0 0.42775949367088617 0.7221772151898734 0.03417721518987332 0.040506329113924044