0 0.25648101265822787 0.39748101265822783 0.04050632911392402 0.04556962025316458
0 0.21787341772151897 0.40001265822784804 0.04936708860759495 0.050632911392405056
0 0.9668481012658228 0.6620379746835443 0.06630379746835435 0.11139240506329129
0 0.8596455696202532 0.668367088607595 0.12531645569620264 0.11392405063291144
0 0.9839367088607596 0.39621518987341775 0.03212658227848075 0.06075949367088612
0 0.9507848101265824 0.39431645569620255 0.059493670886076044 0.05189873417721519
0 0.6634430379746836 0.36077215189873413 0.04177215189873418 0.04810126582278479
0 0.6292658227848102 0.35697468354430384 0.03164556962025311 0.043037974683544256
0 0.3786329113924053 0.358873417721519 0.04430379746835433 0.05189873417721513
0 0.337493670886076 0.3601392405063291 0.0455696202531648 0.0544303797468354
0 0.00862025316455697 0.3708987341772152 0.01724050632911394 0.03797468354430383
0 0.5887594936708862 0.2848227848101266 0.03417721518987327 0.040506329113924044