0 0.11748101265822788 0.3944810126582278 0.040506329113924044 0.04556962025316458
0 0.07887341772151898 0.39701265822784804 0.04936708860759494 0.050632911392405056
0 0.8548227848101266 0.6590379746835443 0.120253164556962 0.11139240506329129
0 0.7206455696202532 0.6653670886075949 0.12531645569620264 0.11392405063291144
0 0.8611518987341774 0.39321518987341775 0.06455696202531636 0.06075949367088612
0 0.8117848101265824 0.39131645569620255 0.059493670886076044 0.05189873417721519
0 0.5244430379746836 0.3577721518987341 0.04177215189873407 0.04810126582278479
0 0.49026582278481023 0.35397468354430384 0.03164556962025317 0.043037974683544256
0 0.23963291139240528 0.355873417721519 0.04430379746835433 0.05189873417721513
0 0.198493670886076 0.3571392405063291 0.04556962025316477 0.0544303797468354
0 0.4497594936708862 0.28182278481012657 0.03417721518987332 0.040506329113924044