0 0.14648101265822788 0.3854810126582278 0.040506329113924044 0.04556962025316458
0 0.107873417721519 0.38801265822784803 0.04936708860759495 0.050632911392405056
0 0.8838227848101267 0.6500379746835443 0.120253164556962 0.11139240506329129
0 0.7496455696202533 0.656367088607595 0.12531645569620264 0.11392405063291144
0 0.8901518987341774 0.38421518987341774 0.06455696202531636 0.06075949367088612
0 0.8407848101265825 0.38231645569620254 0.05949367088607593 0.05189873417721513
0 0.5534430379746836 0.3487721518987341 0.04177215189873418 0.04810126582278479
0 0.5192658227848101 0.34497468354430383 0.03164556962025322 0.04303797468354431
0 0.26863291139240525 0.346873417721519 0.044303797468354306 0.05189873417721513
0 0.22749367088607603 0.3481392405063291 0.0455696202531648 0.0544303797468354
0 0.4787594936708862 0.27282278481012656 0.03417721518987332 0.040506329113924044