0 0.8405189873417721 0.36348101265822785 0.040506329113924044 0.04556962025316452
0 0.8791265822784811 0.3660126582278481 0.04936708860759487 0.050632911392405056
0 0.10317721518987333 0.6280379746835443 0.120253164556962 0.11139240506329129
0 0.23735443037974674 0.6343670886075949 0.12531645569620264 0.11392405063291144
0 0.0968481012658226 0.3622151898734177 0.06455696202531624 0.06075949367088612
0 0.14621518987341758 0.3603164556962025 0.05949367088607593 0.05189873417721513
0 0.43355696202531635 0.3267721518987342 0.04177215189873418 0.04810126582278479
0 0.4677341772151898 0.3229746835443038 0.03164556962025322 0.04303797468354431
0 0.7183670886075948 0.324873417721519 0.04430379746835433 0.05189873417721513
0 0.7595063291139239 0.32613924050632914 0.04556962025316469 0.0544303797468354
0 0.5082405063291138 0.25082278481012654 0.03417721518987327 0.04050632911392402