0 0.5804810126582279 0.4114810126582278 0.040506329113924044 0.04556962025316452
0 0.541873417721519 0.41401265822784805 0.04936708860759498 0.050632911392405056
0 0.9832784810126582 0.37477215189873414 0.0334430379746834 0.04810126582278479
0 0.9532658227848102 0.37097468354430385 0.03164556962025311 0.043037974683544256
0 0.7026329113924052 0.372873417721519 0.04430379746835433 0.05189873417721513
0 0.661493670886076 0.37413924050632913 0.0455696202531648 0.0544303797468354
0 0.3235189873417722 0.38489873417721515 0.03544303797468357 0.03797468354430389
0 0.29060759493670885 0.39059493670886075 0.03797468354430383 0.04177215189873418
0 0.9127594936708862 0.2988227848101266 0.03417721518987338 0.040506329113924044
0 0.2038987341772152 0.332367088607595 0.03417721518987343 0.03164556962025317
0 0.13681012658227854 0.3304683544303797 0.024050632911392422 0.030379746835443033