0 0.4755189873417721 0.39748101265822783 0.040506329113924044 0.04556962025316458
0 0.5141265822784811 0.40001265822784804 0.04936708860759487 0.050632911392405056
0 0.06855696202531636 0.36077215189873413 0.04177215189873418 0.04810126582278479
0 0.10273417721518979 0.35697468354430384 0.03164556962025322 0.043037974683544256
0 0.35336708860759475 0.358873417721519 0.04430379746835433 0.05189873417721513
0 0.39450632911392397 0.3601392405063291 0.04556962025316469 0.0544303797468354
0 0.7324810126582278 0.3708987341772152 0.03544303797468351 0.03797468354430383
0 0.7653924050632911 0.3765949367088608 0.03797468354430378 0.04177215189873412
0 0.14324050632911384 0.2848227848101266 0.03417721518987327 0.040506329113924044
0 0.8521012658227848 0.318367088607595 0.03417721518987338 0.03164556962025317
0 0.9191898734177215 0.3164683544303798 0.024050632911392422 0.030379746835443033