0 0.43348101265822786 0.36248101265822785 0.040506329113924044 0.04556962025316452
0 0.39487341772151896 0.3650126582278481 0.04936708860759492 0.050632911392405056
0 0.986993670886076 0.6333670886075948 0.02601265822784804 0.11392405063291144
0 0.8404430379746837 0.3257721518987342 0.04177215189873418 0.04810126582278479
0 0.8062658227848102 0.3219746835443038 0.03164556962025311 0.04303797468354431
0 0.5556329113924052 0.323873417721519 0.04430379746835433 0.05189873417721513
0 0.514493670886076 0.32513924050632914 0.0455696202531648 0.0544303797468354
0 0.17651898734177218 0.33589873417721516 0.03544303797468354 0.03797468354430383
0 0.14360759493670888 0.34159493670886076 0.03797468354430386 0.04177215189873418
0 0.7657594936708862 0.24982278481012654 0.03417721518987327 0.04050632911392402
0 0.05689873417721521 0.28336708860759496 0.03417721518987344 0.03164556962025317
0 0.0009177215189873777 0.28146835443037976 0.0018354430379747555 0.030379746835443033