0 0.4345189873417721 0.3944810126582278 0.040506329113924044 0.04556962025316458
0 0.47312658227848103 0.39701265822784804 0.04936708860759498 0.050632911392405056
0 0.027556962025316323 0.3577721518987341 0.04177215189873418 0.04810126582278479
0 0.06173417721518981 0.35397468354430384 0.03164556962025311 0.043037974683544256
0 0.3123670886075947 0.355873417721519 0.04430379746835433 0.05189873417721513
0 0.353506329113924 0.3571392405063291 0.0455696202531648 0.0544303797468354
0 0.6914810126582278 0.3678987341772152 0.03544303797468351 0.03797468354430383
0 0.7243924050632911 0.3735949367088608 0.03797468354430389 0.04177215189873412
0 0.1022405063291138 0.28182278481012657 0.03417721518987327 0.040506329113924044
0 0.8111012658227847 0.315367088607595 0.03417721518987349 0.03164556962025317
0 0.8781898734177214 0.3134683544303798 0.024050632911392422 0.030379746835443033