0 0.6655189873417721 0.35248101265822784 0.040506329113924044 0.04556962025316452
0 0.704126582278481 0.3550126582278481 0.04936708860759498 0.050632911392405056
0 0.06250632911392406 0.6233670886075948 0.12501265822784813 0.11392405063291144
0 0.00048101265822775296 0.3493164556962025 0.0009620253164555059 0.05189873417721513
0 0.25855696202531636 0.3157721518987342 0.04177215189873407 0.04810126582278479
0 0.2927341772151898 0.3119746835443038 0.03164556962025311 0.04303797468354431
0 0.5433670886075948 0.313873417721519 0.04430379746835422 0.05189873417721513
0 0.584506329113924 0.31513924050632913 0.0455696202531648 0.0544303797468354
0 0.9224810126582278 0.32589873417721515 0.03544303797468351 0.03797468354430383
0 0.9553924050632912 0.33159493670886075 0.03797468354430389 0.04177215189873418
0 0.33324050632911384 0.2398227848101266 0.03417721518987338 0.04050632911392407