0 0.8125189873417721 0.34948101265822784 0.040506329113924044 0.04556962025316452
0 0.851126582278481 0.3520126582278481 0.04936708860759498 0.050632911392405056
0 0.0751772151898733 0.6140379746835443 0.120253164556962 0.11139240506329118
0 0.20935443037974671 0.6203670886075949 0.12531645569620264 0.11392405063291144
0 0.06884810126582264 0.3482151898734177 0.06455696202531636 0.06075949367088612
0 0.11821518987341756 0.3463164556962025 0.05949367088607593 0.05189873417721513
0 0.4055569620253163 0.3127721518987342 0.04177215189873418 0.04810126582278479
0 0.4397341772151898 0.3089746835443038 0.03164556962025311 0.043037974683544256
0 0.6903670886075948 0.310873417721519 0.04430379746835433 0.05189873417721513
0 0.731506329113924 0.31213924050632913 0.0455696202531648 0.0544303797468354
0 0.4802405063291138 0.23682278481012659 0.03417721518987327 0.04050632911392407