0 0.1584810126582279 0.33848101265822783 0.040506329113924044 0.04556962025316458
0 0.119873417721519 0.3410126582278481 0.049367088607594936 0.050632911392405056
0 0.8958227848101267 0.6030379746835444 0.120253164556962 0.11139240506329118
0 0.7616455696202533 0.6093670886075948 0.12531645569620264 0.11392405063291144
0 0.9021518987341774 0.3372151898734177 0.06455696202531624 0.06075949367088607
0 0.8527848101265825 0.3353164556962025 0.05949367088607593 0.05189873417721519
0 0.5654430379746836 0.3017721518987342 0.04177215189873418 0.04810126582278479
0 0.5312658227848102 0.2979746835443038 0.03164556962025322 0.043037974683544256
0 0.28063291139240526 0.299873417721519 0.04430379746835433 0.05189873417721513
0 0.239493670886076 0.3011392405063291 0.045569620253164744 0.0544303797468354
0 0.49075949367088617 0.22582278481012658 0.03417721518987327 0.04050632911392402