0 0.5954810126582278 0.5855189873417722 0.040506329113924044 0.04556962025316458
0 0.556873417721519 0.582987341772152 0.04936708860759498 0.05063291139240511
0 0.9907784810126583 0.6222278481012659 0.018443037974683385 0.048101265822784844
0 0.9682658227848102 0.6260253164556963 0.03164556962025311 0.04303797468354431
0 0.7176329113924054 0.624126582278481 0.04430379746835433 0.05189873417721513
0 0.676493670886076 0.6228607594936708 0.0455696202531648 0.0544303797468354
0 0.33851898734177216 0.6121012658227849 0.03544303797468351 0.03797468354430389
0 0.30560759493670886 0.6064050632911392 0.03797468354430383 0.04177215189873418
0 0.9277594936708862 0.6981772151898734 0.03417721518987338 0.040506329113924044
0 0.2188987341772152 0.664632911392405 0.03417721518987343 0.03164556962025322
0 0.15181012658227855 0.6665316455696203 0.024050632911392422 0.030379746835442978