0 0.19248101265822787 0.35448101265822785 0.04050632911392402 0.04556962025316452
0 0.15387341772151897 0.3570126582278481 0.04936708860759495 0.050632911392405056
0 0.9298227848101267 0.6190379746835444 0.120253164556962 0.11139240506329118
0 0.7956455696202533 0.6253670886075948 0.12531645569620264 0.11392405063291144
0 0.9361518987341774 0.3532151898734177 0.06455696202531636 0.06075949367088612
0 0.8867848101265825 0.3513164556962025 0.05949367088607593 0.05189873417721513
0 0.5994430379746837 0.3177721518987342 0.04177215189873418 0.04810126582278479
0 0.5652658227848102 0.3139746835443038 0.03164556962025311 0.04303797468354431
0 0.3146329113924053 0.315873417721519 0.04430379746835433 0.05189873417721513
0 0.273493670886076 0.31713924050632913 0.0455696202531648 0.0544303797468354
0 0.5247594936708861 0.24182278481012653 0.03417721518987338 0.04050632911392402