0 0.1644810126582279 0.5825189873417722 0.04050632911392402 0.04556962025316447
0 0.125873417721519 0.5799873417721519 0.04936708860759495 0.050632911392405
0 0.9018227848101267 0.31796202531645573 0.120253164556962 0.11139240506329118
0 0.7676455696202533 0.31163291139240507 0.12531645569620264 0.11392405063291144
0 0.9081518987341773 0.5837848101265823 0.06455696202531636 0.06075949367088607
0 0.8587848101265825 0.5856835443037975 0.05949367088607593 0.05189873417721513
0 0.5714430379746837 0.6192278481012659 0.04177215189873418 0.04810126582278473
0 0.5372658227848102 0.6230253164556961 0.03164556962025311 0.04303797468354431
0 0.28663291139240527 0.621126582278481 0.04430379746835433 0.05189873417721513
0 0.24549367088607602 0.6198607594936709 0.045569620253164744 0.0544303797468354
0 0.4967594936708861 0.6951772151898734 0.03417721518987332 0.04050632911392393