0 0.2364810126582279 0.6105189873417721 0.04050632911392407 0.04556962025316458
0 0.197873417721519 0.607987341772152 0.04936708860759495 0.050632911392405
0 0.9568481012658228 0.3459620253164557 0.08630379746835437 0.11139240506329129
0 0.8396455696202532 0.3396329113924051 0.12531645569620264 0.11392405063291144
0 0.9739367088607596 0.6117848101265823 0.05212658227848077 0.06075949367088618
0 0.9307848101265824 0.6136835443037975 0.059493670886076044 0.051898734177215244
0 0.6434430379746836 0.6472278481012659 0.04177215189873407 0.04810126582278473
0 0.6092658227848102 0.6510253164556962 0.03164556962025311 0.04303797468354431
0 0.3586329113924053 0.6491265822784811 0.04430379746835433 0.05189873417721513
0 0.31749367088607605 0.647860759493671 0.045569620253164744 0.0544303797468354
0 0.5687594936708862 0.7231772151898734 0.03417721518987338 0.040506329113924044