0 0.8456329113924053 0.356253164556962 0.0354430379746834 0.03670886075949359
0 0.8127215189873418 0.355620253164557 0.040506329113924155 0.040506329113924044
0 0.7285443037974684 0.43663291139240507 0.04936708860759498 0.048101265822784844
0 0.6880379746835443 0.4347341772151899 0.04683544303797471 0.05189873417721519
0 0.9924367088607596 0.30751898734177213 0.015126582278480738 0.03037974683544309
0 0.9715822784810129 0.305620253164557 0.03164556962025311 0.03924050632911397
0 0.6222151898734178 0.3524556962025316 0.029113924050632956 0.03924050632911397
0 0.5987974683544304 0.3492911392405063 0.025316455696202556 0.03544303797468351
0 0.5025949367088608 0.35182278481012663 0.03544303797468357 0.0329113924050633
0 0.4722151898734178 0.35245569620253164 0.03291139240506319 0.03164556962025322
0 0.7563924050632912 0.3125822784810127 0.029113924050633067 0.0253164556962025
0 0.5317088607594938 0.3113164556962026 0.025316455696202556 0.022784810126582233
0 0.5696835443037975 0.3081518987341772 0.025316455696202445 0.02658227848101269