0 0.0333670886075948 0.6697468354430379 0.0354430379746834 0.036708860759493644
0 0.06627848101265826 0.670379746835443 0.040506329113924155 0.040506329113924044
0 0.15045569620253163 0.5893670886075949 0.04936708860759498 0.048101265822784844
0 0.19096202531645567 0.5912658227848101 0.04683544303797471 0.051898734177215244
0 0.2567848101265822 0.6735443037974683 0.029113924050632956 0.03924050632911391
0 0.2802025316455696 0.6767088607594937 0.025316455696202556 0.03544303797468351
0 0.3764050632911392 0.6741772151898734 0.03544303797468351 0.032911392405063244
0 0.4067848101265822 0.6735443037974683 0.032911392405063244 0.03164556962025311
0 0.12260759493670881 0.7134177215189873 0.029113924050633067 0.025316455696202445
0 0.3472911392405063 0.7146835443037974 0.025316455696202556 0.022784810126582178
0 0.3093164556962025 0.7178481012658229 0.025316455696202445 0.02658227848101269