0 0.8336329113924053 0.596746835443038 0.0354430379746834 0.036708860759493644
0 0.8007215189873418 0.597379746835443 0.040506329113924155 0.040506329113924044
0 0.7165443037974684 0.516367088607595 0.04936708860759498 0.048101265822784844
0 0.6760379746835443 0.5182658227848101 0.04683544303797471 0.051898734177215244
0 0.9848987341772154 0.6454810126582279 0.02405063291139231 0.030379746835442978
0 0.9595822784810129 0.6473797468354431 0.03164556962025311 0.03924050632911391
0 0.6102151898734178 0.6005443037974684 0.029113924050632956 0.03924050632911391
0 0.5867974683544305 0.6037088607594937 0.025316455696202445 0.03544303797468351
0 0.4905949367088608 0.6011772151898734 0.03544303797468357 0.032911392405063244
0 0.4602151898734178 0.6005443037974684 0.03291139240506319 0.03164556962025311
0 0.7443924050632912 0.6404177215189873 0.029113924050633067 0.025316455696202445
0 0.5197088607594937 0.6416835443037975 0.025316455696202556 0.022784810126582178
0 0.5576835443037975 0.6448481012658228 0.025316455696202445 0.026582278481012578