0 0.886481012658228 0.11943037974683551 0.12911392405063293 0.16835443037974673
0 0.7592658227848103 0.1232278481012658 0.14556962025316467 0.1810126582278483
0 0.9742531645569621 0.6270253164556961 0.051493670886075704 0.04936708860759498
0 0.9193924050632912 0.6194303797468355 0.05569620253164542 0.05189873417721502
0 0.7320506329113925 0.6801898734177215 0.032911392405063467 0.029113924050632844
0 0.6940759493670887 0.6593037974683544 0.03797468354430378 0.032911392405063356
0 0.6643291139240508 0.6567721518987342 0.036708860759493755 0.03544303797468362
0 0.35863291139240516 0.644746835443038 0.0354430379746834 0.036708860759493644
0 0.32572151898734175 0.6453797468354431 0.040506329113924155 0.040506329113924044
0 0.24154430379746838 0.564367088607595 0.04936708860759495 0.048101265822784844
0 0.20103797468354434 0.5662658227848101 0.04683544303797477 0.05189873417721513
0 0.5098987341772154 0.6934810126582278 0.024050632911392367 0.03037974683544309
0 0.4845822784810129 0.695379746835443 0.03164556962025317 0.03924050632911402
0 0.6086329113924052 0.6966455696202531 0.0265822784810128 0.03164556962025322
0 0.1352151898734178 0.6485443037974684 0.029113924050632928 0.03924050632911391
0 0.11179746835443047 0.6517088607594937 0.025316455696202528 0.03544303797468351
0 0.01665822784810126 0.6491772151898734 0.03331645569620252 0.032911392405063356
0 0.0008354430379746986 0.6485443037974683 0.0016708860759493973 0.03164556962025322
0 0.26939240506329115 0.6884177215189873 0.029113924050633067 0.025316455696202556
0 0.04470886075949369 0.6896835443037974 0.02531645569620252 0.02278481012658229
0 0.08268354430379754 0.6928481012658227 0.025316455696202514 0.02658227848101269