0 0.26036708860759483 0.658746835443038 0.03544303797468351 0.036708860759493644
0 0.29327848101265824 0.6593797468354431 0.040506329113924155 0.040506329113924044
0 0.3774556962025316 0.578367088607595 0.04936708860759498 0.048101265822784844
0 0.41796202531645565 0.5802658227848101 0.04683544303797471 0.05189873417721513
0 0.10910126582278468 0.7074810126582278 0.02405063291139231 0.03037974683544309
0 0.13441772151898712 0.709379746835443 0.03164556962025311 0.03924050632911391
0 0.011829113924050616 0.7106455696202532 0.023658227848101232 0.03164556962025333
0 0.4837848101265822 0.6625443037974684 0.029113924050632956 0.03924050632911391
0 0.5072025316455695 0.6657088607594938 0.025316455696202556 0.03544303797468351
0 0.6034050632911393 0.6631772151898734 0.03544303797468351 0.032911392405063356
0 0.6337848101265823 0.6625443037974683 0.032911392405063244 0.03164556962025322
0 0.34960759493670884 0.7024177215189873 0.029113924050632956 0.025316455696202556
0 0.5742911392405063 0.7036835443037974 0.025316455696202556 0.02278481012658229
0 0.5363164556962025 0.7068481012658228 0.025316455696202445 0.02658227848101269