0 0.9756329113924052 0.390253164556962 0.03544303797468351 0.036708860759493644
0 0.9427215189873417 0.38962025316455695 0.040506329113924155 0.040506329113924044
0 0.8585443037974684 0.47063291139240504 0.04936708860759498 0.048101265822784844
0 0.8180379746835443 0.46873417721518984 0.04683544303797471 0.05189873417721519
0 0.7522151898734177 0.3864556962025316 0.029113924050632956 0.03924050632911391
0 0.7287974683544305 0.3832911392405063 0.025316455696202556 0.03544303797468357
0 0.6325949367088608 0.38582278481012655 0.03544303797468351 0.0329113924050633
0 0.6022151898734178 0.3864556962025316 0.032911392405063244 0.03164556962025317
0 0.8863924050632912 0.34658227848101264 0.029113924050633067 0.0253164556962025
0 0.6617088607594936 0.34531645569620256 0.025316455696202556 0.02278481012658229
0 0.6996835443037975 0.3421518987341772 0.025316455696202445 0.02658227848101269