0 0.671481012658228 0.07530379746835447 0.12911392405063293 0.15060759493670894
0 0.5442658227848102 0.08036708860759495 0.1455696202531646 0.1607341772151899
0 0.7594556962025318 0.5740253164556962 0.051898734177215244 0.04936708860759498
0 0.7043924050632913 0.5664303797468355 0.05569620253164542 0.05189873417721513
0 0.8575569620253165 0.5822531645569621 0.050632911392405 0.05316455696202538
0 0.5170506329113925 0.6271898734177215 0.032911392405063467 0.029113924050632956
0 0.4790759493670887 0.6063037974683544 0.03797468354430389 0.032911392405063244
0 0.4493291139240507 0.6037721518987342 0.036708860759493755 0.03544303797468362
0 0.14363291139240517 0.591746835443038 0.0354430379746834 0.036708860759493644
0 0.11072151898734175 0.592379746835443 0.04050632911392414 0.040506329113924044
0 0.026544303797468388 0.5113670886075949 0.04936708860759495 0.048101265822784844
0 0.004727848101265863 0.5132658227848101 0.009455696202531725 0.05189873417721513
0 0.29489873417721535 0.6404810126582279 0.02405063291139231 0.0303797468354432
0 0.26958227848101285 0.642379746835443 0.03164556962025311 0.03924050632911391
0 0.3936329113924052 0.6436455696202532 0.026582278481012744 0.03164556962025322
0 0.05439240506329117 0.6354177215189873 0.029113924050633046 0.025316455696202556