0 0.9816329113924052 0.357253164556962 0.03544303797468351 0.03670886075949359
0 0.9487215189873417 0.356620253164557 0.040506329113924155 0.040506329113924044
0 0.8645443037974684 0.43763291139240507 0.04936708860759498 0.048101265822784844
0 0.8240379746835443 0.4357341772151899 0.04683544303797471 0.05189873417721519
0 0.7582151898734177 0.3534556962025316 0.029113924050632956 0.03924050632911397
0 0.7347974683544305 0.3502911392405063 0.025316455696202556 0.03544303797468351
0 0.6385949367088608 0.35282278481012663 0.03544303797468362 0.0329113924050633
0 0.6082151898734178 0.35345569620253164 0.032911392405063244 0.03164556962025322
0 0.8923924050632912 0.3135822784810127 0.029113924050633067 0.0253164556962025
0 0.6677088607594936 0.3123164556962026 0.025316455696202556 0.022784810126582233
0 0.7056835443037975 0.3091518987341772 0.025316455696202445 0.02658227848101269