0 0.013044303797468293 0.6537468354430379 0.026088607594936586 0.036708860759493644
0 0.04127848101265824 0.654379746835443 0.040506329113924155 0.040506329113924044
0 0.1254556962025316 0.5733670886075949 0.04936708860759498 0.048101265822784844
0 0.16596202531645565 0.5752658227848101 0.04683544303797471 0.051898734177215244
0 0.2317848101265822 0.6575443037974684 0.029113924050632956 0.03924050632911402
0 0.25520253164556955 0.6607088607594936 0.025316455696202556 0.03544303797468351
0 0.35140506329113924 0.6581772151898734 0.03544303797468362 0.032911392405063244
0 0.3817848101265822 0.6575443037974684 0.03291139240506313 0.03164556962025322
0 0.09760759493670884 0.6974177215189873 0.029113924050632956 0.025316455696202445
0 0.3222911392405063 0.6986835443037974 0.025316455696202556 0.022784810126582178
0 0.28431645569620245 0.7018481012658229 0.025316455696202445 0.02658227848101269