0 0.05475949367088606 0.14222784810126576 0.10951898734177212 0.18101265822784818
0 0.06394936708860743 0.6991898734177215 0.032911392405063467 0.029113924050632956
0 0.10192405063291132 0.6783037974683545 0.03797468354430378 0.032911392405063244
0 0.1316708860759493 0.6757721518987342 0.036708860759493755 0.03544303797468351
0 0.4373670886075948 0.6637468354430379 0.0354430379746834 0.036708860759493644
0 0.47027848101265823 0.664379746835443 0.040506329113924044 0.040506329113924044
0 0.5544556962025317 0.5833670886075949 0.04936708860759498 0.048101265822784844
0 0.5949620253164557 0.5852658227848101 0.04683544303797471 0.051898734177215244
0 0.2861012658227846 0.7124810126582278 0.02405063291139231 0.030379746835442978
0 0.31141772151898717 0.714379746835443 0.03164556962025311 0.03924050632911391
0 0.18736708860759482 0.7156455696202532 0.02658227848101269 0.03164556962025311
0 0.6607848101265822 0.6675443037974684 0.029113924050632844 0.03924050632911402
0 0.6842025316455695 0.6707088607594937 0.025316455696202667 0.03544303797468351
0 0.7804050632911392 0.6681772151898734 0.03544303797468351 0.032911392405063244
0 0.8107848101265822 0.6675443037974683 0.032911392405063244 0.03164556962025311
0 0.5266075949367088 0.7074177215189873 0.029113924050633067 0.025316455696202445
0 0.7512911392405064 0.7086835443037974 0.025316455696202556 0.022784810126582178
0 0.7133164556962025 0.7118481012658229 0.025316455696202445 0.02658227848101269