0 0.01403797468354423 0.09143037974683549 0.02807594936708846 0.16835443037974673
0 0.09073417721518984 0.09522784810126583 0.14556962025316467 0.18101265822784818
0 0.11794936708860748 0.6521898734177215 0.032911392405063467 0.029113924050632844
0 0.15592405063291132 0.6313037974683544 0.03797468354430389 0.032911392405063244
0 0.18567088607594928 0.6287721518987343 0.036708860759493644 0.03544303797468351
0 0.49136708860759487 0.616746835443038 0.0354430379746834 0.036708860759493644
0 0.5242784810126582 0.617379746835443 0.040506329113924155 0.040506329113924044
0 0.6084556962025316 0.536367088607595 0.04936708860759487 0.048101265822784844
0 0.6489620253164556 0.5382658227848102 0.04683544303797482 0.051898734177215244
0 0.34010126582278466 0.6654810126582278 0.02405063291139231 0.03037974683544309
0 0.3654177215189871 0.667379746835443 0.03164556962025311 0.03924050632911402
0 0.24136708860759482 0.6686455696202531 0.0265822784810128 0.03164556962025322
0 0.7147848101265822 0.6205443037974684 0.029113924050632844 0.03924050632911391
0 0.7382025316455696 0.6237088607594937 0.025316455696202556 0.03544303797468351
0 0.8344050632911393 0.6211772151898735 0.03544303797468362 0.032911392405063244
0 0.8647848101265823 0.6205443037974684 0.03291139240506313 0.03164556962025311
0 0.5806075949367089 0.6604177215189873 0.029113924050633067 0.025316455696202556
0 0.8052911392405063 0.6616835443037974 0.025316455696202445 0.02278481012658229
0 0.7673164556962024 0.6648481012658228 0.025316455696202556 0.026582278481012578