0 0.908481012658228 0.8795696202531644 0.12911392405063293 0.16835443037974673
0 0.7812658227848102 0.8757721518987343 0.14556962025316456 0.1810126582278483
0 0.9852531645569622 0.3719746835443038 0.029493670886075685 0.04936708860759498
0 0.9413924050632912 0.37956962025316454 0.05569620253164542 0.05189873417721513
0 0.7540506329113925 0.3188101265822785 0.032911392405063467 0.029113924050632956
0 0.7160759493670887 0.33969620253164556 0.03797468354430389 0.0329113924050633
0 0.6863291139240507 0.34222784810126583 0.036708860759493644 0.03544303797468357
0 0.3806329113924052 0.354253164556962 0.035443037974683456 0.03670886075949359
0 0.34772151898734177 0.353620253164557 0.040506329113924155 0.040506329113924044
0 0.2635443037974684 0.43463291139240506 0.04936708860759492 0.048101265822784844
0 0.22303797468354436 0.4327341772151899 0.04683544303797474 0.05189873417721519
0 0.5318987341772153 0.30551898734177213 0.02405063291139231 0.03037974683544309
0 0.5065822784810129 0.303620253164557 0.03164556962025317 0.03924050632911397
0 0.6306329113924052 0.30235443037974685 0.0265822784810128 0.03164556962025322
0 0.15721518987341776 0.3504556962025316 0.029113924050632928 0.03924050632911397
0 0.13379746835443046 0.3472911392405063 0.02531645569620254 0.03544303797468351
0 0.03759493670886076 0.34982278481012663 0.03544303797468354 0.0329113924050633
0 0.011835443037974699 0.35045569620253164 0.023670886075949398 0.03164556962025322
0 0.29139240506329117 0.3105822784810127 0.029113924050633067 0.0253164556962025
0 0.06670886075949368 0.3093164556962026 0.02531645569620252 0.022784810126582233
0 0.10468354430379753 0.3061518987341772 0.025316455696202528 0.02658227848101269