0 0.733481012658228 0.1074303797468355 0.12911392405063293 0.16835443037974673
0 0.6062658227848102 0.11122784810126585 0.14556962025316467 0.18101265822784818
0 0.8214556962025319 0.6150253164556962 0.05189873417721513 0.04936708860759487
0 0.7663924050632912 0.6074303797468354 0.05569620253164542 0.05189873417721502
0 0.9195569620253164 0.6232531645569621 0.05063291139240511 0.05316455696202527
0 0.5790506329113926 0.6681898734177215 0.032911392405063467 0.029113924050632844
0 0.5410759493670887 0.6473037974683544 0.03797468354430378 0.032911392405063244
0 0.5113291139240508 0.6447721518987342 0.036708860759493755 0.03544303797468362
0 0.20563291139240517 0.632746835443038 0.0354430379746834 0.036708860759493644
0 0.17272151898734178 0.6333797468354431 0.04050632911392413 0.040506329113924044
0 0.08854430379746839 0.552367088607595 0.04936708860759495 0.048101265822784844
0 0.04803797468354435 0.5542658227848102 0.04683544303797475 0.051898734177215244
0 0.35689873417721535 0.6814810126582278 0.02405063291139231 0.03037974683544309
0 0.33158227848101285 0.683379746835443 0.03164556962025311 0.03924050632911402
0 0.45563291139240514 0.6846455696202531 0.026582278481012744 0.03164556962025322
0 0.11639240506329115 0.6764177215189873 0.029113924050633053 0.025316455696202556