0 0.06525949367088607 0.1352278481012658 0.13051898734177214 0.1810126582278483
0 0.08494936708860745 0.6921898734177215 0.032911392405063467 0.029113924050632844
0 0.12292405063291129 0.6713037974683544 0.03797468354430389 0.032911392405063356
0 0.1526708860759493 0.6687721518987342 0.036708860759493755 0.03544303797468351
0 0.45836708860759484 0.656746835443038 0.0354430379746834 0.036708860759493644
0 0.49127848101265825 0.6573797468354431 0.040506329113924266 0.040506329113924044
0 0.5754556962025316 0.576367088607595 0.04936708860759498 0.048101265822784844
0 0.6159620253164556 0.5782658227848101 0.04683544303797471 0.05189873417721513
0 0.30710126582278463 0.7054810126582278 0.02405063291139231 0.03037974683544309
0 0.3324177215189872 0.707379746835443 0.03164556962025311 0.03924050632911391
0 0.20836708860759484 0.7086455696202532 0.02658227848101269 0.03164556962025333
0 0.6817848101265822 0.6605443037974684 0.029113924050633067 0.03924050632911391
0 0.7052025316455696 0.6637088607594938 0.025316455696202445 0.03544303797468351
0 0.8014050632911393 0.6611772151898734 0.03544303797468351 0.032911392405063356
0 0.8317848101265822 0.6605443037974683 0.032911392405063244 0.03164556962025322
0 0.5476075949367089 0.7004177215189873 0.029113924050633067 0.025316455696202556
0 0.7722911392405063 0.7016835443037974 0.025316455696202556 0.02278481012658229
0 0.7343164556962025 0.7048481012658228 0.025316455696202556 0.02658227848101269