0 0.04575949367088605 0.11422784810126585 0.0915189873417721 0.18101265822784818
0 0.04594936708860742 0.6711898734177215 0.032911392405063467 0.029113924050633067
0 0.0839240506329113 0.6503037974683544 0.03797468354430378 0.032911392405063244
0 0.11367088607594927 0.6477721518987342 0.036708860759493755 0.03544303797468351
0 0.4193670886075948 0.635746835443038 0.0354430379746834 0.03670886075949353
0 0.4522784810126583 0.636379746835443 0.040506329113924155 0.040506329113924044
0 0.5364556962025316 0.555367088607595 0.04936708860759498 0.048101265822784955
0 0.5769620253164557 0.5572658227848101 0.04683544303797471 0.051898734177215244
0 0.2681012658227846 0.6844810126582279 0.02405063291139231 0.03037974683544309
0 0.29341772151898715 0.686379746835443 0.03164556962025311 0.03924050632911391
0 0.1693670886075948 0.6876455696202531 0.02658227848101269 0.03164556962025311
0 0.6427848101265823 0.6395443037974684 0.029113924050632956 0.03924050632911402
0 0.6662025316455695 0.6427088607594936 0.025316455696202667 0.03544303797468351
0 0.7624050632911392 0.6401772151898734 0.03544303797468351 0.032911392405063244
0 0.7927848101265822 0.6395443037974684 0.032911392405063244 0.03164556962025322
0 0.5086075949367088 0.6794177215189874 0.029113924050633067 0.025316455696202556
0 0.7332911392405064 0.6806835443037975 0.025316455696202556 0.02278481012658229
0 0.6953164556962025 0.6838481012658228 0.025316455696202445 0.02658227848101269