0 0.07651898734177198 0.08080379746835442 0.12911392405063293 0.16160759493670884
0 0.20373417721518983 0.08586708860759495 0.14556962025316467 0.1717341772151899
0 0.007246835443037891 0.5850253164556962 0.014493670886075782 0.04936708860759498
0 0.04360759493670874 0.5774303797468354 0.05569620253164542 0.05189873417721513
0 0.23094936708860747 0.6381898734177215 0.032911392405063467 0.029113924050632844
0 0.2689240506329113 0.6173037974683544 0.03797468354430389 0.032911392405063356
0 0.2986708860759493 0.6147721518987342 0.036708860759493755 0.03544303797468351
0 0.6043670886075948 0.602746835443038 0.03544303797468351 0.036708860759493644
0 0.6372784810126582 0.603379746835443 0.040506329113924155 0.040506329113924044
0 0.7214556962025316 0.522367088607595 0.04936708860759487 0.048101265822784844
0 0.7619620253164556 0.5242658227848102 0.04683544303797482 0.051898734177215244
0 0.45310126582278465 0.6514810126582278 0.02405063291139231 0.03037974683544309
0 0.47841772151898715 0.6533797468354431 0.03164556962025322 0.03924050632911391
0 0.35436708860759486 0.6546455696202531 0.02658227848101269 0.03164556962025322
0 0.8277848101265822 0.6065443037974684 0.029113924050632844 0.03924050632911391
0 0.8512025316455696 0.6097088607594937 0.025316455696202556 0.03544303797468351
0 0.9474050632911393 0.6071772151898734 0.03544303797468351 0.032911392405063244
0 0.9777848101265822 0.6065443037974684 0.032911392405063244 0.03164556962025311
0 0.6936075949367089 0.6464177215189874 0.029113924050633067 0.025316455696202445
0 0.9182911392405063 0.6476835443037974 0.025316455696202445 0.02278481012658229
0 0.8803164556962024 0.6508481012658228 0.025316455696202556 0.026582278481012578