0 0.0012594936708860693 0.8577721518987342 0.0025189873417721387 0.18101265822784818
0 0.006955696202531614 0.32169620253164555 0.013911392405063228 0.0329113924050633
0 0.024670886075949305 0.3242278481012658 0.036708860759493755 0.03544303797468351
0 0.33036708860759484 0.336253164556962 0.0354430379746834 0.036708860759493644
0 0.3632784810126582 0.33562025316455696 0.040506329113924155 0.040506329113924044
0 0.4474556962025316 0.41663291139240505 0.04936708860759487 0.048101265822784844
0 0.48796202531645566 0.4147341772151899 0.04683544303797482 0.05189873417721519
0 0.17910126582278463 0.28751898734177217 0.02405063291139231 0.03037974683544309
0 0.20441772151898718 0.28562025316455697 0.03164556962025311 0.03924050632911391
0 0.08036708860759484 0.28435443037974684 0.02658227848101269 0.03164556962025322
0 0.5537848101265822 0.33245569620253157 0.029113924050632844 0.03924050632911397
0 0.5772025316455696 0.32929113924050635 0.025316455696202556 0.03544303797468357
0 0.6734050632911392 0.3318227848101266 0.03544303797468351 0.0329113924050633
0 0.7037848101265822 0.3324556962025317 0.032911392405063244 0.03164556962025317
0 0.41960759493670885 0.2925822784810127 0.029113924050633067 0.0253164556962025
0 0.6442911392405063 0.29131645569620257 0.025316455696202445 0.02278481012658229
0 0.6063164556962024 0.2881518987341772 0.025316455696202556 0.02658227848101269