0 0.326518987341772 0.07630379746835447 0.12911392405063293 0.15260759493670895
0 0.4537341772151898 0.08136708860759495 0.14556962025316467 0.1627341772151899
0 0.23854430379746816 0.5760253164556962 0.051898734177215244 0.04936708860759498
0 0.29360759493670874 0.5684303797468355 0.05569620253164542 0.05189873417721513
0 0.14044303797468355 0.5842531645569621 0.050632911392405 0.05316455696202538
0 0.48094936708860747 0.6291898734177215 0.032911392405063467 0.029113924050632956
0 0.5189240506329114 0.6083037974683544 0.03797468354430389 0.032911392405063244
0 0.5486708860759493 0.6057721518987341 0.036708860759493867 0.03544303797468351
0 0.8543670886075949 0.593746835443038 0.0354430379746834 0.036708860759493644
0 0.8872784810126582 0.594379746835443 0.040506329113924155 0.040506329113924044
0 0.9714556962025316 0.513367088607595 0.04936708860759498 0.048101265822784844
0 0.9942721518987341 0.5152658227848101 0.011455696202531729 0.05189873417721513
0 0.7031012658227846 0.6424810126582279 0.02405063291139231 0.0303797468354432
0 0.7284177215189872 0.644379746835443 0.03164556962025311 0.03924050632911391
0 0.6043670886075949 0.6456455696202532 0.02658227848101269 0.03164556962025322
0 0.9436075949367089 0.6374177215189873 0.029113924050633067 0.025316455696202556