0 0.103518987341772 0.9226962025316455 0.12911392405063293 0.15460759493670895
0 0.23073417721518974 0.9176329113924051 0.14556962025316467 0.1647341772151899
0 0.020746835443037848 0.4219746835443038 0.041493670886075695 0.04936708860759498
0 0.07060759493670876 0.42956962025316453 0.05569620253164542 0.05189873417721513
0 0.2579493670886075 0.3688101265822785 0.032911392405063467 0.0291139240506329
0 0.29592405063291133 0.3896962025316456 0.03797468354430389 0.0329113924050633
0 0.32567088607594924 0.3922278481012658 0.036708860759493755 0.03544303797468351
0 0.6313670886075948 0.40425316455696203 0.03544303797468329 0.036708860759493644
0 0.6642784810126583 0.40362025316455696 0.040506329113924155 0.040506329113924044
0 0.7484556962025316 0.48463291139240505 0.04936708860759498 0.048101265822784844
0 0.7889620253164557 0.48273417721518985 0.04683544303797471 0.05189873417721519
0 0.4801012658227847 0.3555189873417721 0.02405063291139231 0.030379746835443033
0 0.5054177215189871 0.353620253164557 0.03164556962025311 0.03924050632911391
0 0.38136708860759483 0.35235443037974684 0.0265822784810128 0.03164556962025322
0 0.8547848101265823 0.40045569620253163 0.029113924050632956 0.03924050632911397
0 0.8782025316455695 0.3972911392405063 0.025316455696202556 0.03544303797468351
0 0.9744050632911392 0.39982278481012656 0.03544303797468362 0.0329113924050633
0 0.9941645569620253 0.40045569620253163 0.01167088607594935 0.03164556962025317
0 0.7206075949367088 0.36058227848101265 0.029113924050633067 0.0253164556962025
0 0.9452911392405063 0.3593164556962025 0.025316455696202556 0.022784810126582233
0 0.9073164556962025 0.3561518987341772 0.025316455696202445 0.02658227848101269