0 0.23636708860759487 0.618746835443038 0.0354430379746834 0.036708860759493644
0 0.2692784810126582 0.6193797468354431 0.040506329113924155 0.040506329113924044
0 0.3534556962025316 0.538367088607595 0.04936708860759498 0.048101265822784844
0 0.39396202531645563 0.5402658227848102 0.04683544303797471 0.051898734177215244
0 0.08510126582278466 0.6674810126582278 0.02405063291139231 0.03037974683544309
0 0.11041772151898716 0.669379746835443 0.03164556962025322 0.03924050632911402
0 0.4597848101265822 0.6225443037974684 0.029113924050632956 0.03924050632911391
0 0.48320253164556953 0.6257088607594937 0.025316455696202556 0.03544303797468351
0 0.5794050632911393 0.6231772151898735 0.03544303797468351 0.032911392405063244
0 0.6097848101265823 0.6225443037974684 0.032911392405063244 0.03164556962025311
0 0.3256075949367089 0.6624177215189873 0.029113924050633067 0.025316455696202556
0 0.5502911392405063 0.6636835443037974 0.025316455696202667 0.02278481012658229
0 0.5123164556962024 0.6668481012658228 0.025316455696202445 0.026582278481012578