0 0.020537974683544236 0.8575696202531644 0.04107594936708847 0.16835443037974673
0 0.10373417721518974 0.8537721518987342 0.14556962025316467 0.18101265822784818
0 0.1309493670886075 0.29681012658227846 0.032911392405063467 0.0291139240506329
0 0.16892405063291133 0.31769620253164554 0.03797468354430389 0.0329113924050633
0 0.19867088607594924 0.3202278481012658 0.036708860759493755 0.03544303797468351
0 0.5043670886075948 0.332253164556962 0.03544303797468329 0.036708860759493644
0 0.5372784810126583 0.33162025316455696 0.040506329113924155 0.040506329113924044
0 0.6214556962025316 0.41263291139240504 0.04936708860759498 0.048101265822784844
0 0.6619620253164556 0.4107341772151899 0.04683544303797471 0.05189873417721519
0 0.35310126582278467 0.28351898734177217 0.02405063291139231 0.03037974683544309
0 0.3784177215189871 0.28162025316455697 0.03164556962025311 0.03924050632911391
0 0.2543670886075948 0.28035443037974683 0.0265822784810128 0.03164556962025317
0 0.7277848101265822 0.3284556962025316 0.029113924050632956 0.03924050632911391
0 0.7512025316455695 0.32529113924050634 0.025316455696202556 0.03544303797468357
0 0.8474050632911393 0.3278227848101266 0.03544303797468351 0.0329113924050633
0 0.8777848101265822 0.3284556962025317 0.03291139240506313 0.03164556962025317
0 0.5936075949367088 0.2885822784810127 0.029113924050633067 0.0253164556962025
0 0.8182911392405063 0.28731645569620257 0.025316455696202556 0.02278481012658229
0 0.7803164556962024 0.2841518987341772 0.025316455696202445 0.02658227848101269