0 0.003259493670886071 0.8847721518987341 0.006518987341772142 0.18101265822784818
0 0.008955696202531616 0.34869620253164557 0.01791139240506323 0.0329113924050633
0 0.02867088607594931 0.35122784810126584 0.036708860759493755 0.03544303797468357
0 0.33436708860759484 0.363253164556962 0.0354430379746834 0.03670886075949359
0 0.3672784810126582 0.362620253164557 0.040506329113924155 0.040506329113924044
0 0.4514556962025316 0.44363291139240507 0.04936708860759487 0.048101265822784844
0 0.49196202531645566 0.44173417721518987 0.04683544303797482 0.051898734177215244
0 0.18310126582278463 0.31451898734177214 0.02405063291139231 0.03037974683544309
0 0.2084177215189872 0.312620253164557 0.03164556962025311 0.03924050632911397
0 0.08436708860759484 0.31135443037974686 0.02658227848101269 0.03164556962025317
0 0.5577848101265822 0.3594556962025316 0.029113924050632844 0.03924050632911397
0 0.5812025316455696 0.3562911392405063 0.025316455696202556 0.03544303797468351
0 0.6774050632911393 0.35882278481012664 0.03544303797468351 0.0329113924050633
0 0.7077848101265822 0.35945569620253165 0.032911392405063244 0.03164556962025322
0 0.42360759493670885 0.31958227848101267 0.029113924050633067 0.025316455696202556
0 0.6482911392405063 0.31831645569620254 0.025316455696202445 0.02278481012658229
0 0.6103164556962024 0.3151518987341772 0.025316455696202556 0.02658227848101269