0 0.811481012658228 0.9155696202531645 0.12911392405063293 0.16835443037974673
0 0.6842658227848102 0.910632911392405 0.14556962025316467 0.17873417721518992
0 0.8994556962025317 0.4079746835443038 0.05189873417721513 0.04936708860759498
0 0.8443924050632912 0.4155696202531646 0.05569620253164553 0.05189873417721519
0 0.986120253164557 0.39974683544303796 0.027759493670886037 0.05316455696202527
0 0.6570506329113925 0.3548101265822785 0.032911392405063467 0.0291139240506329
0 0.6190759493670888 0.3756962025316456 0.03797468354430389 0.0329113924050633
0 0.5893291139240506 0.3782278481012658 0.036708860759493755 0.03544303797468351
0 0.28363291139240515 0.390253164556962 0.0354430379746834 0.036708860759493644
0 0.25072151898734174 0.38962025316455695 0.04050632911392413 0.040506329113924044
0 0.16654430379746837 0.47063291139240504 0.04936708860759495 0.048101265822784844
0 0.12603797468354433 0.46873417721518984 0.04683544303797474 0.05189873417721519
0 0.43489873417721536 0.34151898734177216 0.02405063291139231 0.03037974683544309
0 0.40958227848101286 0.33962025316455696 0.03164556962025311 0.03924050632911391
0 0.5336329113924052 0.3383544303797469 0.02658227848101269 0.03164556962025317
0 0.060215189873417785 0.3864556962025316 0.029113924050632928 0.03924050632911391
0 0.036797468354430464 0.3832911392405063 0.025316455696202528 0.03544303797468357
0 0.19439240506329114 0.34658227848101264 0.02911392405063304 0.0253164556962025
0 0.010170886075949397 0.3421518987341772 0.020341772151898793 0.02658227848101269