0 0.785481012658228 0.07930379746835442 0.12911392405063293 0.15860759493670884
0 0.6582658227848102 0.08436708860759495 0.14556962025316467 0.1687341772151899
0 0.8734556962025319 0.5820253164556962 0.05189873417721513 0.04936708860759498
0 0.8183924050632913 0.5744303797468355 0.05569620253164542 0.05189873417721513
0 0.9715569620253164 0.5902531645569621 0.050632911392405 0.05316455696202538
0 0.6310506329113925 0.6351898734177215 0.032911392405063467 0.029113924050632956
0 0.5930759493670887 0.6143037974683544 0.03797468354430389 0.032911392405063244
0 0.5633291139240507 0.6117721518987341 0.036708860759493644 0.03544303797468351
0 0.2576329113924052 0.599746835443038 0.03544303797468343 0.036708860759493644
0 0.22472151898734177 0.600379746835443 0.040506329113924155 0.040506329113924044
0 0.1405443037974684 0.519367088607595 0.04936708860759495 0.048101265822784844
0 0.10003797468354435 0.5212658227848102 0.04683544303797477 0.05189873417721513
0 0.4088987341772154 0.6484810126582279 0.02405063291139231 0.03037974683544309
0 0.38358227848101284 0.650379746835443 0.03164556962025311 0.03924050632911391
0 0.5076329113924052 0.6516455696202532 0.0265822784810128 0.03164556962025322
0 0.03421518987341779 0.6035443037974684 0.029113924050632935 0.03924050632911402
0 0.011727848101265863 0.6067088607594937 0.023455696202531726 0.03544303797468362
0 0.16839240506329117 0.6434177215189874 0.02911392405063304 0.025316455696202556