0 0.05736708860759482 0.6657468354430379 0.0354430379746834 0.036708860759493644
0 0.09027848101265828 0.666379746835443 0.040506329113924155 0.040506329113924044
0 0.17445569620253165 0.5853670886075949 0.04936708860759498 0.048101265822784844
0 0.21496202531645564 0.5872658227848101 0.04683544303797482 0.051898734177215244
0 0.28078481012658224 0.6695443037974683 0.029113924050632956 0.03924050632911391
0 0.30420253164556954 0.6727088607594937 0.025316455696202445 0.03544303797468351
0 0.40040506329113923 0.6701772151898734 0.03544303797468351 0.032911392405063244
0 0.4307848101265822 0.6695443037974683 0.032911392405063244 0.03164556962025311
0 0.14660759493670883 0.7094177215189873 0.029113924050633067 0.025316455696202445
0 0.37129113924050633 0.7106835443037974 0.025316455696202556 0.022784810126582178
0 0.33331645569620244 0.7138481012658229 0.025316455696202556 0.02658227848101269