0 0.07051898734177198 0.09543037974683549 0.12911392405063293 0.16835443037974673
0 0.19773417721518982 0.09922784810126584 0.14556962025316467 0.18101265822784818
0 0.0042468354430378885 0.6030253164556962 0.008493670886075777 0.04936708860759487
0 0.03760759493670873 0.5954303797468354 0.05569620253164542 0.05189873417721502
0 0.22494936708860747 0.6561898734177215 0.032911392405063467 0.029113924050632844
0 0.2629240506329113 0.6353037974683544 0.03797468354430389 0.032911392405063244
0 0.2926708860759493 0.6327721518987343 0.036708860759493755 0.03544303797468351
0 0.5983670886075949 0.620746835443038 0.0354430379746834 0.036708860759493644
0 0.6312784810126582 0.6213797468354431 0.040506329113924155 0.040506329113924044
0 0.7154556962025316 0.540367088607595 0.04936708860759487 0.048101265822784844
0 0.7559620253164556 0.5422658227848102 0.04683544303797482 0.051898734177215244
0 0.44710126582278464 0.6694810126582278 0.02405063291139231 0.03037974683544309
0 0.47241772151898714 0.671379746835443 0.03164556962025322 0.03924050632911402
0 0.34836708860759485 0.6726455696202531 0.02658227848101269 0.03164556962025322
0 0.8217848101265822 0.6245443037974684 0.029113924050632844 0.03924050632911391
0 0.8452025316455696 0.6277088607594937 0.025316455696202556 0.03544303797468351
0 0.9414050632911393 0.6251772151898735 0.03544303797468351 0.032911392405063244
0 0.9717848101265822 0.6245443037974684 0.032911392405063244 0.03164556962025311
0 0.6876075949367089 0.6644177215189873 0.029113924050633067 0.025316455696202556
0 0.9122911392405063 0.6656835443037974 0.025316455696202445 0.02278481012658229
0 0.8743164556962024 0.6688481012658228 0.025316455696202556 0.026582278481012578