0 0.010759493670886078 0.8747721518987341 0.021518987341772156 0.1810126582278483
0 0.016455696202531622 0.33869620253164556 0.032911392405063244 0.0329113924050633
0 0.04367088607594932 0.34122784810126583 0.036708860759493755 0.03544303797468357
0 0.34936708860759486 0.35325316455696204 0.0354430379746834 0.036708860759493644
0 0.3822784810126582 0.352620253164557 0.040506329113924155 0.040506329113924044
0 0.4664556962025316 0.43363291139240506 0.04936708860759498 0.048101265822784844
0 0.5069620253164556 0.4317341772151899 0.04683544303797471 0.05189873417721519
0 0.19810126582278464 0.30451898734177213 0.02405063291139231 0.03037974683544309
0 0.22341772151898714 0.302620253164557 0.03164556962025322 0.03924050632911397
0 0.09936708860759486 0.30135443037974685 0.02658227848101269 0.03164556962025322
0 0.5727848101265822 0.3494556962025316 0.029113924050633067 0.03924050632911397
0 0.5962025316455696 0.3462911392405063 0.025316455696202445 0.03544303797468351
0 0.6924050632911393 0.34882278481012663 0.03544303797468351 0.0329113924050633
0 0.7227848101265822 0.34945569620253164 0.032911392405063244 0.03164556962025322
0 0.43860759493670887 0.3095822784810127 0.029113924050633067 0.0253164556962025
0 0.6632911392405063 0.3083164556962026 0.025316455696202667 0.022784810126582233
0 0.6253164556962025 0.3051518987341772 0.025316455696202556 0.02658227848101269