0 0.19251898734177197 0.1054303797468355 0.12911392405063293 0.16835443037974673
0 0.3197341772151898 0.10922784810126585 0.14556962025316467 0.18101265822784818
0 0.10454430379746821 0.6130253164556962 0.05189873417721513 0.04936708860759487
0 0.15960759493670879 0.6054303797468354 0.05569620253164553 0.05189873417721502
0 0.01587974683544302 0.6212531645569621 0.03175949367088604 0.05316455696202527
0 0.34694936708860746 0.6661898734177215 0.032911392405063467 0.029113924050632844
0 0.3849240506329113 0.6453037974683544 0.03797468354430389 0.032911392405063244
0 0.4146708860759493 0.6427721518987342 0.036708860759493755 0.03544303797468362
0 0.7203670886075948 0.630746835443038 0.0354430379746834 0.036708860759493644
0 0.7532784810126583 0.6313797468354431 0.040506329113924155 0.040506329113924044
0 0.8374556962025316 0.550367088607595 0.04936708860759498 0.048101265822784844
0 0.8779620253164556 0.5522658227848102 0.04683544303797471 0.051898734177215244
0 0.5691012658227846 0.6794810126582278 0.02405063291139231 0.03037974683544309
0 0.5944177215189871 0.681379746835443 0.03164556962025311 0.03924050632911402
0 0.47036708860759485 0.6826455696202531 0.02658227848101269 0.03164556962025322
0 0.9437848101265822 0.6345443037974684 0.029113924050632844 0.03924050632911391
0 0.9672025316455695 0.6377088607594937 0.025316455696202556 0.03544303797468351
0 0.8096075949367089 0.6744177215189873 0.029113924050633067 0.025316455696202556
0 0.9918291139240506 0.6788481012658227 0.016341772151898804 0.02658227848101269