0 0.14736708860759484 0.401253164556962 0.03544303797468351 0.036708860759493644
0 0.18027848101265825 0.40062025316455696 0.040506329113924155 0.040506329113924044
0 0.2644556962025316 0.48163291139240505 0.04936708860759498 0.048101265822784844
0 0.30496202531645566 0.47973417721518985 0.04683544303797471 0.05189873417721519
0 0.004063291139240366 0.35251898734177217 0.008126582278480732 0.03037974683544309
0 0.02141772151898713 0.35062025316455697 0.03164556962025311 0.03924050632911391
0 0.3707848101265822 0.3974556962025316 0.029113924050632956 0.03924050632911397
0 0.39420253164556956 0.3942911392405063 0.025316455696202556 0.03544303797468357
0 0.49040506329113925 0.39682278481012656 0.03544303797468362 0.0329113924050633
0 0.5207848101265823 0.3974556962025316 0.032911392405063244 0.03164556962025317
0 0.2366075949367088 0.35758227848101265 0.029113924050633067 0.0253164556962025
0 0.4612911392405063 0.35631645569620257 0.025316455696202556 0.02278481012658229
0 0.42331645569620246 0.3531518987341772 0.025316455696202445 0.02658227848101269