0 0.2824050632911392 0.5051392405063291 0.12278481012658216 0.10632911392405064
0 0.3741772151898733 0.5165316455696203 0.11645569620253171 0.11392405063291139
0 0.900759493670886 0.5070379746835443 0.09113924050632916 0.08481012658227849
0 0.9636708860759493 0.513367088607595 0.07265822784810128 0.08481012658227849
0 0.7532911392405062 0.40007594936708857 0.07215189873417727 0.07594936708860756
0 0.8077215189873417 0.4070379746835443 0.06455696202531647 0.07468354430379748
0 0.4975949367088606 0.31779746835443035 0.05443037974683562 0.043037974683544256
0 0.19189873417721515 0.29691139240506326 0.060759493670885956 0.04936708860759492
0 0.15329113924050614 0.2899493670886076 0.04683544303797482 0.04556962025316458
0 0.0741772151898733 0.27665822784810123 0.05822784810126591 0.046835443037974656
0 0.02316455696202524 0.2348860759493671 0.04632911392405048 0.05189873417721516