0 0.8425949367088608 0.4681392405063291 0.12278481012658216 0.10632911392405064
0 0.7508227848101268 0.47953164556962025 0.11645569620253171 0.11392405063291139
0 0.22424050632911394 0.47003797468354425 0.0911392405063291 0.08481012658227843
0 0.15588607594936713 0.4763670886075949 0.0835443037974684 0.08481012658227843
0 0.02794303797468362 0.44155696202531647 0.05588607594936724 0.06582278481012654
0 0.3717088607594937 0.3630759493670886 0.07215189873417721 0.07594936708860756
0 0.3172784810126582 0.37003797468354427 0.06455696202531647 0.07468354430379748
0 0.09196202531645575 0.35927848101265814 0.056962025316455764 0.06329113924050628
0 0.6274050632911394 0.28079746835443037 0.05443037974683551 0.04303797468354431
0 0.9331012658227849 0.2599113924050633 0.060759493670885956 0.04936708860759495
0 0.9717088607594939 0.2529493670886076 0.04683544303797482 0.04556962025316452