0 0.6945949367088609 0.5138607594936708 0.12278481012658216 0.10632911392405064
0 0.6028227848101266 0.5024683544303797 0.11645569620253171 0.11392405063291133
0 0.07624050632911394 0.5119620253164556 0.09113924050632909 0.08481012658227838
0 0.02482911392405066 0.5056329113924051 0.04965822784810132 0.08481012658227849
0 0.22370886075949376 0.6189240506329114 0.07215189873417718 0.07594936708860756
0 0.16927848101265824 0.6119620253164557 0.06455696202531647 0.07468354430379742
0 0.4794050632911394 0.7012025316455696 0.05443037974683551 0.04303797468354431
0 0.7851012658227849 0.7220886075949368 0.06075949367088607 0.04936708860759498
0 0.8237088607594938 0.7290506329113924 0.04683544303797482 0.04556962025316447
0 0.9028227848101267 0.7423417721518988 0.05822784810126591 0.0468354430379746
0 0.9610506329113926 0.784113924050633 0.06075949367088607 0.05189873417721513