0 0.2964050632911392 0.5118607594936708 0.12278481012658216 0.10632911392405064
0 0.3881772151898733 0.5004683544303797 0.11645569620253171 0.11392405063291133
0 0.914759493670886 0.5099620253164556 0.09113924050632916 0.08481012658227838
0 0.9706708860759493 0.5036329113924051 0.058658227848101374 0.08481012658227849
0 0.7672911392405062 0.6169240506329114 0.07215189873417727 0.07594936708860756
0 0.8217215189873417 0.6099620253164557 0.06455696202531647 0.07468354430379742
0 0.5115949367088606 0.6992025316455696 0.05443037974683562 0.04303797468354431
0 0.2058987341772151 0.7200886075949368 0.06075949367088607 0.04936708860759498
0 0.16729113924050615 0.7270506329113925 0.04683544303797482 0.04556962025316458
0 0.08817721518987331 0.7403417721518988 0.05822784810126591 0.0468354430379746
0 0.030164556962025246 0.782113924050633 0.06032911392405049 0.05189873417721513