0 0.3004050632911392 0.542860759493671 0.12278481012658216 0.10632911392405064
0 0.3921772151898733 0.5314683544303798 0.11645569620253171 0.11392405063291144
0 0.918759493670886 0.5409620253164558 0.09113924050632916 0.08481012658227849
0 0.9726708860759493 0.5346329113924051 0.05465822784810137 0.08481012658227849
0 0.7712911392405062 0.6479240506329114 0.07215189873417727 0.07594936708860756
0 0.8257215189873417 0.6409620253164556 0.06455696202531647 0.07468354430379753
0 0.5155949367088606 0.7302025316455696 0.05443037974683562 0.0430379746835442
0 0.2098987341772151 0.7510886075949367 0.06075949367088607 0.04936708860759498
0 0.17129113924050615 0.7580506329113924 0.04683544303797482 0.04556962025316458
0 0.09217721518987332 0.7713417721518987 0.05822784810126591 0.0468354430379746
0 0.03394936708860746 0.8131139240506329 0.06075949367088607 0.05189873417721513