0 0.3004050632911392 0.5031392405063291 0.12278481012658216 0.10632911392405064
0 0.3921772151898733 0.5145316455696203 0.11645569620253171 0.11392405063291139
0 0.918759493670886 0.5050379746835443 0.09113924050632916 0.08481012658227849
0 0.9726708860759493 0.5113670886075949 0.05465822784810137 0.08481012658227849
0 0.7712911392405062 0.39807594936708857 0.07215189873417727 0.07594936708860756
0 0.8257215189873417 0.4050379746835443 0.06455696202531647 0.07468354430379748
0 0.5155949367088606 0.31579746835443034 0.05443037974683562 0.043037974683544256
0 0.2098987341772151 0.29491139240506326 0.06075949367088607 0.04936708860759492
0 0.17129113924050615 0.2879493670886076 0.04683544303797482 0.04556962025316458
0 0.09217721518987332 0.27465822784810123 0.05822784810126591 0.046835443037974656
0 0.03394936708860746 0.2328860759493671 0.06075949367088607 0.05189873417721516