0 0.1854050632911392 0.5098607594936708 0.12278481012658216 0.10632911392405064
0 0.2771772151898733 0.49846835443037973 0.11645569620253171 0.11392405063291133
0 0.8037594936708861 0.5079620253164557 0.09113924050632916 0.08481012658227849
0 0.8721139240506328 0.5016329113924051 0.08354430379746847 0.08481012658227849
0 0.9860569620253163 0.5364430379746836 0.027886075949367206 0.06582278481012649
0 0.6562911392405062 0.6149240506329114 0.07215189873417716 0.07594936708860756
0 0.7107215189873417 0.6079620253164557 0.06455696202531647 0.07468354430379742
0 0.9360379746835442 0.6187215189873418 0.05696202531645578 0.06329113924050622
0 0.4005949367088606 0.6972025316455696 0.05443037974683551 0.04303797468354431
0 0.09489873417721512 0.7180886075949368 0.06075949367088607 0.04936708860759498
0 0.05629113924050616 0.7250506329113925 0.04683544303797482 0.04556962025316458
0 0.0031455696202531414 0.7383417721518988 0.006291139240506283 0.0468354430379746