0 0.2334050632911392 0.4551392405063291 0.12278481012658227 0.10632911392405064
0 0.32517721518987336 0.4665316455696203 0.11645569620253171 0.11392405063291144
0 0.8517594936708861 0.4570379746835443 0.09113924050632904 0.08481012658227849
0 0.9201139240506329 0.4633670886075949 0.08354430379746836 0.08481012658227843
0 0.7042911392405062 0.3500759493670886 0.07215189873417716 0.07594936708860756
0 0.7587215189873417 0.35703797468354426 0.06455696202531647 0.07468354430379748
0 0.9777784810126582 0.3462784810126582 0.04444303797468363 0.06329113924050622
0 0.4485949367088606 0.26779746835443036 0.05443037974683562 0.04303797468354428
0 0.14289873417721516 0.24691139240506327 0.06075949367088607 0.04936708860759495
0 0.10429113924050615 0.23994936708860756 0.04683544303797471 0.04556962025316452
0 0.027145569620253107 0.22665822784810127 0.054291139240506214 0.046835443037974656