0 0.6695949367088608 0.5068607594936709 0.12278481012658227 0.10632911392405064
0 0.5778227848101267 0.4954683544303798 0.11645569620253171 0.11392405063291144
0 0.05124050632911394 0.5049620253164557 0.09113924050632909 0.08481012658227849
0 0.01232911392405066 0.49863291139240506 0.02465822784810132 0.08481012658227849
0 0.19870886075949373 0.6119240506329113 0.07215189873417718 0.07594936708860767
0 0.14427848101265822 0.6049620253164557 0.06455696202531645 0.07468354430379742
0 0.4544050632911394 0.6942025316455697 0.05443037974683557 0.04303797468354431
0 0.7601012658227848 0.7150886075949368 0.06075949367088607 0.04936708860759487
0 0.7987088607594939 0.7220506329113924 0.04683544303797471 0.04556962025316458
0 0.8778227848101267 0.7353417721518987 0.05822784810126591 0.0468354430379746
0 0.9360506329113925 0.7771139240506328 0.06075949367088607 0.05189873417721513