0 0.6515949367088608 0.5161392405063291 0.12278481012658227 0.1063291139240507
0 0.5598227848101267 0.5275316455696203 0.11645569620253171 0.11392405063291139
0 0.03940506329113924 0.5180379746835443 0.07881012658227848 0.08481012658227849
0 0.0033291139240506596 0.5243670886075948 0.006658227848101319 0.08481012658227838
0 0.18070886075949374 0.4110759493670886 0.07215189873417716 0.07594936708860756
0 0.12627848101265823 0.4180379746835443 0.06455696202531647 0.07468354430379748
0 0.4364050632911394 0.32879746835443036 0.05443037974683557 0.043037974683544256
0 0.7421012658227848 0.30791139240506327 0.06075949367088607 0.04936708860759492
0 0.7807088607594939 0.30094936708860753 0.04683544303797471 0.04556962025316452
0 0.8598227848101268 0.28765822784810124 0.0582278481012658 0.046835443037974656
0 0.9180506329113924 0.24588607594936712 0.06075949367088607 0.05189873417721516