0 0.0857215189873416 0.457506329113924 0.06455696202531636 0.07468354430379742
0 0.14331645569620244 0.45497468354430376 0.07341772151898751 0.06962025316455689
0 0.38065822784810105 0.36573417721518986 0.03670886075949353 0.04556962025316452
0 0.40724050632911385 0.3651012658227848 0.029113924050632956 0.036708860759493644
0 0.28698734177215174 0.3359873417721519 0.036708860759493755 0.03417721518987338
0 0.16167088607594915 0.2992784810126582 0.03417721518987338 0.026582278481012633
0 0.6363544303797468 0.2980126582278481 0.026582278481012578 0.02658227848101269
0 0.6610379746835443 0.2954810126582279 0.025316455696202445 0.024050632911392367
0 0.9990406504065041 0.27090243902439026 0.0019186991869918346 0.01788617886178867
0 0.7972682926829269 0.29000813008130083 0.019512195121951237 0.0186991869918699
0 0.8464552845528457 0.25830081300813 0.017073170731707443 0.01544715447154471
0 0.9383252032520326 0.25870731707317074 0.015447154471544766 0.01626016260162605
0 0.9509268292682929 0.260739837398374 0.014634146341463317 0.020325203252032575
0 0.8899512195121952 0.26886991869918697 0.011382113821138184 0.017073170731707388
0 0.7362926829268293 0.2648048780487805 0.019512195121951126 0.020325203252032575
0 0.45214634146341476 0.26805691056910574 0.01707317073170722 0.018699186991869954
0 0.3526212121212122 0.25790909090909087 0.017424242424242564 0.021212121212121182