0 0.9859873417721519 0.4709746835443037 0.02802531645569617 0.06962025316455689
0 0.7713417721518989 0.3817341772151899 0.03670886075949353 0.04556962025316452
0 0.7447594936708861 0.3811012658227848 0.029113924050632956 0.036708860759493644
0 0.8650126582278483 0.3519873417721519 0.036708860759493755 0.03417721518987338
0 0.9866202531645571 0.3152784810126582 0.026759493670885814 0.026582278481012633
0 0.5156455696202532 0.31401265822784813 0.026582278481012578 0.02658227848101269
0 0.4909620253164557 0.3114810126582278 0.0253164556962025 0.024050632911392367
0 0.14619512195121945 0.2869024390243903 0.015447154471544766 0.017886178861788615
0 0.13440650406504062 0.28852845528455284 0.016260162601625994 0.014634146341463428
0 0.0986341463414634 0.284869918699187 0.013008130081300806 0.017073170731707332
0 0.35473170731707304 0.30600813008130084 0.01951219512195118 0.0186991869918699
0 0.30554471544715434 0.27430081300813003 0.017073170731707388 0.01544715447154471
0 0.21367479674796744 0.2747073170731707 0.015447154471544766 0.016260162601625994
0 0.20107317073170722 0.276739837398374 0.0146341463414634 0.020325203252032575
0 0.2620487804878048 0.284869918699187 0.011382113821138184 0.017073170731707332
0 0.41570731707317066 0.2808048780487805 0.019512195121951237 0.020325203252032575
0 0.6998536585365853 0.28405691056910565 0.01707317073170722 0.018699186991869954
0 0.7993787878787877 0.2739090909090909 0.017424242424242453 0.021212121212121182
0 0.014530303030303032 0.2951212121212121 0.018939393939393936 0.021212121212121238