0 0.2850506329113922 0.5163037974683544 0.07088607594936702 0.06962025316455706
0 0.23125316455696188 0.5137721518987342 0.04683544303797471 0.06455696202531652
0 0.42872151898734157 0.512506329113924 0.06455696202531636 0.07468354430379742
0 0.4863164556962024 0.5099746835443038 0.07341772151898751 0.06962025316455689
0 0.7236582278481011 0.42073417721518985 0.036708860759493644 0.04556962025316458
0 0.7502405063291138 0.4201012658227848 0.029113924050632956 0.036708860759493644
0 0.6299873417721518 0.3909873417721519 0.036708860759493755 0.03417721518987338
0 0.5046708860759492 0.35427848101265824 0.03417721518987327 0.026582278481012633
0 0.9793544303797468 0.3530126582278481 0.026582278481012578 0.02658227848101269
0 0.9956898734177215 0.35048101265822784 0.008620253164556946 0.024050632911392367
0 0.7951463414634148 0.3230569105691057 0.01707317073170722 0.018699186991869954
0 0.6956212121212122 0.3129090909090909 0.017424242424242564 0.021212121212121182