0 0.2060506329113922 0.4716962025316455 0.07088607594936713 0.069620253164557
0 0.15225316455696192 0.4742278481012658 0.04683544303797471 0.06455696202531647
0 0.3497215189873416 0.47549367088607597 0.06455696202531636 0.07468354430379742
0 0.40731645569620245 0.47802531645569624 0.07341772151898751 0.06962025316455689
0 0.644658227848101 0.5672658227848102 0.03670886075949353 0.04556962025316447
0 0.6712405063291138 0.5678987341772151 0.029113924050632956 0.036708860759493644
0 0.5509873417721517 0.5970126582278481 0.036708860759493644 0.03417721518987338
0 0.42567088607594916 0.6337215189873417 0.03417721518987338 0.02658227848101269
0 0.9003544303797468 0.6349873417721519 0.026582278481012578 0.0265822784810128
0 0.9250379746835442 0.6375189873417721 0.025316455696202556 0.024050632911392422
0 0.9952682926829268 0.6681951219512194 0.009463414634146239 0.020325203252032575
0 0.7161463414634148 0.6649430894308943 0.01707317073170722 0.01869918699187001
0 0.6166212121212122 0.6750909090909091 0.017424242424242564 0.021212121212121238