0 0.7819493670886077 0.4603037974683544 0.07088607594936713 0.069620253164557
0 0.8357468354430381 0.4577721518987342 0.04683544303797471 0.06455696202531652
0 0.6382784810126584 0.456506329113924 0.06455696202531636 0.07468354430379742
0 0.5806835443037976 0.45397468354430376 0.0734177215189874 0.06962025316455689
0 0.3433417721518989 0.36473417721518986 0.03670886075949353 0.04556962025316452
0 0.3167594936708862 0.3641012658227848 0.029113924050632956 0.036708860759493644
0 0.4370126582278483 0.3349873417721519 0.036708860759493755 0.03417721518987338
0 0.5623291139240508 0.2982784810126582 0.03417721518987338 0.026582278481012633
0 0.08764556962025319 0.2970126582278481 0.02658227848101262 0.02658227848101269
0 0.06296202531645571 0.2944810126582279 0.025316455696202535 0.024050632911392367
0 0.2718536585365853 0.26705691056910574 0.01707317073170722 0.018699186991869954
0 0.37137878787878775 0.25690909090909086 0.01742424242424251 0.021212121212121182