0 0.0860506329113922 0.4593037974683544 0.07088607594936713 0.069620253164557
0 0.03225316455696192 0.4567721518987342 0.04683544303797471 0.06455696202531652
0 0.2297215189873416 0.455506329113924 0.06455696202531636 0.07468354430379742
0 0.28731645569620246 0.45297468354430376 0.07341772151898751 0.06962025316455689
0 0.5246582278481011 0.36373417721518986 0.03670886075949342 0.04556962025316452
0 0.5512405063291138 0.3631012658227848 0.029113924050632844 0.036708860759493644
0 0.43098734177215164 0.3339873417721519 0.036708860759493755 0.03417721518987338
0 0.30567088607594917 0.2972784810126582 0.03417721518987338 0.026582278481012633
0 0.7803544303797468 0.2960126582278481 0.026582278481012578 0.02658227848101269
0 0.8050379746835443 0.2934810126582279 0.025316455696202556 0.024050632911392367
0 0.941268292682927 0.28800813008130083 0.019512195121951126 0.0186991869918699
0 0.9904552845528456 0.25630081300813007 0.017073170731707332 0.015447154471544683
0 0.8802926829268294 0.2628048780487805 0.019512195121951237 0.020325203252032575
0 0.5961463414634147 0.26605691056910574 0.017073170731707332 0.018699186991869954
0 0.4966212121212122 0.25590909090909086 0.017424242424242453 0.021212121212121182