0 0.9774873417721519 0.47502531645569623 0.045025316455696185 0.06962025316455689
0 0.7543417721518989 0.5642658227848102 0.03670886075949342 0.04556962025316458
0 0.7277594936708862 0.5648987341772153 0.029113924050632956 0.036708860759493644
0 0.8480126582278482 0.5940126582278481 0.036708860759493755 0.03417721518987338
0 0.9733291139240507 0.6307215189873417 0.03417721518987327 0.026582278481012578
0 0.4986455696202532 0.6319873417721519 0.026582278481012633 0.026582278481012578
0 0.4739620253164557 0.6345189873417721 0.025316455696202556 0.02405063291139231
0 0.12919512195121946 0.6590975609756098 0.01544715447154478 0.01788617886178867
0 0.11740650406504063 0.6574715447154471 0.016260162601626008 0.014634146341463428
0 0.0816341463414634 0.661130081300813 0.013008130081300806 0.017073170731707332
0 0.3377317073170731 0.6399918699186992 0.019512195121951237 0.01869918699187001
0 0.2885447154471544 0.6716991869918699 0.017073170731707332 0.015447154471544655
0 0.19667479674796742 0.6712926829268293 0.015447154471544766 0.016260162601625994
0 0.1840731707317072 0.669260162601626 0.0146341463414634 0.020325203252032464
0 0.24504878048780476 0.661130081300813 0.011382113821138184 0.017073170731707332
0 0.39870731707317064 0.6651951219512195 0.01951219512195118 0.020325203252032575
0 0.6828536585365852 0.6619430894308943 0.01707317073170722 0.01869918699187001
0 0.7823787878787878 0.6720909090909091 0.017424242424242453 0.021212121212121127
0 0.0035 0.650878787878788 0.007 0.021212121212121238