0 0.1746582278481011 0.5932658227848101 0.03670886075949353 0.04556962025316458
0 0.20124050632911383 0.5938987341772152 0.029113924050632844 0.036708860759493644
0 0.08098734177215167 0.6230126582278481 0.036708860759493755 0.03417721518987338
0 0.4303544303797468 0.6609873417721519 0.02658227848101269 0.0265822784810128
0 0.4550379746835443 0.6635189873417722 0.025316455696202556 0.024050632911392422
0 0.9693170731707317 0.6718373983739837 0.021138211382113803 0.021138211382113914
0 0.9831382113821139 0.6685853658536585 0.019512195121951237 0.026016260162601612
0 0.7998048780487805 0.6880975609756097 0.015447154471544766 0.01788617886178867
0 0.8115934959349593 0.6864715447154472 0.016260162601625994 0.014634146341463539
0 0.8473658536585366 0.690130081300813 0.01300813008130075 0.017073170731707332
0 0.5912682926829269 0.6689918699186992 0.019512195121951237 0.0186991869918699
0 0.6404552845528456 0.70069918699187 0.017073170731707332 0.015447154471544766
0 0.7323252032520325 0.7002926829268292 0.015447154471544655 0.016260162601625994
0 0.7449268292682928 0.698260162601626 0.014634146341463428 0.020325203252032575
0 0.6839512195121953 0.690130081300813 0.011382113821138184 0.017073170731707332
0 0.5302926829268293 0.6941951219512195 0.019512195121951237 0.020325203252032575
0 0.24614634146341474 0.6909430894308943 0.017073170731707332 0.0186991869918699
0 0.1466212121212122 0.7010909090909091 0.017424242424242453 0.021212121212121238
0 0.931469696969697 0.6798787878787879 0.018939393939393923 0.021212121212121238