0 0.1963544303797468 0.6419873417721519 0.02658227848101269 0.026582278481012578
0 0.2210379746835443 0.6445189873417722 0.025316455696202556 0.02405063291139231
0 0.7353170731707317 0.6528373983739837 0.021138211382113692 0.021138211382113803
0 0.7491382113821139 0.6495853658536584 0.019512195121951237 0.026016260162601723
0 0.5658048780487805 0.6690975609756098 0.015447154471544877 0.01788617886178867
0 0.5775934959349593 0.6674715447154471 0.016260162601625994 0.014634146341463428
0 0.6133658536585366 0.671130081300813 0.01300813008130075 0.017073170731707332
0 0.3572682926829269 0.6499918699186992 0.019512195121951237 0.01869918699187001
0 0.40645528455284563 0.6816991869918699 0.017073170731707332 0.015447154471544655
0 0.49832520325203256 0.6812926829268293 0.015447154471544655 0.016260162601625994
0 0.5109268292682928 0.679260162601626 0.014634146341463428 0.020325203252032464
0 0.44995121951219524 0.671130081300813 0.011382113821138184 0.017073170731707332
0 0.2962926829268293 0.6751951219512196 0.019512195121951237 0.020325203252032575
0 0.0121463414634147 0.6719430894308943 0.01707317073170722 0.01869918699187001
0 0.697469696969697 0.6608787878787878 0.018939393939394034 0.02121212121212135