0 0.9082784810126584 0.497493670886076 0.06455696202531636 0.07468354430379742
0 0.8506835443037976 0.5000253164556963 0.07341772151898751 0.06962025316455689
0 0.613341772151899 0.5892658227848101 0.03670886075949353 0.04556962025316458
0 0.5867594936708862 0.5898987341772152 0.029113924050632956 0.036708860759493644
0 0.7070126582278482 0.6190126582278481 0.036708860759493755 0.03417721518987338
0 0.8323291139240508 0.6557215189873418 0.03417721518987338 0.026582278481012578
0 0.3576455696202532 0.6569873417721519 0.026582278481012578 0.0265822784810128
0 0.3329620253164557 0.6595189873417722 0.0253164556962025 0.024050632911392422
0 0.19673170731707307 0.6649918699186992 0.01951219512195121 0.018699186991869787
0 0.14754471544715436 0.69669918699187 0.01707317073170736 0.015447154471544766
0 0.05567479674796744 0.6962926829268292 0.015447154471544766 0.016260162601625994
0 0.04307317073170719 0.694260162601626 0.014634146341463407 0.020325203252032575
0 0.10404878048780478 0.6861300813008131 0.011382113821138212 0.017073170731707443
0 0.2577073170731706 0.6901951219512195 0.01951219512195118 0.020325203252032575
0 0.5418536585365852 0.6869430894308943 0.01707317073170722 0.0186991869918699
0 0.6413787878787878 0.6970909090909091 0.017424242424242564 0.021212121212121238