0 0.8676455696202532 0.2960126582278481 0.026582278481012578 0.02658227848101269
0 0.8429620253164557 0.2934810126582279 0.025316455696202445 0.024050632911392367
0 0.3286829268292683 0.28516260162601625 0.021138211382113803 0.02113821138211386
0 0.31486178861788616 0.2884146341463415 0.019512195121951237 0.026016260162601668
0 0.49819512195121946 0.26890243902439026 0.015447154471544766 0.01788617886178867
0 0.4864065040650406 0.2705284552845528 0.016260162601625994 0.014634146341463483
0 0.45063414634146337 0.26686991869918697 0.013008130081300806 0.017073170731707388
0 0.7067317073170731 0.28800813008130083 0.019512195121951126 0.0186991869918699
0 0.6575447154471543 0.25630081300813007 0.017073170731707443 0.015447154471544683
0 0.5656747967479674 0.25670731707317074 0.015447154471544766 0.01626016260162602
0 0.5530731707317071 0.258739837398374 0.014634146341463317 0.020325203252032548
0 0.6140487804878048 0.26686991869918697 0.011382113821138184 0.017073170731707388
0 0.7677073170731706 0.2628048780487805 0.019512195121951237 0.020325203252032575
0 0.36653030303030304 0.2771212121212121 0.018939393939393923 0.021212121212121238