0 0.9705000000000001 0.521493670886076 0.05899999999999972 0.07468354430379742
0 0.9156835443037976 0.5240253164556963 0.07341772151898751 0.06962025316455689
0 0.678341772151899 0.6132658227848101 0.03670886075949353 0.04556962025316458
0 0.6517594936708861 0.6138987341772152 0.029113924050632956 0.036708860759493644
0 0.7720126582278484 0.643012658227848 0.036708860759493755 0.03417721518987338
0 0.8973291139240509 0.6797215189873418 0.03417721518987327 0.02658227848101269
0 0.4226455696202532 0.6809873417721519 0.026582278481012578 0.02658227848101269
0 0.39796202531645575 0.6835189873417722 0.0253164556962025 0.024050632911392422
0 0.05319512195121945 0.7080975609756097 0.015447154471544766 0.01788617886178867
0 0.04140650406504062 0.7064715447154472 0.016260162601626008 0.014634146341463428
0 0.006069105691056904 0.710130081300813 0.012138211382113809 0.017073170731707332
0 0.26173170731707307 0.6889918699186992 0.019512195121951237 0.0186991869918699
0 0.21254471544715436 0.72069918699187 0.01707317073170736 0.015447154471544766
0 0.12067479674796744 0.7202926829268292 0.015447154471544766 0.016260162601625994
0 0.10807317073170719 0.7182601626016261 0.0146341463414634 0.020325203252032575
0 0.16904878048780478 0.710130081300813 0.011382113821138184 0.017073170731707332
0 0.3227073170731707 0.7141951219512195 0.01951219512195118 0.020325203252032575
0 0.6068536585365853 0.7109430894308943 0.01707317073170722 0.0186991869918699
0 0.7063787878787877 0.7210909090909091 0.017424242424242453 0.021212121212121238