0 0.9992531645569621 0.5213037974683544 0.0014936708860757708 0.06962025316455706
0 0.8902784810126584 0.517506329113924 0.06455696202531636 0.07468354430379742
0 0.8326835443037977 0.5149746835443038 0.0734177215189874 0.06962025316455689
0 0.595341772151899 0.4257341772151898 0.03670886075949353 0.04556962025316452
0 0.5687594936708862 0.4251012658227848 0.029113924050632956 0.036708860759493644
0 0.6890126582278484 0.3959873417721519 0.036708860759493755 0.03417721518987338
0 0.8143291139240508 0.35927848101265825 0.03417721518987338 0.026582278481012633
0 0.33964556962025316 0.3580126582278481 0.026582278481012633 0.02658227848101269
0 0.3149620253164557 0.35548101265822785 0.0253164556962025 0.024050632911392367
0 0.17873170731707305 0.35000813008130083 0.01951219512195121 0.0186991869918699
0 0.12954471544715437 0.31830081300813007 0.017073170731707374 0.01544715447154471
0 0.037674796747967434 0.3187073170731707 0.015447154471544766 0.01626016260162605
0 0.025073170731707194 0.320739837398374 0.014634146341463403 0.020325203252032575
0 0.08604878048780477 0.328869918699187 0.011382113821138212 0.017073170731707388
0 0.23970731707317067 0.3248048780487805 0.01951219512195121 0.020325203252032575
0 0.5238536585365853 0.3280569105691057 0.017073170731707332 0.018699186991869954
0 0.6233787878787878 0.3179090909090909 0.017424242424242564 0.021212121212121182