0 0.2850506329113922 0.48969620253164553 0.07088607594936702 0.069620253164557
0 0.23125316455696188 0.4922278481012658 0.04683544303797471 0.06455696202531647
0 0.42872151898734157 0.493493670886076 0.06455696202531636 0.07468354430379742
0 0.4863164556962024 0.49602531645569625 0.07341772151898751 0.06962025316455689
0 0.7236582278481011 0.5852658227848101 0.036708860759493644 0.04556962025316458
0 0.7502405063291138 0.5858987341772152 0.029113924050632956 0.036708860759493644
0 0.6299873417721518 0.6150126582278481 0.036708860759493755 0.03417721518987338
0 0.5046708860759492 0.6517215189873418 0.03417721518987327 0.026582278481012578
0 0.9793544303797468 0.6529873417721519 0.026582278481012578 0.0265822784810128
0 0.9956898734177215 0.6555189873417722 0.008620253164556946 0.024050632911392422
0 0.7951463414634148 0.6829430894308943 0.01707317073170722 0.0186991869918699
0 0.6956212121212122 0.6930909090909091 0.017424242424242564 0.021212121212121238