0 0.16665822784810108 0.5642658227848102 0.03670886075949353 0.04556962025316458
0 0.19324050632911383 0.5648987341772153 0.029113924050632844 0.036708860759493644
0 0.07298734177215166 0.5940126582278481 0.036708860759493755 0.03417721518987338
0 0.42235443037974685 0.6319873417721519 0.026582278481012578 0.026582278481012578
0 0.4470379746835443 0.6345189873417721 0.025316455696202556 0.02405063291139231
0 0.9613170731707317 0.6428373983739837 0.021138211382113803 0.021138211382113803
0 0.9751382113821139 0.6395853658536584 0.019512195121951237 0.026016260162601723
0 0.7918048780487805 0.6590975609756098 0.015447154471544766 0.01788617886178867
0 0.8035934959349593 0.6574715447154471 0.016260162601625994 0.014634146341463428
0 0.8393658536585366 0.661130081300813 0.01300813008130075 0.017073170731707332
0 0.5832682926829269 0.6399918699186992 0.019512195121951237 0.01869918699187001
0 0.6324552845528457 0.6716991869918699 0.017073170731707443 0.015447154471544655
0 0.7243252032520326 0.6712926829268293 0.015447154471544766 0.016260162601625994
0 0.7369268292682929 0.669260162601626 0.014634146341463317 0.020325203252032464
0 0.6759512195121953 0.661130081300813 0.011382113821138184 0.017073170731707332
0 0.5222926829268293 0.6651951219512195 0.019512195121951237 0.020325203252032575
0 0.23814634146341473 0.6619430894308943 0.017073170731707332 0.01869918699187001
0 0.13862121212121226 0.6720909090909091 0.017424242424242564 0.021212121212121127
0 0.9234696969696969 0.650878787878788 0.018939393939393923 0.021212121212121238