0 0.9810000000000001 0.455506329113924 0.03799999999999981 0.07468354430379742
0 0.9366835443037976 0.45297468354430376 0.07341772151898751 0.06962025316455689
0 0.6993417721518989 0.36373417721518986 0.03670886075949353 0.04556962025316452
0 0.6727594936708862 0.3631012658227848 0.029113924050632844 0.036708860759493644
0 0.7930126582278483 0.3339873417721519 0.036708860759493755 0.03417721518987338
0 0.9183291139240508 0.2972784810126582 0.03417721518987338 0.026582278481012633
0 0.44364556962025314 0.2960126582278481 0.026582278481012633 0.02658227848101269
0 0.4189620253164557 0.2934810126582279 0.025316455696202556 0.024050632911392367
0 0.07419512195121945 0.26890243902439026 0.015447154471544766 0.01788617886178867
0 0.06240650406504062 0.2705284552845528 0.016260162601626008 0.014634146341463483
0 0.026634146341463404 0.26686991869918697 0.013008130081300803 0.017073170731707388
0 0.2827317073170731 0.28800813008130083 0.01951219512195118 0.0186991869918699
0 0.23354471544715438 0.25630081300813007 0.01707317073170736 0.015447154471544683
0 0.14167479674796743 0.25670731707317074 0.015447154471544766 0.01626016260162602
0 0.1290731707317072 0.258739837398374 0.0146341463414634 0.020325203252032548
0 0.19004878048780477 0.26686991869918697 0.011382113821138212 0.017073170731707388
0 0.34370731707317065 0.2628048780487805 0.019512195121951237 0.020325203252032575
0 0.6278536585365853 0.26605691056910574 0.017073170731707332 0.018699186991869954
0 0.7273787878787878 0.25590909090909086 0.017424242424242453 0.021212121212121182