0 0.9805000000000001 0.523493670886076 0.03899999999999981 0.07468354430379742
0 0.9356835443037976 0.5260253164556963 0.07341772151898751 0.06962025316455689
0 0.698341772151899 0.6152658227848101 0.03670886075949353 0.04556962025316458
0 0.6717594936708862 0.6158987341772152 0.029113924050632844 0.036708860759493644
0 0.7920126582278484 0.645012658227848 0.036708860759493755 0.03417721518987338
0 0.9173291139240508 0.6817215189873418 0.03417721518987338 0.02658227848101269
0 0.44264556962025314 0.6829873417721519 0.026582278481012633 0.02658227848101269
0 0.4179620253164557 0.6855189873417722 0.025316455696202556 0.024050632911392422
0 0.07319512195121945 0.7100975609756097 0.015447154471544766 0.01788617886178867
0 0.06140650406504062 0.7084715447154472 0.016260162601626008 0.014634146341463428
0 0.025634146341463403 0.712130081300813 0.013008130081300803 0.017073170731707332
0 0.2817317073170731 0.6909918699186992 0.01951219512195118 0.0186991869918699
0 0.23254471544715438 0.72269918699187 0.01707317073170736 0.015447154471544766
0 0.14067479674796743 0.7222926829268292 0.015447154471544766 0.016260162601625994
0 0.1280731707317072 0.7202601626016261 0.0146341463414634 0.020325203252032575
0 0.18904878048780477 0.712130081300813 0.011382113821138212 0.017073170731707332
0 0.34270731707317065 0.7161951219512195 0.019512195121951237 0.020325203252032575
0 0.6268536585365854 0.7129430894308944 0.01707317073170722 0.0186991869918699
0 0.7263787878787877 0.7230909090909091 0.017424242424242453 0.021212121212121238