0 0.8799493670886078 0.4693037974683544 0.07088607594936702 0.06962025316455706
0 0.933746835443038 0.4667721518987341 0.04683544303797482 0.06455696202531652
0 0.7362784810126584 0.465506329113924 0.06455696202531636 0.07468354430379737
0 0.6786835443037976 0.46297468354430377 0.07341772151898751 0.06962025316455689
0 0.4413417721518989 0.37373417721518987 0.03670886075949353 0.04556962025316452
0 0.41475949367088616 0.3731012658227848 0.029113924050632956 0.036708860759493644
0 0.5350126582278483 0.3439873417721519 0.036708860759493755 0.03417721518987338
0 0.6603291139240508 0.3072784810126582 0.03417721518987338 0.026582278481012633
0 0.1856455696202532 0.3060126582278481 0.026582278481012606 0.02658227848101269
0 0.1609620253164557 0.30348101265822786 0.025316455696202528 0.024050632911392422
0 0.024731707317073075 0.29800813008130084 0.01951219512195121 0.0186991869918699
0 0.08570731707317066 0.2728048780487805 0.01951219512195121 0.020325203252032575
0 0.36985365853658525 0.2760569105691057 0.017073170731707277 0.01869918699187001
0 0.46937878787878773 0.2659090909090909 0.01742424242424251 0.021212121212121182