0 0.06205063291139218 0.5243037974683544 0.07088607594936713 0.06962025316455706
0 0.015835443037974628 0.5217721518987342 0.031670886075949256 0.06455696202531652
0 0.2057215189873416 0.520506329113924 0.06455696202531636 0.07468354430379742
0 0.26331645569620243 0.5179746835443038 0.07341772151898751 0.06962025316455689
0 0.5006582278481011 0.4287341772151898 0.03670886075949353 0.04556962025316452
0 0.5272405063291138 0.4281012658227848 0.029113924050632844 0.036708860759493644
0 0.40698734177215173 0.3989873417721519 0.036708860759493755 0.03417721518987338
0 0.28167088607594915 0.36227848101265825 0.03417721518987338 0.026582278481012633
0 0.7563544303797468 0.3610126582278481 0.026582278481012578 0.02658227848101269
0 0.7810379746835443 0.35848101265822785 0.025316455696202556 0.024050632911392367
0 0.917268292682927 0.35300813008130083 0.019512195121951126 0.0186991869918699
0 0.9664552845528456 0.32130081300813007 0.017073170731707443 0.01544715447154471
0 0.8562926829268294 0.3278048780487805 0.019512195121951237 0.020325203252032575
0 0.5721463414634147 0.3310569105691057 0.017073170731707332 0.018699186991869954
0 0.4726212121212122 0.3209090909090909 0.017424242424242564 0.021212121212121182