0 0.9790000000000001 0.519493670886076 0.041999999999999815 0.07468354430379742
0 0.9326835443037976 0.5220253164556963 0.07341772151898751 0.06962025316455689
0 0.6953417721518989 0.6112658227848101 0.03670886075949353 0.04556962025316458
0 0.6687594936708862 0.6118987341772152 0.029113924050632844 0.036708860759493644
0 0.7890126582278483 0.641012658227848 0.036708860759493755 0.03417721518987338
0 0.9143291139240508 0.6777215189873418 0.03417721518987338 0.02658227848101269
0 0.43964556962025314 0.6789873417721519 0.026582278481012633 0.02658227848101269
0 0.4149620253164557 0.6815189873417722 0.025316455696202556 0.024050632911392422
0 0.07019512195121945 0.7060975609756097 0.015447154471544766 0.01788617886178867
0 0.058406504065040624 0.7044715447154472 0.016260162601626 0.014634146341463428
0 0.022634146341463407 0.708130081300813 0.013008130081300806 0.017073170731707332
0 0.2787317073170731 0.6869918699186992 0.019512195121951237 0.0186991869918699
0 0.22954471544715438 0.71869918699187 0.01707317073170736 0.015447154471544766
0 0.13767479674796743 0.7182926829268292 0.015447154471544766 0.016260162601625994
0 0.1250731707317072 0.7162601626016261 0.0146341463414634 0.020325203252032575
0 0.18604878048780477 0.708130081300813 0.011382113821138212 0.017073170731707332
0 0.33970731707317064 0.7121951219512195 0.019512195121951237 0.020325203252032575
0 0.6238536585365853 0.7089430894308943 0.01707317073170722 0.0186991869918699
0 0.7233787878787878 0.7190909090909091 0.017424242424242453 0.021212121212121238