0 0.9697531645569621 0.4693037974683544 0.06049367088607571 0.06962025316455706
0 0.8312784810126584 0.465506329113924 0.06455696202531636 0.07468354430379737
0 0.7736835443037976 0.46297468354430377 0.07341772151898751 0.06962025316455689
0 0.5363417721518988 0.37373417721518987 0.03670886075949353 0.04556962025316452
0 0.5097594936708862 0.3731012658227848 0.029113924050632956 0.036708860759493644
0 0.6300126582278482 0.3439873417721519 0.036708860759493755 0.03417721518987338
0 0.7553291139240508 0.3072784810126582 0.03417721518987327 0.026582278481012633
0 0.2806455696202532 0.3060126582278481 0.026582278481012633 0.02658227848101269
0 0.25596202531645573 0.30348101265822786 0.0253164556962025 0.024050632911392422
0 0.11973170731707307 0.29800813008130084 0.01951219512195121 0.0186991869918699
0 0.07054471544715438 0.26630081300813 0.017073170731707367 0.01544715447154471
0 0.027048780487804777 0.276869918699187 0.011382113821138202 0.017073170731707388
0 0.18070731707317067 0.2728048780487805 0.01951219512195121 0.020325203252032575
0 0.4648536585365853 0.2760569105691057 0.01707317073170722 0.01869918699187001
0 0.5643787878787878 0.2659090909090909 0.017424242424242453 0.021212121212121182