0 0.06905063291139218 0.4923037974683544 0.07088607594936713 0.06962025316455706
0 0.01933544303797463 0.48977215189873413 0.03867088607594926 0.06455696202531652
0 0.2127215189873416 0.488506329113924 0.06455696202531636 0.07468354430379742
0 0.27031645569620244 0.48597468354430373 0.07341772151898751 0.06962025316455689
0 0.5076582278481011 0.3967341772151899 0.036708860759493644 0.04556962025316452
0 0.5342405063291138 0.3961012658227848 0.029113924050632956 0.03670886075949359
0 0.41398734177215174 0.36698734177215186 0.036708860759493755 0.03417721518987343
0 0.28867088607594915 0.3302784810126582 0.03417721518987338 0.026582278481012633
0 0.7633544303797468 0.3290126582278481 0.026582278481012578 0.02658227848101269
0 0.7880379746835443 0.3264810126582278 0.025316455696202445 0.024050632911392367
0 0.9242682926829269 0.3210081300813008 0.019512195121951126 0.018699186991869954
0 0.9734552845528457 0.28930081300813004 0.017073170731707443 0.01544715447154471
0 0.8632926829268294 0.2958048780487805 0.019512195121951237 0.020325203252032575
0 0.5791463414634148 0.29905691056910566 0.01707317073170722 0.018699186991869954
0 0.4796212121212122 0.2889090909090909 0.017424242424242564 0.021212121212121182