0 0.0042468354430378885 0.5396962025316456 0.008493670886075777 0.069620253164557
0 0.11672151898734162 0.543493670886076 0.06455696202531636 0.07468354430379742
0 0.1743164556962024 0.5460253164556963 0.0734177215189874 0.06962025316455689
0 0.4116582278481011 0.6352658227848101 0.03670886075949353 0.04556962025316458
0 0.4382405063291138 0.6358987341772152 0.029113924050632844 0.036708860759493644
0 0.31798734177215165 0.665012658227848 0.036708860759493755 0.03417721518987338
0 0.19267088607594918 0.7017215189873418 0.03417721518987338 0.02658227848101269
0 0.6673544303797468 0.7029873417721519 0.026582278481012578 0.02658227848101269
0 0.6920379746835443 0.7055189873417721 0.025316455696202556 0.02405063291139231
0 0.828268292682927 0.7109918699186992 0.019512195121951126 0.0186991869918699
0 0.8774552845528456 0.74269918699187 0.017073170731707332 0.015447154471544766
0 0.9693252032520325 0.7422926829268293 0.015447154471544766 0.016260162601625994
0 0.9819268292682928 0.7402601626016261 0.014634146341463428 0.020325203252032575
0 0.9209512195121952 0.7321300813008129 0.011382113821138184 0.017073170731707443
0 0.7672926829268294 0.7361951219512195 0.019512195121951237 0.020325203252032686
0 0.48314634146341473 0.7329430894308943 0.017073170731707332 0.01869918699187001
0 0.38362121212121225 0.7430909090909091 0.017424242424242564 0.021212121212121238