0 0.980987341772152 0.49497468354430374 0.03802531645569618 0.06962025316455689
0 0.7613417721518989 0.40573417721518984 0.03670886075949342 0.04556962025316458
0 0.7347594936708861 0.40510126582278483 0.029113924050632956 0.03670886075949359
0 0.8550126582278483 0.3759873417721519 0.036708860759493755 0.03417721518987338
0 0.9803291139240509 0.33927848101265823 0.03417721518987327 0.026582278481012578
0 0.5056455696202532 0.3380126582278481 0.026582278481012633 0.02658227848101269
0 0.4809620253164557 0.33548101265822783 0.025316455696202556 0.024050632911392367
0 0.13619512195121944 0.31090243902439024 0.015447154471544766 0.01788617886178867
0 0.12440650406504063 0.31252845528455286 0.01626016260162602 0.014634146341463483
0 0.08863414634146341 0.308869918699187 0.013008130081300806 0.017073170731707332
0 0.34473170731707303 0.3300081300813008 0.01951219512195118 0.018699186991869954
0 0.2955447154471544 0.29830081300813005 0.017073170731707332 0.01544715447154471
0 0.20367479674796743 0.2987073170731707 0.015447154471544766 0.016260162601625994
0 0.1910731707317072 0.300739837398374 0.0146341463414634 0.020325203252032575
0 0.25204878048780477 0.308869918699187 0.011382113821138184 0.017073170731707332
0 0.40570731707317065 0.3048048780487805 0.019512195121951237 0.020325203252032575
0 0.6898536585365853 0.30805691056910567 0.01707317073170722 0.018699186991869954
0 0.7893787878787877 0.2979090909090909 0.017424242424242453 0.021212121212121182
0 0.007 0.31912121212121214 0.014 0.021212121212121238