0 0.8079493670886078 0.5446962025316455 0.07088607594936713 0.069620253164557
0 0.8617468354430381 0.5472278481012658 0.04683544303797471 0.06455696202531647
0 0.6642784810126584 0.5484936708860759 0.06455696202531636 0.07468354430379742
0 0.6066835443037976 0.5510253164556962 0.07341772151898751 0.06962025316455689
0 0.3693417721518989 0.6402658227848101 0.03670886075949353 0.04556962025316458
0 0.3427594936708862 0.6408987341772152 0.0291139240506329 0.036708860759493644
0 0.4630126582278483 0.6700126582278482 0.036708860759493755 0.03417721518987338
0 0.5883291139240509 0.7067215189873418 0.03417721518987338 0.026582278481012578
0 0.11364556962025318 0.7079873417721518 0.026582278481012633 0.02658227848101269
0 0.08896202531645571 0.7105189873417721 0.025316455696202528 0.024050632911392422
0 0.013707317073170657 0.7411951219512195 0.01951219512195121 0.020325203252032464
0 0.2978536585365853 0.7379430894308943 0.017073170731707277 0.0186991869918699
0 0.3973787878787878 0.7480909090909091 0.01742424242424251 0.021212121212121127