0 0.0840506329113922 0.5286962025316456 0.07088607594936713 0.06962025316455711
0 0.03025316455696192 0.5312278481012659 0.04683544303797471 0.06455696202531658
0 0.2277215189873416 0.5324936708860759 0.06455696202531636 0.07468354430379731
0 0.28531645569620245 0.5350253164556962 0.07341772151898751 0.06962025316455689
0 0.5226582278481011 0.6242658227848101 0.03670886075949342 0.04556962025316447
0 0.5492405063291138 0.6248987341772152 0.029113924050632844 0.036708860759493644
0 0.4289873417721517 0.6540126582278482 0.036708860759493644 0.03417721518987338
0 0.30367088607594916 0.6907215189873418 0.03417721518987338 0.026582278481012578
0 0.7783544303797468 0.6919873417721518 0.026582278481012578 0.02658227848101269
0 0.8030379746835443 0.6945189873417722 0.025316455696202556 0.02405063291139231
0 0.939268292682927 0.6999918699186991 0.019512195121951126 0.0186991869918699
0 0.9884552845528456 0.73169918699187 0.017073170731707332 0.015447154471544655
0 0.8782926829268294 0.7251951219512195 0.019512195121951237 0.020325203252032464
0 0.5941463414634147 0.7219430894308944 0.017073170731707332 0.01869918699187001
0 0.4946212121212122 0.7320909090909091 0.017424242424242453 0.021212121212121127