0 0.9164556962025319 0.39744303797468356 0.05316455696202527 0.0658227848101266
0 0.7398734177215192 0.4442784810126582 0.06202531645569642 0.06835443037974681
0 0.688607594936709 0.4449113924050634 0.05822784810126569 0.06202531645569637
0 0.44240506329113927 0.39807594936708857 0.04936708860759492 0.05189873417721519
0 0.398101265822785 0.3993417721518987 0.044303797468354555 0.05189873417721519
0 0.15189873417721522 0.4151645569620253 0.06582278481012657 0.07594936708860756
0 0.09810126582278486 0.4202278481012658 0.054430379746835345 0.06329113924050639
0 0.32721518987341786 0.32339240506329114 0.04936708860759509 0.05949367088607593
0 0.49177215189873424 0.33858227848101263 0.03164556962025311 0.04683544303797471
0 0.458860759493671 0.34174683544303797 0.039240506329113745 0.05569620253164553
0 0.6075949367088609 0.30250632911392406 0.03797468354430389 0.030379746835443033
0 0.5525316455696204 0.3278227848101266 0.03924050632911391 0.04810126582278479
0 0.02911392405063293 0.37972151898734174 0.04810126582278485 0.05569620253164559