0 6.962025316453735e-05 0.5457215189873419 0.0001392405063290747 0.06835443037974687
0 0.024753164556961915 0.5450886075949366 0.04950632911392383 0.06202531645569642
0 0.2665949367088607 0.5919240506329114 0.04936708860759498 0.051898734177215244
0 0.3108987341772151 0.5906582278481013 0.044303797468354555 0.051898734177215244
0 0.5571012658227847 0.5748354430379747 0.0658227848101266 0.07594936708860756
0 0.6108987341772152 0.5697721518987342 0.05443037974683529 0.06329113924050622
0 0.38178481012658216 0.666607594936709 0.04936708860759498 0.05949367088607593
0 0.21722784810126572 0.6514177215189874 0.03164556962025311 0.04683544303797471
0 0.25013924050632896 0.648253164556962 0.03924050632911369 0.05569620253164542
0 0.10140506329113919 0.6874936708860759 0.03797468354430378 0.03037974683544309
0 0.15646835443037954 0.6621772151898734 0.03924050632911391 0.048101265822784844
0 0.6798860759493671 0.6102784810126582 0.048101265822784844 0.05569620253164542