0 0.2155443037974682 0.5505569620253165 0.05316455696202527 0.06582278481012671
0 0.3921265822784809 0.5037215189873419 0.06202531645569642 0.06835443037974687
0 0.443392405063291 0.5030886075949367 0.05822784810126558 0.06202531645569631
0 0.6895949367088607 0.5499240506329114 0.04936708860759487 0.051898734177215244
0 0.733898734177215 0.5486582278481013 0.044303797468354555 0.051898734177215244
0 0.9735949367088608 0.5328354430379747 0.05281012658227846 0.07594936708860756
0 0.8047848101265822 0.6246075949367089 0.04936708860759509 0.05949367088607593
0 0.6402278481012658 0.6094177215189873 0.03164556962025311 0.0468354430379746
0 0.673139240506329 0.606253164556962 0.03924050632911369 0.05569620253164553
0 0.5244050632911392 0.645493670886076 0.03797468354430389 0.030379746835442978
0 0.5794683544303796 0.6201772151898735 0.03924050632911391 0.04810126582278473