0 0.8004556962025318 0.5625569620253165 0.05316455696202527 0.06582278481012671
0 0.623873417721519 0.5157215189873419 0.06202531645569642 0.06835443037974687
0 0.572607594936709 0.5150886075949366 0.05822784810126569 0.06202531645569642
0 0.3264050632911393 0.5619240506329114 0.04936708860759492 0.051898734177215244
0 0.28210126582278494 0.5606582278481013 0.04430379746835461 0.051898734177215244
0 0.0358987341772152 0.5448354430379747 0.06582278481012657 0.07594936708860756
0 0.004658227848101262 0.5397721518987342 0.009316455696202524 0.06329113924050633
0 0.21121518987341786 0.6366075949367089 0.04936708860759506 0.05949367088607593
0 0.37577215189873425 0.6214177215189873 0.03164556962025311 0.04683544303797471
0 0.342860759493671 0.618253164556962 0.039240506329113745 0.05569620253164553
0 0.49159493670886084 0.6574936708860759 0.03797468354430389 0.03037974683544309
0 0.43653164556962043 0.6321772151898734 0.03924050632911391 0.048101265822784844