0 0.9604556962025319 0.46644303797468356 0.05316455696202527 0.0658227848101266
0 0.7838734177215192 0.5132784810126583 0.06202531645569642 0.06835443037974687
0 0.732607594936709 0.5139113924050633 0.05822784810126569 0.06202531645569631
0 0.4864050632911393 0.4670759493670886 0.04936708860759498 0.05189873417721519
0 0.442101265822785 0.4683417721518987 0.044303797468354555 0.051898734177215244
0 0.1958987341772152 0.4841645569620253 0.06582278481012654 0.07594936708860756
0 0.14210126582278484 0.4892278481012658 0.05443037974683533 0.06329113924050633
0 0.37121518987341784 0.3923924050632911 0.04936708860759509 0.05949367088607588
0 0.5357721518987343 0.40758227848101264 0.03164556962025311 0.04683544303797471
0 0.502860759493671 0.41074683544303797 0.03924050632911369 0.05569620253164553
0 0.6515949367088608 0.371506329113924 0.03797468354430378 0.030379746835443033
0 0.5965316455696205 0.39682278481012656 0.03924050632911391 0.04810126582278479
0 0.07311392405063294 0.44872151898734175 0.04810126582278486 0.05569620253164553