0 0.8494556962025319 0.5355569620253164 0.05316455696202527 0.06582278481012649
0 0.6728734177215191 0.4887215189873418 0.06202531645569631 0.06835443037974687
0 0.621607594936709 0.48808860759493666 0.05822784810126569 0.06202531645569631
0 0.3754050632911393 0.5349240506329114 0.04936708860759492 0.05189873417721513
0 0.331101265822785 0.5336582278481014 0.044303797468354555 0.051898734177215244
0 0.0848987341772152 0.5178354430379747 0.06582278481012657 0.07594936708860756
0 0.031101265822784854 0.5127721518987343 0.05443037974683534 0.06329113924050633
0 0.26021518987341785 0.6096075949367088 0.04936708860759509 0.05949367088607593
0 0.42477215189873424 0.5944177215189873 0.03164556962025311 0.04683544303797471
0 0.39186075949367105 0.5912531645569621 0.039240506329113745 0.05569620253164553
0 0.5405949367088608 0.630493670886076 0.03797468354430378 0.03037974683544309
0 0.4855316455696205 0.6051772151898734 0.03924050632911397 0.048101265822784844