0 0.08754430379746819 0.41444303797468357 0.05316455696202527 0.0658227848101266
0 0.2641265822784809 0.4612784810126582 0.06202531645569642 0.06835443037974681
0 0.31539240506329097 0.46191139240506335 0.05822784810126558 0.06202531645569631
0 0.5615949367088607 0.4150759493670886 0.04936708860759498 0.05189873417721519
0 0.6058987341772151 0.4163417721518987 0.044303797468354555 0.051898734177215244
0 0.8521012658227849 0.43216455696202527 0.0658227848101266 0.07594936708860761
0 0.9058987341772151 0.4372278481012658 0.05443037974683529 0.06329113924050633
0 0.6767848101265821 0.34039240506329116 0.04936708860759509 0.05949367088607588
0 0.5122278481012658 0.35558227848101265 0.03164556962025311 0.04683544303797471
0 0.5451392405063289 0.358746835443038 0.0392405063291138 0.05569620253164553
0 0.39640506329113917 0.31950632911392407 0.03797468354430389 0.030379746835443033
0 0.4514683544303796 0.3448227848101266 0.03924050632911391 0.04810126582278479
0 0.974886075949367 0.39672151898734176 0.048101265822784844 0.05569620253164553