0 0.9038734177215191 0.5137215189873419 0.06202531645569642 0.06835443037974687
0 0.852607594936709 0.5130886075949366 0.05822784810126569 0.06202531645569642
0 0.6064050632911393 0.5599240506329114 0.04936708860759498 0.051898734177215244
0 0.562101265822785 0.5586582278481013 0.044303797468354666 0.051898734177215244
0 0.3158987341772152 0.5428354430379747 0.0658227848101266 0.07594936708860756
0 0.26210126582278487 0.5377721518987342 0.05443037974683532 0.06329113924050633
0 0.49121518987341783 0.6346075949367089 0.04936708860759503 0.05949367088607593
0 0.6557721518987343 0.6194177215189873 0.03164556962025311 0.04683544303797471
0 0.622860759493671 0.616253164556962 0.03924050632911369 0.05569620253164553
0 0.7715949367088608 0.6554936708860759 0.03797468354430378 0.03037974683544309
0 0.7165316455696205 0.6301772151898734 0.03924050632911391 0.048101265822784844
0 0.19311392405063293 0.5782784810126582 0.048101265822784844 0.05569620253164542