0 0.016569620253164552 0.5037215189873419 0.033139240506329104 0.06835443037974687
0 0.053392405063291015 0.5030886075949367 0.05822784810126569 0.06202531645569631
0 0.2995949367088607 0.5499240506329114 0.04936708860759498 0.051898734177215244
0 0.343898734177215 0.5486582278481013 0.044303797468354555 0.051898734177215244
0 0.5901012658227849 0.5328354430379747 0.0658227848101266 0.07594936708860756
0 0.6438987341772151 0.5277721518987342 0.05443037974683529 0.06329113924050633
0 0.41478481012658214 0.6246075949367089 0.04936708860759509 0.05949367088607593
0 0.25022784810126575 0.6094177215189873 0.03164556962025311 0.0468354430379746
0 0.283139240506329 0.606253164556962 0.03924050632911369 0.05569620253164553
0 0.13440506329113916 0.645493670886076 0.03797468354430389 0.030379746835442978
0 0.18946835443037957 0.6201772151898735 0.03924050632911391 0.04810126582278473
0 0.712886075949367 0.5682784810126582 0.048101265822784844 0.05569620253164553