0 0.2145443037974682 0.44144303797468354 0.05316455696202527 0.06582278481012666
0 0.3911265822784809 0.48827848101265825 0.06202531645569642 0.06835443037974681
0 0.44239240506329097 0.4889113924050634 0.05822784810126558 0.06202531645569637
0 0.6885949367088607 0.4420759493670886 0.04936708860759498 0.051898734177215244
0 0.7328987341772151 0.44334177215189874 0.044303797468354555 0.05189873417721519
0 0.9730949367088608 0.4591645569620253 0.05381012658227846 0.07594936708860756
0 0.8037848101265821 0.3673924050632911 0.04936708860759509 0.05949367088607593
0 0.6392278481012658 0.38258227848101267 0.03164556962025311 0.04683544303797471
0 0.6721392405063289 0.385746835443038 0.0392405063291138 0.05569620253164559
0 0.5234050632911392 0.34650632911392404 0.03797468354430378 0.030379746835442978
0 0.5784683544303796 0.3718227848101266 0.03924050632911391 0.048101265822784844