0 0.2065443037974682 0.5415569620253164 0.05316455696202527 0.06582278481012649
0 0.3831265822784809 0.4947215189873418 0.06202531645569642 0.06835443037974687
0 0.434392405063291 0.49408860759493667 0.05822784810126569 0.06202531645569631
0 0.6805949367088607 0.5409240506329114 0.04936708860759498 0.05189873417721513
0 0.7248987341772151 0.5396582278481012 0.044303797468354555 0.05189873417721513
0 0.9690949367088608 0.5238354430379747 0.06181012658227847 0.07594936708860756
0 0.9988417721518987 0.5187721518987343 0.002316455696202535 0.06329113924050633
0 0.7957848101265821 0.6156075949367088 0.04936708860759509 0.05949367088607593
0 0.6312278481012658 0.6004177215189873 0.03164556962025311 0.04683544303797471
0 0.6641392405063289 0.5972531645569621 0.0392405063291138 0.05569620253164553
0 0.5154050632911391 0.636493670886076 0.03797468354430389 0.03037974683544309
0 0.5704683544303796 0.6111772151898734 0.03924050632911391 0.048101265822784844