0 0.9474556962025318 0.47144303797468357 0.05316455696202527 0.06582278481012666
0 0.7708734177215191 0.5182784810126582 0.06202531645569642 0.06835443037974687
0 0.719607594936709 0.5189113924050633 0.05822784810126569 0.06202531645569631
0 0.4734050632911393 0.47207594936708863 0.04936708860759498 0.05189873417721519
0 0.42910126582278496 0.4733417721518987 0.044303797468354555 0.051898734177215244
0 0.1828987341772152 0.4891645569620253 0.06582278481012657 0.07594936708860761
0 0.12910126582278486 0.4942278481012658 0.054430379746835345 0.06329113924050633
0 0.3582151898734178 0.3973924050632911 0.04936708860759509 0.05949367088607588
0 0.5227721518987343 0.41258227848101264 0.03164556962025311 0.04683544303797471
0 0.489860759493671 0.415746835443038 0.03924050632911369 0.05569620253164553
0 0.6385949367088608 0.376506329113924 0.03797468354430378 0.030379746835443033
0 0.5835316455696204 0.40182278481012657 0.03924050632911391 0.04810126582278479
0 0.060113924050632934 0.45372151898734175 0.04810126582278486 0.05569620253164553