0 0.9658734177215191 0.4817215189873418 0.06202531645569642 0.06835443037974687
0 0.914607594936709 0.48108860759493666 0.05822784810126558 0.06202531645569631
0 0.6684050632911394 0.5279240506329114 0.04936708860759487 0.051898734177215244
0 0.6241012658227849 0.5266582278481012 0.044303797468354555 0.051898734177215244
0 0.3778987341772152 0.5108354430379747 0.0658227848101266 0.07594936708860756
0 0.32410126582278487 0.5057721518987341 0.054430379746835345 0.06329113924050633
0 0.5532151898734179 0.6026075949367089 0.04936708860759509 0.05949367088607582
0 0.7177721518987342 0.5874177215189874 0.03164556962025311 0.04683544303797471
0 0.6848607594936711 0.584253164556962 0.0392405063291138 0.05569620253164553
0 0.8335949367088609 0.623493670886076 0.03797468354430389 0.030379746835442978
0 0.7785316455696204 0.5981772151898734 0.03924050632911391 0.04810126582278473
0 0.25511392405063293 0.5462784810126582 0.048101265822784844 0.05569620253164553