0 0.9234556962025318 0.5825569620253164 0.05316455696202527 0.0658227848101266
0 0.746873417721519 0.5357215189873419 0.06202531645569642 0.06835443037974687
0 0.695607594936709 0.5350886075949367 0.05822784810126569 0.06202531645569631
0 0.4494050632911393 0.5819240506329114 0.04936708860759492 0.051898734177215244
0 0.40510126582278494 0.5806582278481013 0.04430379746835461 0.051898734177215244
0 0.1588987341772152 0.5648354430379747 0.06582278481012654 0.07594936708860756
0 0.10510126582278484 0.5597721518987342 0.05443037974683533 0.06329113924050622
0 0.3342151898734178 0.656607594936709 0.04936708860759503 0.05949367088607593
0 0.49877215189873425 0.6414177215189873 0.03164556962025311 0.04683544303797471
0 0.465860759493671 0.638253164556962 0.039240506329113745 0.05569620253164542
0 0.6145949367088608 0.6774936708860759 0.03797468354430389 0.03037974683544309
0 0.5595316455696204 0.6521772151898734 0.03924050632911391 0.048101265822784844
0 0.036113924050632934 0.6002784810126582 0.04810126582278485 0.05569620253164542