0 0.025563291139240385 0.5305569620253164 0.05112658227848077 0.06582278481012671
0 0.2011265822784809 0.4837215189873418 0.06202531645569631 0.06835443037974687
0 0.25239240506329097 0.48308860759493666 0.05822784810126569 0.06202531645569631
0 0.4985949367088607 0.5299240506329114 0.04936708860759498 0.051898734177215244
0 0.542898734177215 0.5286582278481012 0.044303797468354444 0.051898734177215244
0 0.7891012658227847 0.5128354430379747 0.0658227848101266 0.07594936708860756
0 0.8428987341772152 0.5077721518987341 0.05443037974683529 0.06329113924050633
0 0.6137848101265821 0.6046075949367089 0.0493670886075952 0.05949367088607582
0 0.4492278481012657 0.5894177215189874 0.03164556962025311 0.04683544303797471
0 0.48213924050632895 0.586253164556962 0.03924050632911369 0.05569620253164553
0 0.33340506329113917 0.625493670886076 0.03797468354430378 0.030379746835442978
0 0.3884683544303796 0.6001772151898734 0.03924050632911402 0.04810126582278473
0 0.9118860759493671 0.5482784810126582 0.048101265822784844 0.05569620253164553