0 0.9907278481012658 0.4482151898734177 0.018544303797468298 0.08481012658227849
0 0.8510759493670887 0.14441772151898735 0.14177215189873416 0.13797468354430387
0 0.33335443037974694 0.3032784810126582 0.1240506329113924 0.13417721518987347
0 0.21310126582278488 0.3178354430379748 0.12911392405063296 0.11772151898734184
0 0.5276582278481015 0.5463164556962026 0.07721518987341774 0.07088607594936702
0 0.602974683544304 0.5450506329113924 0.06582278481012671 0.0658227848101266
0 0.2757594936708861 0.5887215189873418 0.06455696202531644 0.06708860759493662
0 0.18715189873417729 0.581126582278481 0.05696202531645578 0.06455696202531636
0 0.8580379746835443 0.6785949367088607 0.05189873417721513 0.03924050632911391
0 0.8491772151898735 0.5494810126582278 0.05696202531645578 0.04683544303797471
0 0.3238607594936709 0.6792278481012658 0.05696202531645572 0.04556962025316458