0 0.7313544303797469 0.7157215189873418 0.1240506329113924 0.13417721518987336
0 0.6111012658227849 0.7011645569620253 0.12911392405063293 0.11772151898734184
0 0.2845189873417722 0.5885063291139241 0.08607594936708848 0.09746835443037971
0 0.20224050632911406 0.5802784810126582 0.08101265822784809 0.08101265822784809
0 0.9256582278481014 0.4726835443037975 0.0772151898734178 0.07088607594936713
0 0.9840316455696203 0.4739493670886076 0.03193670886075939 0.06582278481012666
0 0.6737594936708862 0.4302784810126582 0.06455696202531647 0.06708860759493673
0 0.5851518987341773 0.437873417721519 0.05696202531645578 0.06455696202531641
0 0.36236708860759503 0.4423037974683544 0.062025316455696256 0.06329113924050633
0 0.29844303797468363 0.43281012658227846 0.06329113924050628 0.05189873417721519
0 0.7218607594936709 0.3397721518987342 0.05696202531645578 0.04556962025316452