0 0.9747278481012658 0.5447848101265823 0.050544303797468326 0.08481012658227849
0 0.8190759493670887 0.8485822784810126 0.14177215189873416 0.13797468354430387
0 0.30135443037974696 0.6897215189873418 0.12405063291139246 0.13417721518987347
0 0.18110126582278485 0.6751645569620253 0.12911392405063293 0.11772151898734184
0 0.49565822784810143 0.4466835443037975 0.07721518987341774 0.07088607594936702
0 0.5709746835443039 0.4479493670886076 0.0658227848101266 0.0658227848101266
0 0.24375949367088612 0.4042784810126582 0.06455696202531647 0.06708860759493668
0 0.15515189873417728 0.411873417721519 0.05696202531645578 0.06455696202531641
0 0.8260379746835445 0.31440506329113926 0.05189873417721513 0.03924050632911397
0 0.8171772151898735 0.44351898734177214 0.05696202531645578 0.04683544303797471
0 0.2918607594936709 0.3137721518987342 0.05696202531645578 0.04556962025316458