0 0.7593544303797469 0.3112784810126582 0.1240506329113924 0.13417721518987347
0 0.6391012658227848 0.3258354430379748 0.12911392405063293 0.11772151898734184
0 0.3125189873417722 0.43849367088607594 0.08607594936708846 0.09746835443037982
0 0.23024050632911403 0.4467215189873418 0.08101265822784806 0.08101265822784809
0 0.9536582278481014 0.5543164556962026 0.0772151898734178 0.07088607594936702
0 0.9980316455696203 0.5530506329113924 0.003936708860759364 0.0658227848101266
0 0.7017594936708862 0.5967215189873418 0.06455696202531647 0.06708860759493662
0 0.6131518987341773 0.589126582278481 0.05696202531645578 0.06455696202531636
0 0.390367088607595 0.5846962025316456 0.06202531645569631 0.06329113924050622
0 0.32644303797468366 0.5941898734177216 0.06329113924050622 0.05189873417721513
0 0.7498607594936709 0.6872278481012658 0.05696202531645578 0.04556962025316458