0 0.41764556962025307 0.6887215189873418 0.12405063291139251 0.13417721518987347
0 0.5378987341772151 0.6741645569620252 0.12911392405063293 0.11772151898734184
0 0.8644810126582277 0.5615063291139241 0.0860759493670884 0.09746835443037982
0 0.946759493670886 0.5532784810126582 0.08101265822784809 0.08101265822784809
0 0.2233417721518986 0.4456835443037975 0.0772151898734178 0.07088607594936702
0 0.14802531645569605 0.4469493670886076 0.06582278481012671 0.0658227848101266
0 0.4752405063291139 0.4032784810126582 0.06455696202531647 0.06708860759493668
0 0.5638481012658227 0.410873417721519 0.05696202531645567 0.06455696202531641
0 0.786632911392405 0.41530379746835444 0.06202531645569631 0.06329113924050628
0 0.8505569620253164 0.40581012658227844 0.06329113924050622 0.05189873417721519
0 0.4271392405063291 0.3127721518987342 0.05696202531645578 0.04556962025316458