0 0.00045569620253160803 0.3847848101265823 0.0009113924050632161 0.12278481012658227
0 0.1028101265822784 0.4392151898734177 0.09746835443037982 0.08481012658227849
0 0.2819240506329113 0.13541772151898734 0.14177215189873416 0.13797468354430387
0 0.799645569620253 0.29427848101265824 0.1240506329113924 0.13417721518987336
0 0.9198987341772151 0.3088354430379748 0.12911392405063293 0.11772151898734184
0 0.6053417721518985 0.5373164556962025 0.07721518987341769 0.07088607594936713
0 0.5300253164556961 0.5360506329113924 0.0658227848101266 0.06582278481012671
0 0.857240506329114 0.5797215189873418 0.06455696202531647 0.06708860759493684
0 0.9458481012658227 0.5721265822784811 0.05696202531645578 0.06455696202531647
0 0.2749620253164557 0.6695949367088607 0.05189873417721513 0.03924050632911402
0 0.28382278481012646 0.5404810126582279 0.05696202531645578 0.04683544303797471
0 0.8091392405063291 0.6702278481012658 0.05696202531645567 0.04556962025316447