0 0.03040506329113918 0.09441772151898742 0.06081012658227836 0.13797468354430387
0 0.5076455696202531 0.25327848101265826 0.1240506329113924 0.13417721518987347
0 0.6278987341772152 0.26783544303797474 0.12911392405063293 0.11772151898734184
0 0.9544810126582277 0.380493670886076 0.08607594936708851 0.09746835443037982
0 0.998126582278481 0.38872151898734186 0.00374683544303811 0.08101265822784809
0 0.31334177215189857 0.49631645569620253 0.0772151898734178 0.07088607594936702
0 0.23802531645569602 0.49505063291139234 0.06582278481012671 0.0658227848101266
0 0.5652405063291139 0.5387215189873418 0.06455696202531647 0.06708860759493662
0 0.6538481012658227 0.531126582278481 0.05696202531645578 0.06455696202531647
0 0.876632911392405 0.5266962025316455 0.0620253164556962 0.06329113924050633
0 0.9405569620253164 0.5361898734177215 0.06329113924050622 0.05189873417721513
0 0.004455696202531612 0.6285949367088608 0.008911392405063223 0.03924050632911402
0 0.010151898734177156 0.49948101265822786 0.020303797468354312 0.04683544303797471
0 0.5171392405063291 0.6292278481012658 0.05696202531645578 0.04556962025316458