0 0.35764556962025307 0.6897215189873418 0.1240506329113924 0.13417721518987347
0 0.4778987341772151 0.6751645569620253 0.12911392405063282 0.11772151898734184
0 0.8044810126582278 0.5625063291139241 0.08607594936708851 0.09746835443037982
0 0.8867594936708859 0.5542784810126582 0.08101265822784809 0.08101265822784809
0 0.16334177215189855 0.4466835443037975 0.0772151898734178 0.07088607594936702
0 0.08802531645569606 0.4479493670886076 0.0658227848101266 0.0658227848101266
0 0.41524050632911386 0.4042784810126582 0.06455696202531647 0.06708860759493668
0 0.5038481012658227 0.411873417721519 0.05696202531645578 0.06455696202531641
0 0.7266329113924049 0.41630379746835444 0.06202531645569631 0.06329113924050628
0 0.7905569620253163 0.40681012658227844 0.06329113924050622 0.05189873417721519
0 0.36713924050632907 0.3137721518987342 0.05696202531645578 0.04556962025316458