0 0.6403544303797469 0.7427215189873417 0.1240506329113924 0.13417721518987347
0 0.5201012658227848 0.7281645569620252 0.12911392405063288 0.11772151898734184
0 0.19351898734177223 0.615506329113924 0.08607594936708846 0.09746835443037982
0 0.11124050632911406 0.6072784810126581 0.08101265822784809 0.08101265822784809
0 0.8346582278481014 0.49968354430379747 0.0772151898734178 0.07088607594936702
0 0.9099746835443039 0.5009493670886076 0.0658227848101266 0.06582278481012666
0 0.5827594936708862 0.4572784810126582 0.06455696202531647 0.06708860759493673
0 0.4941518987341773 0.4648734177215189 0.05696202531645578 0.06455696202531641
0 0.271367088607595 0.46930379746835443 0.06202531645569628 0.06329113924050633
0 0.20744303797468366 0.4598101265822785 0.06329113924050625 0.05189873417721519
0 0.6308607594936709 0.3667721518987342 0.05696202531645578 0.04556962025316458