0 0.9590443037974684 0.3477848101265823 0.08191139240506318 0.12278481012658238
0 0.8161898734177216 0.40221518987341776 0.09746835443037982 0.08481012658227849
0 0.6370759493670888 0.09841772151898737 0.14177215189873416 0.13797468354430376
0 0.11935443037974693 0.25727848101265827 0.12405063291139243 0.13417721518987347
0 0.03182911392405066 0.27183544303797474 0.06365822784810132 0.11772151898734184
0 0.31365822784810143 0.5003164556962025 0.0772151898734178 0.07088607594936702
0 0.388974683544304 0.49905063291139234 0.06582278481012666 0.0658227848101266
0 0.06175949367088611 0.5427215189873418 0.06455696202531647 0.06708860759493662
0 0.0008164556962025813 0.535126582278481 0.0016329113924051625 0.06455696202531647
0 0.6440379746835443 0.6325949367088608 0.05189873417721513 0.03924050632911402
0 0.6351772151898736 0.5034810126582279 0.05696202531645578 0.04683544303797471
0 0.10986075949367091 0.6332278481012658 0.05696202531645578 0.04556962025316458