0 0.9890949367088608 0.8465822784810126 0.021810126582278322 0.13797468354430387
0 0.531354430379747 0.6877215189873418 0.12405063291139246 0.13417721518987347
0 0.41110126582278483 0.6731645569620253 0.12911392405063293 0.11772151898734184
0 0.08451898734177224 0.5605063291139241 0.08607594936708847 0.09746835443037982
0 0.021373417721519048 0.5522784810126582 0.042746835443038096 0.08101265822784809
0 0.7256582278481014 0.4446835443037975 0.0772151898734178 0.07088607594936702
0 0.8009746835443039 0.4459493670886076 0.0658227848101266 0.0658227848101266
0 0.4737594936708861 0.4022784810126582 0.06455696202531652 0.06708860759493668
0 0.38515189873417727 0.409873417721519 0.05696202531645578 0.06455696202531641
0 0.16236708860759502 0.41430379746835444 0.06202531645569628 0.06329113924050628
0 0.09844303797468365 0.40481012658227844 0.06329113924050624 0.05189873417721519
0 0.521860759493671 0.3117721518987342 0.05696202531645578 0.04556962025316458