0 0.025405063291139174 0.10941772151898738 0.05081012658227835 0.13797468354430376
0 0.4976455696202531 0.2682784810126582 0.1240506329113924 0.13417721518987336
0 0.6178987341772152 0.28283544303797475 0.12911392405063293 0.11772151898734184
0 0.9444810126582277 0.39549367088607595 0.08607594936708851 0.09746835443037971
0 0.9931265822784809 0.4037215189873418 0.013746835443038119 0.08101265822784798
0 0.30334177215189856 0.5113164556962025 0.0772151898734178 0.07088607594936702
0 0.22802531645569601 0.5100506329113924 0.06582278481012671 0.06582278481012671
0 0.5552405063291139 0.5537215189873418 0.06455696202531647 0.06708860759493684
0 0.6438481012658227 0.5461265822784811 0.05696202531645578 0.06455696202531647
0 0.866632911392405 0.5416962025316456 0.0620253164556962 0.06329113924050633
0 0.9305569620253163 0.5511898734177215 0.06329113924050622 0.051898734177215244
0 0.005151898734177152 0.5144810126582279 0.010303797468354303 0.04683544303797471
0 0.5071392405063291 0.6442278481012658 0.05696202531645578 0.04556962025316447