0 0.028455696202531633 0.6272151898734177 0.056911392405063266 0.12278481012658227
0 0.15881012658227833 0.5727848101265822 0.09746835443037982 0.08481012658227849
0 0.3379240506329113 0.8765822784810127 0.14177215189873404 0.13797468354430376
0 0.8556455696202531 0.7177215189873418 0.1240506329113924 0.13417721518987336
0 0.9556708860759493 0.7031645569620253 0.08865822784810129 0.11772151898734184
0 0.6613417721518986 0.47468354430379744 0.07721518987341769 0.07088607594936702
0 0.586025316455696 0.4759493670886076 0.06582278481012671 0.06582278481012666
0 0.9132405063291138 0.4322784810126582 0.06455696202531647 0.06708860759493673
0 0.9866835443037973 0.439873417721519 0.0266329113924052 0.06455696202531641
0 0.33096202531645563 0.34240506329113923 0.05189873417721513 0.03924050632911391
0 0.33982278481012645 0.47151898734177217 0.05696202531645567 0.04683544303797471
0 0.8651392405063291 0.3417721518987342 0.05696202531645578 0.04556962025316452