0 0.686354430379747 0.7097215189873418 0.1240506329113924 0.13417721518987336
0 0.5661012658227849 0.6951645569620253 0.12911392405063293 0.11772151898734184
0 0.2395189873417722 0.5825063291139241 0.08607594936708846 0.09746835443037982
0 0.15724050632911404 0.5742784810126582 0.08101265822784808 0.08101265822784809
0 0.8806582278481014 0.4666835443037975 0.07721518987341769 0.07088607594936713
0 0.9559746835443039 0.46794936708860757 0.06582278481012671 0.06582278481012666
0 0.628759493670886 0.4242784810126582 0.06455696202531647 0.06708860759493673
0 0.5401518987341772 0.431873417721519 0.05696202531645578 0.06455696202531641
0 0.317367088607595 0.4363037974683544 0.062025316455696256 0.06329113924050633
0 0.25344303797468365 0.42681012658227846 0.06329113924050625 0.051898734177215244
0 0.6768607594936709 0.3337721518987342 0.05696202531645567 0.04556962025316452