0 0.9425443037974683 0.37078481012658226 0.1149113924050632 0.12278481012658227
0 0.7831898734177216 0.4252151898734178 0.09746835443037982 0.08481012658227849
0 0.6040759493670886 0.12141772151898739 0.14177215189873416 0.13797468354430376
0 0.08635443037974692 0.28027848101265823 0.12405063291139243 0.13417721518987336
0 0.015329113924050659 0.29483544303797476 0.030658227848101318 0.11772151898734184
0 0.2806582278481014 0.5233164556962026 0.07721518987341777 0.07088607594936702
0 0.35597468354430395 0.5220506329113924 0.06582278481012671 0.06582278481012671
0 0.030518987341772174 0.5657215189873418 0.06103797468354435 0.06708860759493684
0 0.6110379746835444 0.6555949367088608 0.05189873417721513 0.03924050632911391
0 0.6021772151898735 0.5264810126582279 0.05696202531645578 0.04683544303797471
0 0.07686075949367091 0.6562278481012658 0.05696202531645577 0.04556962025316447