0 0.6323544303797469 0.29427848101265824 0.1240506329113924 0.13417721518987336
0 0.5121012658227848 0.3088354430379748 0.12911392405063288 0.11772151898734184
0 0.18551898734177225 0.4214936708860759 0.08607594936708848 0.09746835443037982
0 0.10324050632911405 0.4297215189873418 0.08101265822784808 0.08101265822784809
0 0.8266582278481014 0.5373164556962025 0.0772151898734178 0.07088607594936713
0 0.901974683544304 0.5360506329113924 0.06582278481012671 0.06582278481012671
0 0.5747594936708862 0.5797215189873418 0.06455696202531647 0.06708860759493684
0 0.4861518987341773 0.5721265822784811 0.05696202531645578 0.06455696202531647
0 0.263367088607595 0.5676962025316457 0.06202531645569628 0.06329113924050633
0 0.19944303797468366 0.5771898734177215 0.06329113924050625 0.051898734177215244
0 0.6228607594936709 0.6702278481012658 0.05696202531645578 0.04556962025316447