0 0.0031645569620252223 0.35700419852111803 0.006329113924050445 0.1061941346033336
0 0.0702531645569619 0.3347848101265823 0.12531645569620264 0.12278481012658238
0 0.2348101265822784 0.38921518987341774 0.09746835443037982 0.08481012658227849
0 0.4139240506329113 0.08541772151898741 0.14177215189873416 0.13797468354430387
0 0.931645569620253 0.24427848101265826 0.12405063291139251 0.13417721518987347
0 0.9936708860759493 0.25883544303797473 0.012658227848101333 0.11772151898734184
0 0.7373417721518986 0.4873164556962025 0.07721518987341791 0.07088607594936702
0 0.6620253164556961 0.4860506329113924 0.06582278481012671 0.06582278481012671
0 0.9784810126582278 0.5297215189873419 0.04303797468354431 0.06708860759493673
0 0.4069620253164557 0.6195949367088608 0.05189873417721513 0.03924050632911391
0 0.41582278481012647 0.49048101265822786 0.05696202531645578 0.04683544303797471
0 0.9411392405063291 0.6202278481012659 0.05696202531645578 0.04556962025316458