0 0.32064556962025303 0.7537215189873417 0.1240506329113924 0.13417721518987347
0 0.44089873417721515 0.7391645569620253 0.12911392405063293 0.11772151898734184
0 0.7674810126582278 0.626506329113924 0.0860759493670884 0.09746835443037982
0 0.8497594936708859 0.6182784810126581 0.08101265822784798 0.08101265822784809
0 0.12634177215189857 0.5106835443037975 0.07721518987341769 0.07088607594936702
0 0.05102531645569608 0.5119493670886076 0.06582278481012671 0.06582278481012666
0 0.37824050632911393 0.46827848101265823 0.06455696202531647 0.06708860759493668
0 0.46684810126582277 0.475873417721519 0.05696202531645578 0.06455696202531647
0 0.689632911392405 0.48030379746835444 0.06202531645569631 0.06329113924050633
0 0.7535569620253164 0.4708101265822785 0.06329113924050622 0.05189873417721519
0 0.3301392405063291 0.3777721518987342 0.05696202531645567 0.04556962025316458