0 0.02177215189873416 0.38821518987341774 0.04354430379746832 0.08481012658227849
0 0.17392405063291133 0.08441772151898741 0.14177215189873416 0.13797468354430387
0 0.691645569620253 0.24327848101265825 0.12405063291139251 0.13417721518987347
0 0.8118987341772151 0.25783544303797473 0.12911392405063293 0.11772151898734184
0 0.4973417721518986 0.4863164556962025 0.0772151898734178 0.07088607594936702
0 0.4220253164556961 0.4850506329113924 0.06582278481012671 0.06582278481012649
0 0.7492405063291139 0.5287215189873418 0.06455696202531636 0.06708860759493662
0 0.8378481012658228 0.521126582278481 0.05696202531645567 0.06455696202531647
0 0.16696202531645565 0.6185949367088608 0.051898734177215244 0.03924050632911402
0 0.17582278481012648 0.48948101265822785 0.05696202531645578 0.04683544303797471
0 0.7011392405063291 0.6192278481012657 0.05696202531645578 0.04556962025316458