0 0.06681012658227836 0.5567848101265823 0.09746835443037982 0.08481012658227849
0 0.24592405063291128 0.8605822784810127 0.14177215189873416 0.13797468354430387
0 0.7636455696202531 0.7017215189873418 0.12405063291139251 0.13417721518987336
0 0.8838987341772151 0.6871645569620253 0.12911392405063282 0.11772151898734184
0 0.5693417721518985 0.45868354430379743 0.0772151898734178 0.07088607594936708
0 0.49402531645569603 0.4599493670886076 0.06582278481012671 0.0658227848101266
0 0.8212405063291139 0.4162784810126582 0.06455696202531647 0.06708860759493673
0 0.9098481012658227 0.423873417721519 0.05696202531645578 0.06455696202531641
0 0.23896202531645566 0.3264050632911393 0.05189873417721513 0.03924050632911397
0 0.24782278481012643 0.45551898734177215 0.05696202531645578 0.04683544303797471
0 0.7731392405063291 0.3257721518987342 0.05696202531645578 0.04556962025316452