0 0.45083544303797485 0.3873544303797469 0.05189873417721519 0.06455696202531669
0 0.40400000000000014 0.3936835443037975 0.05189873417721519 0.06962025316455689
0 0.021303797468354445 0.4278607594936709 0.04260759493670889 0.04177215189873407
0 0.4907088607594939 0.5221645569620254 0.027848101265822822 0.02784810126582271
0 0.4647594936708862 0.5240632911392406 0.0291139240506329 0.03417721518987338
0 0.38311392405063305 0.5468481012658228 0.025316455696202667 0.02658227848101269
0 0.4362784810126584 0.5620379746835443 0.020253164556962022 0.018987341772151778
0 0.683113924050633 0.5550759493670886 0.02278481012658251 0.022784810126582178
0 0.6634936708860761 0.5569746835443039 0.018987341772151667 0.021518987341772156
0 0.5660253164556963 0.5519113924050634 0.01898734177215189 0.01898734177215189
0 0.5495696202531646 0.548746835443038 0.021518987341772156 0.02278481012658229