0 0.44083544303797484 0.5806455696202532 0.05189873417721519 0.06455696202531658
0 0.39400000000000013 0.5743164556962026 0.05189873417721513 0.069620253164557
0 0.016303797468354447 0.5401392405063291 0.032607594936708895 0.04177215189873418
0 0.4807088607594939 0.4458354430379746 0.027848101265822822 0.027848101265822767
0 0.4547594936708862 0.44393670886075953 0.0291139240506329 0.03417721518987338
0 0.37311392405063304 0.4211518987341772 0.025316455696202667 0.02658227848101269
0 0.4262784810126584 0.40596202531645564 0.020253164556962022 0.018987341772151833
0 0.673113924050633 0.4129240506329114 0.02278481012658251 0.02278481012658229
0 0.6534936708860761 0.4110253164556962 0.018987341772151667 0.021518987341772156
0 0.5560253164556963 0.4160886075949367 0.01898734177215189 0.018987341772151833
0 0.5395696202531646 0.41925316455696204 0.021518987341772156 0.022784810126582344