0 0.2631645569620252 0.5686455696202531 0.05189873417721513 0.06455696202531658
0 0.3099999999999999 0.5623164556962026 0.05189873417721513 0.069620253164557
0 0.7049367088607594 0.5281392405063291 0.06708860759493662 0.04177215189873418
0 0.22329113924050614 0.43383544303797467 0.027848101265822933 0.027848101265822822
0 0.24924050632911382 0.4319367088607595 0.029113924050632956 0.03417721518987338
0 0.3308860759493669 0.4091518987341772 0.025316455696202667 0.02658227848101269
0 0.2777215189873416 0.3939620253164557 0.020253164556962022 0.01898734177215189
0 0.030886075949366987 0.40092405063291137 0.0227848101265824 0.022784810126582233
0 0.05050632911392389 0.39902531645569617 0.018987341772151667 0.02151898734177221
0 0.1479746835443036 0.4040886075949367 0.01898734177215189 0.01898734177215189
0 0.16443037974683533 0.40725316455696203 0.021518987341772156 0.022784810126582344