0 0.7328354430379749 0.5986455696202532 0.05189873417721513 0.06455696202531658
0 0.6860000000000002 0.5923164556962026 0.05189873417721513 0.069620253164557
0 0.29106329113924057 0.558139240506329 0.06708860759493662 0.04177215189873407
0 0.7727088607594939 0.46383544303797464 0.027848101265822933 0.027848101265822767
0 0.7467594936708861 0.46193670886075955 0.029113924050632956 0.03417721518987338
0 0.6651139240506331 0.4391518987341772 0.025316455696202667 0.02658227848101269
0 0.7182784810126583 0.42396202531645566 0.020253164556962022 0.018987341772151833
0 0.965113924050633 0.4309240506329114 0.02278481012658251 0.02278481012658229
0 0.9454936708860762 0.4290253164556962 0.018987341772151667 0.021518987341772156
0 0.8480253164556963 0.4340886075949367 0.01898734177215189 0.018987341772151833
0 0.8315696202531646 0.43725316455696206 0.021518987341772156 0.022784810126582344