0 0.47383544303797487 0.5556455696202531 0.05189873417721513 0.06455696202531658
0 0.4270000000000001 0.5493164556962025 0.05189873417721513 0.069620253164557
0 0.03280379746835445 0.5151392405063291 0.0656075949367089 0.04177215189873418
0 0.5137088607594938 0.4208354430379747 0.027848101265822878 0.027848101265822767
0 0.48775949367088617 0.4189367088607595 0.029113924050632956 0.03417721518987338
0 0.40611392405063307 0.3961518987341772 0.02531645569620261 0.026582278481012633
0 0.4592784810126584 0.3809620253164557 0.020253164556962022 0.01898734177215189
0 0.7061139240506331 0.38792405063291135 0.02278481012658251 0.022784810126582233
0 0.686493670886076 0.38602531645569615 0.018987341772151667 0.02151898734177221
0 0.5890253164556964 0.3910886075949367 0.01898734177215189 0.01898734177215189
0 0.5725696202531647 0.394253164556962 0.021518987341772156 0.02278481012658229