0 0.3961645569620251 0.4573544303797469 0.051898734177215244 0.06455696202531658
0 0.4429999999999999 0.4636835443037975 0.05189873417721513 0.069620253164557
0 0.8379367088607594 0.4978607594936709 0.06708860759493662 0.04177215189873418
0 0.3562911392405061 0.5921645569620253 0.027848101265822822 0.027848101265822822
0 0.3822405063291138 0.5940632911392405 0.029113924050632956 0.03417721518987338
0 0.4638860759493669 0.6168481012658228 0.025316455696202667 0.026582278481012578
0 0.4107215189873416 0.6320379746835443 0.020253164556962022 0.01898734177215189
0 0.16388607594936694 0.6250759493670885 0.02278481012658251 0.02278481012658229
0 0.1835063291139239 0.6269746835443037 0.018987341772151667 0.021518987341772156
0 0.2809746835443036 0.6219113924050633 0.01898734177215189 0.018987341772151778
0 0.29743037974683534 0.6187468354430379 0.021518987341772156 0.02278481012658229