0 0.36416455696202515 0.6216455696202531 0.05189873417721513 0.06455696202531658
0 0.41099999999999987 0.6153164556962025 0.05189873417721513 0.06962025316455689
0 0.8059367088607594 0.5811392405063291 0.06708860759493662 0.04177215189873407
0 0.3242911392405062 0.48683544303797466 0.027848101265822822 0.02784810126582271
0 0.3502405063291138 0.48493670886075957 0.029113924050632956 0.03417721518987343
0 0.43188607594936695 0.46215189873417717 0.025316455696202556 0.026582278481012633
0 0.3787215189873416 0.4469620253164557 0.020253164556962022 0.01898734177215189
0 0.13188607594936697 0.4539240506329114 0.0227848101265824 0.022784810126582233
0 0.15150632911392392 0.4520253164556962 0.018987341772151778 0.02151898734177221
0 0.24897468354430363 0.4570886075949367 0.018987341772152 0.01898734177215189
0 0.2654303797468353 0.460253164556962 0.021518987341772156 0.02278481012658229