0 0.7578354430379748 0.41835443037974684 0.05189873417721513 0.06455696202531658
0 0.7110000000000001 0.42468354430379746 0.05189873417721513 0.069620253164557
0 0.3160632911392406 0.4588607594936709 0.06708860759493668 0.04177215189873418
0 0.7977088607594938 0.5531645569620254 0.027848101265822822 0.027848101265822822
0 0.7717594936708863 0.5550632911392405 0.029113924050632956 0.03417721518987338
0 0.6901139240506331 0.5778481012658228 0.025316455696202556 0.02658227848101269
0 0.7432784810126585 0.5930379746835444 0.020253164556962022 0.01898734177215189
0 0.9893607594936709 0.5860759493670886 0.021278481012658168 0.0227848101265824
0 0.9704936708860761 0.5879746835443038 0.018987341772151778 0.021518987341772267
0 0.8730253164556965 0.5829113924050633 0.01898734177215189 0.01898734177215189
0 0.8565696202531647 0.579746835443038 0.021518987341772156 0.0227848101265824