0 0.5118354430379748 0.5976455696202532 0.05189873417721513 0.06455696202531658
0 0.4650000000000001 0.5913164556962025 0.05189873417721519 0.069620253164557
0 0.07006329113924056 0.5571392405063291 0.06708860759493665 0.04177215189873407
0 0.5517088607594938 0.46283544303797464 0.027848101265822822 0.027848101265822767
0 0.5257594936708863 0.46093670886075955 0.029113924050632956 0.03417721518987338
0 0.44411392405063305 0.4381518987341772 0.025316455696202667 0.02658227848101269
0 0.4972784810126584 0.42296202531645566 0.020253164556962022 0.018987341772151833
0 0.744113924050633 0.4299240506329114 0.0227848101265824 0.02278481012658229
0 0.7244936708860761 0.4280253164556962 0.018987341772151778 0.021518987341772156
0 0.6270253164556964 0.4330886075949367 0.018987341772152 0.018987341772151833
0 0.6105696202531647 0.43625316455696206 0.021518987341772156 0.022784810126582344