0 0.6688354430379748 0.5666455696202531 0.05189873417721513 0.06455696202531658
0 0.6220000000000001 0.5603164556962026 0.051898734177215244 0.069620253164557
0 0.22706329113924056 0.5261392405063291 0.06708860759493665 0.04177215189873418
0 0.7087088607594938 0.4318354430379747 0.027848101265822822 0.027848101265822767
0 0.6827594936708862 0.4299367088607595 0.029113924050632844 0.03417721518987338
0 0.601113924050633 0.4071518987341772 0.025316455696202667 0.02658227848101269
0 0.6542784810126585 0.3919620253164557 0.020253164556962022 0.01898734177215189
0 0.9011139240506331 0.39892405063291136 0.0227848101265824 0.022784810126582233
0 0.8814936708860761 0.39702531645569616 0.018987341772151667 0.02151898734177221
0 0.7840253164556964 0.4020886075949367 0.018987341772152 0.01898734177215189
0 0.7675696202531647 0.40525316455696203 0.021518987341772045 0.022784810126582344