0 0.5271645569620251 0.44735443037974687 0.05189873417721502 0.06455696202531658
0 0.5739999999999998 0.4536835443037975 0.05189873417721513 0.069620253164557
0 0.9676962025316456 0.4878607594936709 0.06460759493670887 0.04177215189873418
0 0.48729113924050615 0.5821645569620253 0.027848101265822933 0.027848101265822822
0 0.5132405063291139 0.5840632911392405 0.029113924050632956 0.03417721518987338
0 0.594886075949367 0.6068481012658228 0.025316455696202556 0.026582278481012578
0 0.5417215189873417 0.6220379746835443 0.020253164556962022 0.01898734177215189
0 0.29488607594936694 0.6150759493670885 0.02278481012658251 0.02278481012658229
0 0.3145063291139239 0.6169746835443037 0.018987341772151667 0.021518987341772156
0 0.4119746835443036 0.6119113924050633 0.01898734177215189 0.018987341772151778
0 0.42843037974683534 0.608746835443038 0.021518987341772156 0.022784810126582178