0 0.035139240506329106 0.3855822784810127 0.07027848101265821 0.16582278481012658
0 0.1417974683544303 0.4121645569620253 0.15569620253164573 0.1354430379746835
0 0.2266075949367088 0.6703924050632911 0.04936708860759498 0.05443037974683551
0 0.38926582278481 0.6836835443037975 0.06329113924050656 0.05822784810126591
0 0.44749367088607583 0.6862151898734177 0.05569620253164542 0.06075949367088607
0 0.5221772151898733 0.7159620253164557 0.048101265822784844 0.05443037974683551
0 0.6063544303797468 0.7425443037974684 0.04177215189873407 0.04177215189873429
0 0.6930632911392405 0.7349493670886076 0.04303797468354442 0.04936708860759487
0 0.7386329113924051 0.7349493670886076 0.05063291139240511 0.05696202531645567
0 0.7759746835443038 0.6735569620253165 0.06455696202531647 0.06329113924050644
0 0.838632911392405 0.6754556962025317 0.06835443037974698 0.06455696202531658
0 0.6936962025316454 0.7849493670886075 0.036708860759493644 0.03544303797468351
0 0.8772405063291139 0.8071012658227847 0.03417721518987338 0.03417721518987349
0 0.9095189873417722 0.8014050632911393 0.03797468354430389 0.040506329113924044