0 0.9978291139240507 0.6432151898734177 0.004341772151898571 0.060759493670885956
0 0.9488227848101268 0.6729620253164557 0.048101265822784844 0.0544303797468354
0 0.8646455696202533 0.6995443037974683 0.041772151898733956 0.04177215189873418
0 0.7779367088607596 0.6919493670886077 0.04303797468354442 0.04936708860759487
0 0.732367088607595 0.6919493670886077 0.050632911392405 0.05696202531645567
0 0.6950253164556963 0.6305569620253164 0.06455696202531647 0.06329113924050633
0 0.6323670886075949 0.6324556962025317 0.06835443037974687 0.06455696202531658
0 0.7773037974683545 0.7419493670886076 0.036708860759493644 0.03544303797468351
0 0.5937594936708861 0.7641012658227848 0.03417721518987338 0.03417721518987349
0 0.5614810126582279 0.7584050632911392 0.03797468354430389 0.04050632911392393
0 0.3659113924050633 0.7938481012658227 0.026582278481012744 0.020253164556962022
0 0.3361645569620254 0.7919493670886075 0.030379746835443033 0.03417721518987349
0 0.23110126582278484 0.8008101265822785 0.020253164556961994 0.02658227848101269
0 0.21084810126582287 0.7995443037974683 0.017721518987341728 0.018987341772152
0 0.08553164556962034 0.7932151898734177 0.030379746835443033 0.02658227848101269
0 0.3950253164556963 0.7989113924050633 0.036708860759493755 0.0227848101265824