0 0.06777215189873403 0.5061518987341772 0.08607594936708873 0.10886075949367086
0 0.013632911392405023 0.5118481012658228 0.027265822784810045 0.10253164556962036
0 0.24625316455696195 0.6574177215189874 0.12405063291139251 0.16582278481012658
0 0.3797974683544303 0.6308354430379748 0.15569620253164573 0.1354430379746835
0 0.4646075949367088 0.37260759493670886 0.04936708860759498 0.0544303797468354
0 0.62726582278481 0.3593164556962025 0.06329113924050656 0.058227848101265856
0 0.6854936708860759 0.35678481012658225 0.05569620253164553 0.06075949367088607
0 0.7601772151898732 0.32703797468354434 0.048101265822784844 0.054430379746835456
0 0.8443544303797468 0.30045569620253165 0.04177215189873407 0.04177215189873418
0 0.9310632911392405 0.3080506329113924 0.04303797468354431 0.04936708860759487
0 0.9756582278481012 0.3080506329113924 0.04868354430379751 0.05696202531645567
0 0.9908481012658228 0.36944303797468353 0.01830379746835442 0.06329113924050633
0 0.9316962025316455 0.2580506329113924 0.036708860759493644 0.03544303797468357