0 0.9956772151898734 0.6158354430379747 0.00864556962025309 0.1354430379746835
0 0.979854430379747 0.35760759493670885 0.0402911392405062 0.0544303797468354
0 0.82173417721519 0.3443164556962025 0.06329113924050644 0.058227848101265856
0 0.7635063291139241 0.3417848101265823 0.05569620253164542 0.06075949367088607
0 0.6888227848101268 0.31203797468354433 0.048101265822784844 0.054430379746835456
0 0.6046455696202533 0.28545569620253164 0.041772151898733956 0.04177215189873418
0 0.5179367088607596 0.29305063291139244 0.04303797468354437 0.04936708860759492
0 0.4723670886075949 0.29305063291139244 0.050632911392405056 0.05696202531645572
0 0.4350253164556962 0.3544430379746836 0.06455696202531647 0.06329113924050639
0 0.37236708860759493 0.35254430379746826 0.06835443037974687 0.06455696202531652
0 0.5173037974683545 0.24305063291139245 0.036708860759493644 0.03544303797468354
0 0.3337594936708861 0.22089873417721523 0.03417721518987343 0.034177215189873406
0 0.3014810126582279 0.22659493670886077 0.03797468354430383 0.04050632911392399
0 0.10591139240506334 0.19115189873417726 0.026582278481012744 0.020253164556962022
0 0.07616455696202536 0.19305063291139246 0.030379746835443026 0.034177215189873406
0 0.13502531645569626 0.18608860759493673 0.03670886075949374 0.02278481012658226