0 0.010139240506329084 0.36958227848101266 0.020278481012658167 0.16582278481012658
0 0.09179746835443031 0.3961645569620253 0.15569620253164562 0.1354430379746835
0 0.17660759493670874 0.6543924050632912 0.04936708860759498 0.0544303797468354
0 0.33926582278481 0.6676835443037975 0.06329113924050644 0.05822784810126591
0 0.39749367088607584 0.6702151898734177 0.05569620253164553 0.06075949367088607
0 0.4721772151898732 0.6999620253164557 0.048101265822784844 0.05443037974683551
0 0.5563544303797467 0.7265443037974684 0.041772151898733956 0.04177215189873418
0 0.6430632911392404 0.7189493670886076 0.04303797468354442 0.04936708860759487
0 0.688632911392405 0.7189493670886076 0.050632911392405 0.05696202531645567
0 0.7259746835443037 0.6575569620253164 0.06455696202531647 0.06329113924050644
0 0.7886329113924051 0.6594556962025317 0.06835443037974687 0.06455696202531647
0 0.6436962025316455 0.7689493670886076 0.036708860759493644 0.03544303797468362
0 0.827240506329114 0.7911012658227847 0.03417721518987349 0.03417721518987349
0 0.8595189873417721 0.7854050632911392 0.03797468354430378 0.040506329113924044