0 0.9848797468354431 0.25545569620253167 0.03024050632911368 0.041772151898734206
0 0.9039367088607595 0.2630506329113924 0.04303797468354442 0.049367088607594894
0 0.8583670886075949 0.2630506329113924 0.050632911392405 0.056962025316455694
0 0.8210253164556962 0.32444303797468355 0.06455696202531647 0.06329113924050639
0 0.758367088607595 0.32254430379746835 0.06835443037974687 0.06455696202531652
0 0.9033037974683545 0.21305063291139242 0.036708860759493644 0.03544303797468354
0 0.7197594936708861 0.1908987341772152 0.03417721518987338 0.034177215189873406
0 0.6874810126582278 0.19659493670886077 0.03797468354430389 0.04050632911392399
0 0.4919113924050633 0.16115189873417726 0.026582278481012744 0.020253164556962022
0 0.4621645569620254 0.16305063291139243 0.030379746835443033 0.034177215189873406
0 0.35710126582278484 0.15418987341772156 0.020253164556962022 0.026582278481012633
0 0.3368481012658229 0.1554556962025317 0.0177215189873417 0.01898734177215189
0 0.21153164556962034 0.1617848101265823 0.030379746835443033 0.02658227848101266
0 0.5210253164556963 0.15608860759493676 0.036708860759493644 0.02278481012658226