0 0.88573417721519 0.6956835443037975 0.06329113924050644 0.05822784810126591
0 0.8275063291139242 0.6982151898734177 0.05569620253164542 0.06075949367088607
0 0.7528227848101268 0.7279620253164557 0.048101265822784844 0.05443037974683551
0 0.6686455696202533 0.7545443037974684 0.04177215189873407 0.04177215189873429
0 0.5819367088607595 0.7469493670886076 0.04303797468354431 0.04936708860759487
0 0.536367088607595 0.7469493670886076 0.05063291139240511 0.05696202531645567
0 0.4990253164556962 0.6855569620253165 0.06455696202531647 0.06329113924050644
0 0.43636708860759493 0.6874556962025317 0.06835443037974687 0.06455696202531658
0 0.5813037974683545 0.7969493670886075 0.036708860759493644 0.03544303797468351
0 0.39775949367088614 0.8191012658227848 0.03417721518987343 0.03417721518987349
0 0.36548101265822786 0.8134050632911393 0.03797468354430383 0.040506329113924044
0 0.16991139240506334 0.8488481012658227 0.026582278481012744 0.020253164556962022
0 0.14016455696202534 0.8469493670886076 0.03037974683544302 0.03417721518987338
0 0.035101265822784854 0.8558101265822784 0.020253164556962022 0.02658227848101269
0 0.01484810126582289 0.8545443037974683 0.017721518987341714 0.01898734177215189
0 0.19902531645569627 0.8539113924050632 0.036708860759493755 0.02278481012658229