0 0.07626582278480998 0.6846835443037975 0.06329113924050644 0.0582278481012658
0 0.1344936708860759 0.6872151898734178 0.05569620253164542 0.06075949367088607
0 0.2091772151898732 0.7169620253164557 0.048101265822784844 0.0544303797468354
0 0.2933544303797467 0.7435443037974684 0.04177215189873407 0.04177215189873418
0 0.3800632911392404 0.7359493670886076 0.04303797468354431 0.04936708860759498
0 0.42563291139240506 0.7359493670886076 0.050632911392405 0.05696202531645578
0 0.46297468354430377 0.6745569620253165 0.06455696202531647 0.06329113924050633
0 0.525632911392405 0.6764556962025317 0.06835443037974687 0.06455696202531647
0 0.3806962025316455 0.7859493670886076 0.036708860759493644 0.03544303797468351
0 0.5642405063291139 0.8081012658227847 0.03417721518987338 0.03417721518987338
0 0.5965189873417721 0.8024050632911393 0.03797468354430378 0.04050632911392393
0 0.7920886075949367 0.8378481012658228 0.02658227848101269 0.020253164556962022
0 0.8218354430379746 0.8359493670886076 0.03037974683544309 0.03417721518987338
0 0.9268987341772152 0.8448101265822785 0.020253164556962022 0.02658227848101269
0 0.9471518987341772 0.8435443037974684 0.017721518987341756 0.01898734177215189
0 0.7629746835443038 0.8429113924050633 0.036708860759493644 0.02278481012658229