0 0.9768607594936709 0.6064177215189873 0.04627848101265819 0.16582278481012658
0 0.8822025316455697 0.5798354430379746 0.15569620253164573 0.1354430379746835
0 0.7973924050632912 0.3216075949367089 0.04936708860759498 0.0544303797468354
0 0.63473417721519 0.3083164556962025 0.06329113924050644 0.058227848101265856
0 0.5765063291139242 0.30578481012658226 0.05569620253164542 0.06075949367088607
0 0.5018227848101268 0.2760379746835443 0.048101265822784844 0.05443037974683543
0 0.41764556962025334 0.24945569620253166 0.04177215189873401 0.041772151898734206
0 0.33093670886075954 0.2570506329113924 0.04303797468354431 0.049367088607594894
0 0.28536708860759497 0.2570506329113924 0.050632911392405056 0.056962025316455694
0 0.2480253164556962 0.31844303797468354 0.06455696202531644 0.06329113924050633
0 0.18536708860759496 0.31654430379746834 0.06835443037974687 0.06455696202531652
0 0.3303037974683545 0.20705063291139242 0.03670886075949359 0.03544303797468354
0 0.14675949367088612 0.1848987341772152 0.03417721518987343 0.034177215189873406
0 0.11448101265822788 0.1905949367088608 0.03797468354430383 0.04050632911392402