0 0.028177215189873206 0.6709620253164557 0.048101265822784955 0.0544303797468354
0 0.11235443037974668 0.6975443037974683 0.041772151898733956 0.04177215189873418
0 0.19906329113924048 0.6899493670886077 0.04303797468354431 0.04936708860759487
0 0.24463291139240506 0.6899493670886077 0.05063291139240511 0.05696202531645567
0 0.28197468354430383 0.6285569620253164 0.06455696202531647 0.06329113924050633
0 0.3446329113924051 0.6304556962025317 0.06835443037974687 0.06455696202531658
0 0.1996962025316455 0.7399493670886076 0.03670886075949353 0.03544303797468351
0 0.3832405063291139 0.7621012658227848 0.03417721518987338 0.03417721518987349
0 0.4155189873417721 0.7564050632911392 0.03797468354430389 0.04050632911392393
0 0.6110886075949367 0.7918481012658227 0.0265822784810128 0.020253164556962022
0 0.6408354430379747 0.7899493670886075 0.030379746835442978 0.03417721518987349
0 0.7458987341772152 0.7988101265822785 0.020253164556962022 0.02658227848101269
0 0.7661518987341771 0.7975443037974683 0.017721518987341645 0.018987341772152
0 0.8914683544303796 0.7912151898734177 0.03037974683544309 0.02658227848101269
0 0.5819746835443037 0.7969113924050633 0.036708860759493644 0.0227848101265824