0 0.004613924050632823 0.2790379746835443 0.009227848101265645 0.054430379746835456
0 0.0693544303797467 0.25245569620253167 0.04177215189873407 0.041772151898734206
0 0.15606329113924045 0.2600506329113924 0.04303797468354431 0.049367088607594894
0 0.20163291139240508 0.2600506329113924 0.050632911392405 0.056962025316455694
0 0.2389746835443038 0.32144303797468354 0.06455696202531647 0.06329113924050633
0 0.30163291139240506 0.31954430379746834 0.06835443037974687 0.06455696202531652
0 0.1566962025316455 0.21005063291139242 0.036708860759493644 0.03544303797468354
0 0.3402405063291139 0.1878987341772152 0.03417721518987349 0.034177215189873406
0 0.37251898734177213 0.19359493670886077 0.03797468354430378 0.04050632911392399
0 0.5680886075949367 0.15815189873417726 0.02658227848101269 0.020253164556962022
0 0.5978354430379746 0.16005063291139243 0.03037974683544309 0.034177215189873406
0 0.7028987341772152 0.15118987341772155 0.02025316455696191 0.026582278481012633
0 0.7231518987341771 0.1524556962025317 0.017721518987341645 0.01898734177215189
0 0.8484683544303797 0.1587848101265823 0.03037974683544309 0.02658227848101266
0 0.5389746835443037 0.15308860759493675 0.036708860759493755 0.02278481012658226