0 0.974360759493671 0.6224177215189873 0.051278481012658195 0.16582278481012658
0 0.8772025316455697 0.5958354430379746 0.15569620253164573 0.1354430379746835
0 0.7923924050632912 0.3376075949367089 0.04936708860759498 0.0544303797468354
0 0.62973417721519 0.3243164556962025 0.06329113924050644 0.058227848101265856
0 0.5715063291139242 0.3217848101265823 0.05569620253164542 0.06075949367088607
0 0.49682278481012676 0.2920379746835443 0.048101265822784844 0.054430379746835456
0 0.41264556962025334 0.2654556962025316 0.04177215189873401 0.04177215189873418
0 0.32593670886075954 0.2730506329113924 0.04303797468354437 0.049367088607594894
0 0.28036708860759496 0.2730506329113924 0.050632911392405056 0.05696202531645572
0 0.2430253164556962 0.33444303797468355 0.06455696202531644 0.06329113924050639
0 0.18036708860759496 0.33254430379746835 0.06835443037974687 0.06455696202531652
0 0.32530379746835447 0.22305063291139243 0.03670886075949359 0.03544303797468354
0 0.1417594936708861 0.2008987341772152 0.03417721518987343 0.034177215189873406
0 0.10948101265822788 0.20659493670886075 0.03797468354430383 0.04050632911392402