0 0.012639240506329086 0.6534177215189874 0.02527848101265817 0.16582278481012658
0 0.09679746835443032 0.6268354430379748 0.15569620253164562 0.1354430379746835
0 0.18160759493670875 0.36860759493670886 0.04936708860759498 0.0544303797468354
0 0.34426582278481 0.3553164556962025 0.06329113924050644 0.058227848101265856
0 0.40249367088607585 0.35278481012658225 0.05569620253164553 0.06075949367088607
0 0.4771772151898732 0.32303797468354434 0.048101265822784844 0.054430379746835456
0 0.5613544303797466 0.29645569620253165 0.04177215189873407 0.04177215189873418
0 0.6480632911392404 0.3040506329113924 0.04303797468354431 0.04936708860759487
0 0.693632911392405 0.3040506329113924 0.05063291139240511 0.05696202531645567
0 0.7309746835443038 0.3654430379746835 0.06455696202531647 0.06329113924050633
0 0.793632911392405 0.36354430379746827 0.06835443037974687 0.06455696202531652
0 0.6486962025316455 0.2540506329113924 0.036708860759493644 0.03544303797468357
0 0.8322405063291138 0.23189873417721524 0.03417721518987349 0.034177215189873406
0 0.8645189873417721 0.23759493670886078 0.03797468354430378 0.040506329113924044