0 0.9940443037974684 0.3163164556962025 0.011911392405063226 0.058227848101265856
0 0.9615063291139242 0.31378481012658227 0.05569620253164542 0.06075949367088607
0 0.8868227848101268 0.2840379746835443 0.048101265822784844 0.054430379746835456
0 0.8026455696202532 0.25745569620253167 0.04177215189873407 0.041772151898734206
0 0.7159367088607596 0.2650506329113924 0.04303797468354431 0.049367088607594894
0 0.670367088607595 0.2650506329113924 0.05063291139240511 0.056962025316455694
0 0.6330253164556963 0.32644303797468355 0.06455696202531647 0.06329113924050639
0 0.5703670886075949 0.32454430379746835 0.06835443037974687 0.06455696202531652
0 0.7153037974683545 0.21505063291139243 0.036708860759493644 0.03544303797468351
0 0.531759493670886 0.1928987341772152 0.03417721518987349 0.034177215189873406
0 0.49948101265822786 0.19859493670886075 0.03797468354430378 0.04050632911392402
0 0.3039113924050634 0.16315189873417724 0.026582278481012744 0.020253164556961994
0 0.27416455696202535 0.16505063291139244 0.030379746835443033 0.034177215189873406
0 0.16910126582278484 0.15618987341772156 0.020253164556962022 0.026582278481012633
0 0.14884810126582287 0.1574556962025317 0.017721518987341728 0.01898734177215189
0 0.023531645569620337 0.1637848101265823 0.030379746835443026 0.02658227848101266
0 0.3330253164556963 0.15808860759493676 0.036708860759493755 0.02278481012658226