0 0.89673417721519 0.6626835443037975 0.06329113924050644 0.0582278481012658
0 0.8385063291139242 0.6652151898734178 0.05569620253164542 0.06075949367088607
0 0.7638227848101268 0.6949620253164557 0.048101265822784844 0.0544303797468354
0 0.6796455696202532 0.7215443037974684 0.04177215189873407 0.04177215189873418
0 0.5929367088607596 0.7139493670886076 0.04303797468354431 0.04936708860759498
0 0.547367088607595 0.7139493670886076 0.050632911392405 0.05696202531645578
0 0.5100253164556963 0.6525569620253164 0.06455696202531647 0.06329113924050633
0 0.44736708860759494 0.6544556962025317 0.06835443037974687 0.06455696202531658
0 0.5923037974683545 0.7639493670886076 0.036708860759493644 0.03544303797468351
0 0.40875949367088615 0.7861012658227848 0.03417721518987343 0.03417721518987349
0 0.37648101265822786 0.7804050632911392 0.03797468354430383 0.040506329113924044
0 0.18091139240506335 0.8158481012658227 0.026582278481012744 0.020253164556962133
0 0.15116455696202535 0.8139493670886075 0.030379746835443033 0.03417721518987338
0 0.046101265822784857 0.8228101265822785 0.020253164556962015 0.02658227848101269
0 0.02584810126582289 0.8215443037974683 0.01772151898734171 0.01898734177215189
0 0.21002531645569628 0.8209113924050633 0.036708860759493755 0.02278481012658229