0 0.9958607594936709 0.34858227848101264 0.008278481012658157 0.16582278481012658
0 0.9202025316455698 0.3751645569620253 0.15569620253164562 0.1354430379746835
0 0.8353924050632913 0.6333924050632911 0.04936708860759487 0.0544303797468354
0 0.67273417721519 0.6466835443037975 0.06329113924050644 0.0582278481012658
0 0.6145063291139241 0.6492151898734178 0.05569620253164542 0.060759493670885956
0 0.5398227848101268 0.6789620253164557 0.048101265822784844 0.0544303797468354
0 0.45564556962025327 0.7055443037974684 0.04177215189873401 0.04177215189873418
0 0.3689367088607596 0.6979493670886077 0.04303797468354437 0.04936708860759487
0 0.323367088607595 0.6979493670886077 0.050632911392405056 0.05696202531645567
0 0.28602531645569623 0.6365569620253164 0.06455696202531647 0.06329113924050633
0 0.22336708860759497 0.6384556962025317 0.0683544303797469 0.06455696202531658
0 0.3683037974683545 0.7479493670886076 0.036708860759493644 0.03544303797468351
0 0.18475949367088612 0.7701012658227848 0.03417721518987343 0.03417721518987349
0 0.1524810126582279 0.7644050632911392 0.03797468354430383 0.040506329113924044
0 0.0021898734177215715 0.8049113924050633 0.004379746835443143 0.02278481012658229