0 0.020139240506329092 0.38158227848101267 0.040278481012658185 0.16582278481012658
0 0.11179746835443027 0.4081645569620253 0.15569620253164573 0.1354430379746835
0 0.19660759493670876 0.6663924050632911 0.04936708860759498 0.05443037974683551
0 0.35926582278481 0.6796835443037975 0.06329113924050644 0.05822784810126591
0 0.4174936708860758 0.6822151898734177 0.05569620253164542 0.06075949367088607
0 0.49217721518987323 0.7119620253164557 0.048101265822784844 0.05443037974683551
0 0.5763544303797468 0.7385443037974684 0.04177215189873407 0.04177215189873429
0 0.6630632911392405 0.7309493670886076 0.04303797468354431 0.04936708860759487
0 0.708632911392405 0.7309493670886076 0.050632911392405 0.05696202531645567
0 0.7459746835443037 0.6695569620253164 0.06455696202531647 0.06329113924050644
0 0.8086329113924051 0.6714556962025316 0.06835443037974687 0.06455696202531658
0 0.6636962025316455 0.7809493670886075 0.036708860759493644 0.03544303797468351
0 0.8472405063291139 0.8031012658227847 0.03417721518987338 0.03417721518987349
0 0.8795189873417721 0.7974050632911392 0.03797468354430389 0.040506329113924044