0 0.897746835443038 0.37658227848101267 0.12405063291139251 0.16582278481012658
0 0.7642025316455697 0.4031645569620253 0.15569620253164573 0.1354430379746835
0 0.6793924050632912 0.6613924050632911 0.04936708860759498 0.05443037974683529
0 0.51673417721519 0.6746835443037975 0.06329113924050644 0.0582278481012658
0 0.45850632911392414 0.6772151898734178 0.05569620253164542 0.06075949367088607
0 0.38382278481012677 0.7069620253164557 0.048101265822784844 0.0544303797468354
0 0.2996455696202533 0.7335443037974684 0.04177215189873407 0.04177215189873418
0 0.21293670886075955 0.7259493670886076 0.04303797468354437 0.04936708860759498
0 0.16736708860759494 0.7259493670886076 0.050632911392405056 0.05696202531645578
0 0.1300253164556962 0.6645569620253164 0.06455696202531645 0.06329113924050633
0 0.06736708860759495 0.6664556962025316 0.06835443037974687 0.06455696202531647
0 0.2123037974683545 0.7759493670886076 0.036708860759493644 0.03544303797468351
0 0.028759493670886115 0.7981012658227847 0.03417721518987343 0.03417721518987338
0 0.007734177215189902 0.7924050632911392 0.015468354430379805 0.040506329113924044