0 0.9798860759493672 0.7379620253164557 0.04022784810126567 0.05443037974683551
0 0.8996455696202532 0.7645443037974684 0.04177215189873407 0.04177215189873429
0 0.8129367088607595 0.7569493670886076 0.04303797468354431 0.049367088607594756
0 0.767367088607595 0.7569493670886076 0.05063291139240511 0.05696202531645567
0 0.7300253164556962 0.6955569620253165 0.06455696202531647 0.06329113924050644
0 0.6673670886075949 0.6974556962025317 0.06835443037974687 0.06455696202531658
0 0.8123037974683545 0.8069493670886075 0.036708860759493644 0.03544303797468351
0 0.6287594936708861 0.8291012658227848 0.03417721518987338 0.03417721518987338
0 0.5964810126582278 0.8234050632911393 0.03797468354430389 0.040506329113924044
0 0.40091139240506335 0.8588481012658227 0.026582278481012744 0.020253164556962022
0 0.3711645569620253 0.8569493670886076 0.030379746835443033 0.03417721518987338
0 0.26610126582278487 0.8658101265822784 0.020253164556962022 0.02658227848101269
0 0.24584810126582288 0.8645443037974683 0.0177215189873417 0.01898734177215189
0 0.12053164556962034 0.8582151898734177 0.030379746835443033 0.026582278481012578
0 0.43002531645569625 0.8639113924050632 0.036708860759493755 0.02278481012658229