0 0.003822784810126545 0.3761645569620253 0.00764556962025309 0.1354430379746835
0 0.0196455696202531 0.6343924050632912 0.0392911392405062 0.0544303797468354
0 0.17726582278480996 0.6476835443037975 0.06329113924050644 0.05822784810126591
0 0.23549367088607587 0.6502151898734176 0.05569620253164542 0.06075949367088607
0 0.3101772151898732 0.6799620253164557 0.048101265822784844 0.05443037974683551
0 0.3943544303797467 0.7065443037974684 0.041772151898733956 0.04177215189873418
0 0.4810632911392404 0.6989493670886076 0.04303797468354431 0.04936708860759487
0 0.5266329113924051 0.6989493670886076 0.050632911392405 0.05696202531645567
0 0.5639746835443038 0.6375569620253165 0.06455696202531636 0.06329113924050633
0 0.6266329113924051 0.6394556962025317 0.06835443037974698 0.06455696202531647
0 0.48169620253164547 0.7489493670886076 0.036708860759493644 0.03544303797468362
0 0.6652405063291139 0.7711012658227848 0.03417721518987338 0.03417721518987338
0 0.6975189873417721 0.7654050632911392 0.03797468354430378 0.040506329113924044
0 0.8930886075949367 0.8008481012658228 0.0265822784810128 0.020253164556962022
0 0.9228354430379746 0.7989493670886075 0.03037974683544309 0.03417721518987338
0 0.8639746835443037 0.8059113924050633 0.036708860759493644 0.022784810126582178