0 0.9940949367088607 0.4998481012658228 0.011810126582278424 0.1088607594936708
0 0.8527468354430381 0.34858227848101264 0.12405063291139262 0.16582278481012658
0 0.7192025316455697 0.3751645569620253 0.15569620253164573 0.1354430379746835
0 0.6343924050632912 0.6333924050632911 0.04936708860759498 0.0544303797468354
0 0.47173417721519006 0.6466835443037975 0.0632911392405065 0.0582278481012658
0 0.41350632911392415 0.6492151898734178 0.05569620253164542 0.060759493670885956
0 0.3388227848101268 0.6789620253164557 0.048101265822784844 0.0544303797468354
0 0.2546455696202533 0.7055443037974684 0.04177215189873401 0.04177215189873418
0 0.16793670886075956 0.6979493670886077 0.04303797468354434 0.04936708860759487
0 0.12236708860759496 0.6979493670886077 0.050632911392405056 0.05696202531645567
0 0.0850253164556962 0.6365569620253164 0.06455696202531647 0.06329113924050633
0 0.028272151898734194 0.6384556962025317 0.05654430379746839 0.06455696202531658
0 0.1673037974683545 0.7479493670886076 0.036708860759493644 0.03544303797468351
0 0.0004240506329114169 0.7701012658227848 0.0008481012658228338 0.03417721518987349