0 0.014613924050632832 0.2980379746835443 0.029227848101265663 0.054430379746835456
0 0.08935443037974672 0.2714556962025316 0.04177215189873407 0.04177215189873418
0 0.17606329113924046 0.2790506329113924 0.04303797468354431 0.04936708860759492
0 0.22163291139240504 0.2790506329113924 0.05063291139240511 0.05696202531645572
0 0.2589746835443038 0.34044303797468356 0.06455696202531647 0.06329113924050639
0 0.3216329113924051 0.33854430379746825 0.06835443037974687 0.06455696202531652
0 0.17669620253164553 0.22905063291139244 0.036708860759493644 0.03544303797468354
0 0.36024050632911386 0.20689873417721522 0.03417721518987338 0.034177215189873406
0 0.3925189873417721 0.21259493670886076 0.03797468354430389 0.04050632911392402
0 0.5880886075949368 0.17715189873417725 0.02658227848101269 0.020253164556962022
0 0.6178354430379747 0.17905063291139245 0.03037974683544309 0.034177215189873406
0 0.7228987341772152 0.17018987341772157 0.02025316455696191 0.02658227848101266
0 0.7431518987341771 0.17145569620253168 0.017721518987341645 0.01898734177215189
0 0.8684683544303797 0.17778481012658232 0.03037974683544309 0.026582278481012633
0 0.5589746835443037 0.17208860759493674 0.036708860759493755 0.02278481012658229