0 0.023670886075949304 0.7002151898734177 0.04734177215189861 0.06075949367088607
0 0.09417721518987321 0.7299620253164557 0.048101265822784844 0.05443037974683551
0 0.1783544303797467 0.7565443037974684 0.04177215189873407 0.04177215189873429
0 0.26506329113924043 0.7489493670886076 0.04303797468354431 0.04936708860759487
0 0.31063291139240506 0.7489493670886076 0.050632911392405 0.05696202531645567
0 0.3479746835443038 0.6875569620253165 0.06455696202531647 0.06329113924050644
0 0.41063291139240504 0.6894556962025317 0.06835443037974687 0.06455696202531658
0 0.2656962025316455 0.7989493670886075 0.036708860759493644 0.03544303797468351
0 0.4492405063291139 0.8211012658227848 0.03417721518987349 0.03417721518987349
0 0.4815189873417721 0.8154050632911393 0.03797468354430378 0.040506329113924044
0 0.6770886075949367 0.8508481012658227 0.02658227848101269 0.020253164556962022
0 0.7068354430379746 0.8489493670886076 0.03037974683544309 0.03417721518987338
0 0.8118987341772151 0.8578101265822784 0.02025316455696191 0.02658227848101269
0 0.8321518987341772 0.8565443037974683 0.017721518987341756 0.01898734177215189
0 0.9574683544303797 0.8502151898734177 0.03037974683544309 0.026582278481012578
0 0.6479746835443037 0.8559113924050632 0.036708860759493755 0.02278481012658229