0 0.012170886075949294 0.6402151898734177 0.02434177215189859 0.06075949367088618
0 0.07117721518987319 0.6699620253164557 0.048101265822784844 0.05443037974683551
0 0.15535443037974672 0.6965443037974683 0.041772151898733956 0.04177215189873418
0 0.24206329113924047 0.6889493670886075 0.04303797468354442 0.04936708860759487
0 0.28763291139240504 0.6889493670886075 0.050632911392405 0.05696202531645567
0 0.32497468354430376 0.6275569620253165 0.06455696202531647 0.06329113924050633
0 0.387632911392405 0.6294556962025317 0.06835443037974687 0.06455696202531647
0 0.24269620253164548 0.7389493670886076 0.036708860759493644 0.03544303797468351
0 0.42624050632911387 0.7611012658227848 0.03417721518987349 0.03417721518987338
0 0.4585189873417721 0.7554050632911392 0.03797468354430378 0.040506329113924044
0 0.6540886075949366 0.7908481012658228 0.02658227848101269 0.020253164556962022
0 0.6838354430379746 0.7889493670886075 0.030379746835442978 0.03417721518987338
0 0.7888987341772151 0.7978101265822785 0.020253164556962022 0.026582278481012578
0 0.8091518987341771 0.7965443037974683 0.017721518987341645 0.018987341772151778
0 0.9344683544303797 0.7902151898734177 0.030379746835442978 0.026582278481012578
0 0.6249746835443037 0.7959113924050633 0.036708860759493867 0.022784810126582178