0 0.9107468354430381 0.6494177215189874 0.12405063291139251 0.16582278481012658
0 0.7772025316455697 0.6228354430379748 0.15569620253164562 0.1354430379746835
0 0.6923924050632912 0.36460759493670886 0.04936708860759498 0.0544303797468354
0 0.52973417721519 0.3513164556962025 0.06329113924050644 0.058227848101265856
0 0.47150632911392415 0.34878481012658225 0.05569620253164542 0.06075949367088601
0 0.3968227848101268 0.31903797468354433 0.048101265822784844 0.054430379746835456
0 0.31264556962025325 0.29245569620253165 0.04177215189873401 0.04177215189873418
0 0.22593670886075956 0.3000506329113924 0.04303797468354434 0.04936708860759487
0 0.18036708860759496 0.30005063291139245 0.050632911392405056 0.05696202531645572
0 0.14302531645569622 0.3614430379746836 0.06455696202531647 0.06329113924050639
0 0.08036708860759495 0.35954430379746827 0.06835443037974687 0.06455696202531652
0 0.2253037974683545 0.25005063291139246 0.03670886075949362 0.03544303797468354
0 0.04175949367088612 0.22789873417721523 0.03417721518987344 0.034177215189873406
0 0.014234177215189903 0.23359493670886078 0.028468354430379806 0.040506329113924044