0 0.9783860759493672 0.6979620253164557 0.043227848101265676 0.05443037974683551
0 0.8966455696202533 0.7245443037974684 0.04177215189873407 0.04177215189873418
0 0.8099367088607595 0.7169493670886076 0.04303797468354431 0.04936708860759487
0 0.764367088607595 0.7169493670886076 0.05063291139240511 0.05696202531645567
0 0.7270253164556961 0.6555569620253164 0.06455696202531647 0.06329113924050644
0 0.664367088607595 0.6574556962025317 0.06835443037974687 0.06455696202531647
0 0.8093037974683545 0.7669493670886076 0.036708860759493644 0.03544303797468362
0 0.6257594936708861 0.7891012658227848 0.03417721518987338 0.03417721518987338
0 0.593481012658228 0.7834050632911392 0.03797468354430389 0.040506329113924044
0 0.39791139240506335 0.8188481012658227 0.026582278481012744 0.02025316455696191
0 0.3681645569620253 0.8169493670886075 0.030379746835443033 0.03417721518987338
0 0.26310126582278487 0.8258101265822784 0.020253164556962022 0.02658227848101269
0 0.24284810126582287 0.8245443037974682 0.0177215189873417 0.01898734177215189
0 0.11753164556962034 0.8182151898734177 0.030379746835443033 0.026582278481012578
0 0.4270253164556963 0.8239113924050632 0.0367088607594937 0.02278481012658229