0 0.901227848101266 0.5488481012658228 0.08607594936708862 0.10886075949367091
0 0.970867088607595 0.5431518987341772 0.05826582278481007 0.10253164556962036
0 0.7227468354430381 0.3975822784810127 0.12405063291139262 0.16582278481012658
0 0.5892025316455698 0.4241645569620253 0.15569620253164562 0.1354430379746835
0 0.5043924050632912 0.6823924050632911 0.04936708860759492 0.05443037974683551
0 0.34173417721519006 0.6956835443037975 0.0632911392405065 0.05822784810126591
0 0.28350632911392415 0.6982151898734177 0.05569620253164542 0.06075949367088607
0 0.20882278481012678 0.7279620253164557 0.048101265822784844 0.05443037974683551
0 0.1246455696202533 0.7545443037974684 0.041772151898734025 0.04177215189873429
0 0.037936708860759547 0.7469493670886076 0.043037974683544346 0.04936708860759487
0 0.008841772151898738 0.7469493670886076 0.017683544303797476 0.05696202531645567
0 0.0373037974683545 0.7969493670886075 0.03670886075949363 0.03544303797468351