0 0.875227848101266 0.5278481012658228 0.08607594936708862 0.1088607594936708
0 0.9556075949367089 0.5221518987341772 0.07974683544303796 0.10253164556962036
0 0.6967468354430382 0.37658227848101267 0.12405063291139251 0.16582278481012658
0 0.5632025316455697 0.4031645569620253 0.15569620253164568 0.1354430379746835
0 0.47839240506329117 0.6613924050632911 0.04936708860759492 0.05443037974683529
0 0.31573417721519004 0.6746835443037975 0.0632911392405065 0.0582278481012658
0 0.2575063291139242 0.6772151898734178 0.05569620253164545 0.06075949367088607
0 0.1828227848101268 0.7069620253164557 0.048101265822784844 0.0544303797468354
0 0.09864556962025331 0.7335443037974684 0.041772151898734025 0.04177215189873418
0 0.016727848101265864 0.7259493670886076 0.03345569620253173 0.04936708860759498
0 0.01482911392405066 0.7759493670886076 0.02965822784810132 0.03544303797468351