0 0.024905063291139173 0.5288481012658228 0.04981012658227835 0.1088607594936708
0 0.1852531645569619 0.37758227848101267 0.12405063291139251 0.16582278481012658
0 0.3187974683544303 0.4041645569620253 0.15569620253164562 0.1354430379746835
0 0.4036075949367088 0.6623924050632911 0.04936708860759487 0.05443037974683551
0 0.56626582278481 0.6756835443037975 0.06329113924050644 0.05822784810126591
0 0.6244936708860758 0.6782151898734177 0.05569620253164553 0.06075949367088607
0 0.6991772151898732 0.7079620253164557 0.048101265822784844 0.05443037974683551
0 0.7833544303797466 0.7345443037974684 0.04177215189873407 0.04177215189873418
0 0.8700632911392404 0.7269493670886076 0.04303797468354431 0.04936708860759487
0 0.9156329113924051 0.7269493670886076 0.050632911392405 0.05696202531645567
0 0.9529746835443038 0.6655569620253164 0.06455696202531647 0.06329113924050644
0 0.9907278481012658 0.6674556962025316 0.01854430379746841 0.06455696202531658
0 0.8706962025316455 0.7769493670886076 0.036708860759493644 0.03544303797468362