0 0.858227848101266 0.5568481012658228 0.08607594936708873 0.10886075949367091
0 0.9386075949367089 0.5511518987341772 0.07974683544303796 0.10253164556962036
0 0.679746835443038 0.4055822784810127 0.12405063291139251 0.16582278481012658
0 0.5462025316455696 0.4321645569620253 0.15569620253164562 0.1354430379746835
0 0.4613924050632912 0.6903924050632911 0.04936708860759498 0.05443037974683551
0 0.29873417721519 0.7036835443037974 0.06329113924050644 0.0582278481012658
0 0.24050632911392417 0.7062151898734177 0.05569620253164545 0.06075949367088607
0 0.1658227848101268 0.7359620253164557 0.048101265822784844 0.05443037974683551
0 0.0816455696202533 0.7625443037974684 0.041772151898734025 0.04177215189873429
0 0.008227848101265863 0.7549493670886076 0.016455696202531726 0.049367088607594756
0 0.00632911392405066 0.8049493670886075 0.01265822784810132 0.03544303797468351