0 0.9751772151898734 0.5598354430379746 0.04964556962025313 0.1354430379746835
0 0.9433924050632913 0.30160759493670886 0.04936708860759498 0.0544303797468354
0 0.78073417721519 0.28831645569620257 0.06329113924050644 0.058227848101265856
0 0.7225063291139242 0.2857848101265823 0.05569620253164553 0.06075949367088601
0 0.6478227848101268 0.2560379746835443 0.048101265822784844 0.05443037974683548
0 0.5636455696202534 0.22945569620253164 0.04177215189873407 0.04177215189873418
0 0.47693670886075956 0.2370506329113924 0.04303797468354437 0.04936708860759487
0 0.431367088607595 0.23705063291139242 0.050632911392405056 0.05696202531645572
0 0.3940253164556962 0.2984430379746835 0.06455696202531647 0.06329113924050639
0 0.33136708860759495 0.2965443037974683 0.06835443037974687 0.06455696202531652
0 0.4763037974683545 0.18705063291139243 0.036708860759493644 0.03544303797468351
0 0.29275949367088616 0.16489873417721523 0.03417721518987343 0.034177215189873406
0 0.2604810126582279 0.17059493670886078 0.03797468354430386 0.04050632911392402
0 0.06491139240506333 0.13515189873417724 0.02658227848101273 0.020253164556962022
0 0.03516455696202536 0.13705063291139244 0.030379746835443026 0.03417721518987342
0 0.09402531645569627 0.13008860759493673 0.036708860759493755 0.02278481012658226