0 0.1814936708860757 0.304493670886076 0.12151898734177213 0.14556962025316456
0 0.30237974683544294 0.31335443037974686 0.12531645569620264 0.14303797468354418
0 0.6783291139240506 0.534240506329114 0.08734177215189876 0.09113924050632904
0 0.7789620253164556 0.5481645569620253 0.07848101265822782 0.07848101265822782
0 0.5201012658227848 0.6317088607594937 0.03670886075949353 0.040506329113924044
0 0.41440506329113924 0.6639873417721519 0.03797468354430378 0.029113924050632844
0 0.44541772151898734 0.6639873417721519 0.02658227848101269 0.029113924050632844
0 0.310125 0.6835416666666666 0.018750000000000044 0.02604166666666674
0 0.32991666666666664 0.6840625 0.018750000000000044 0.02708333333333346
0 0.1319999999999999 0.7137499999999999 0.01666666666666683 0.021874999999999978
0 0.1476249999999999 0.7090624999999999 0.02083333333333326 0.025000000000000022
0 0.22262500000000002 0.6929166666666666 0.025000000000000022 0.030208333333333393
0 0.24345833333333328 0.6944791666666666 0.018749999999999933 0.027083333333333348
0 0.24449999999999994 0.7267708333333334 0.02083333333333326 0.02083333333333337