0 0.6205063291139242 0.321493670886076 0.12151898734177213 0.14556962025316456
0 0.4996202531645571 0.3303544303797469 0.12531645569620264 0.14303797468354418
0 0.1236708860759494 0.5512405063291139 0.0873417721518988 0.09113924050632916
0 0.031139240506329144 0.5651645569620254 0.06227848101265829 0.07848101265822782
0 0.2818987341772152 0.6487088607594936 0.03670886075949359 0.040506329113924044
0 0.3875949367088608 0.6809873417721519 0.03797468354430372 0.029113924050632956
0 0.35658227848101265 0.6809873417721519 0.026582278481012633 0.029113924050632956
0 0.49187499999999995 0.7005416666666666 0.01874999999999999 0.02604166666666663
0 0.4720833333333334 0.7010625 0.01874999999999999 0.027083333333333348
0 0.6700000000000002 0.73075 0.01666666666666672 0.02187500000000009
0 0.6543750000000002 0.7260625 0.02083333333333326 0.025000000000000022
0 0.579375 0.7099166666666668 0.025000000000000022 0.03020833333333328
0 0.5585416666666667 0.7114791666666667 0.018750000000000044 0.027083333333333348
0 0.5575000000000001 0.7437708333333334 0.02083333333333326 0.02083333333333326