0 0.47049367088607574 0.673506329113924 0.12151898734177213 0.14556962025316456
0 0.5913797468354429 0.6646455696202531 0.12531645569620276 0.14303797468354418
0 0.9618291139240506 0.4437594936708861 0.07634177215189886 0.0911392405063291
0 0.8091012658227849 0.3462911392405063 0.036708860759493644 0.040506329113924044
0 0.7034050632911393 0.3140126582278481 0.03797468354430367 0.0291139240506329
0 0.7344177215189873 0.3140126582278481 0.026582278481012578 0.0291139240506329
0 0.599125 0.2944583333333334 0.018750000000000044 0.026041666666666685
0 0.6189166666666667 0.29393749999999996 0.018750000000000044 0.027083333333333404
0 0.4209999999999999 0.26425 0.01666666666666672 0.021875000000000033
0 0.43662499999999993 0.2689375 0.02083333333333326 0.025000000000000022
0 0.511625 0.28508333333333336 0.02499999999999991 0.030208333333333337
0 0.5324583333333333 0.28352083333333333 0.018750000000000044 0.027083333333333348
0 0.5334999999999999 0.25122916666666667 0.02083333333333326 0.020833333333333287