0 0.11549367088607576 0.6935063291139241 0.12151898734177213 0.14556962025316456
0 0.23637974683544288 0.6846455696202531 0.12531645569620264 0.14303797468354418
0 0.6123291139240505 0.46375949367088604 0.08734177215189887 0.09113924050632904
0 0.7129620253164557 0.4498354430379747 0.07848101265822782 0.07848101265822782
0 0.45410126582278476 0.3662911392405063 0.036708860759493644 0.040506329113924044
0 0.34840506329113924 0.3340126582278481 0.03797468354430367 0.0291139240506329
0 0.37941772151898734 0.3340126582278481 0.026582278481012578 0.0291139240506329
0 0.24412499999999998 0.3144583333333334 0.018749999999999933 0.026041666666666685
0 0.26391666666666663 0.3139375 0.018749999999999933 0.027083333333333404
0 0.06599999999999989 0.28425 0.01666666666666672 0.021875000000000033
0 0.08162499999999984 0.2889375 0.02083333333333326 0.025000000000000022
0 0.15662499999999996 0.3050833333333334 0.025000000000000022 0.030208333333333337
0 0.17745833333333327 0.30352083333333335 0.018750000000000044 0.027083333333333348
0 0.17849999999999988 0.27122916666666663 0.02083333333333326 0.020833333333333315