0 0.2854936708860757 0.663506329113924 0.12151898734177213 0.14556962025316456
0 0.4063797468354429 0.6546455696202531 0.12531645569620264 0.14303797468354418
0 0.7823291139240507 0.43375949367088606 0.08734177215189887 0.0911392405063291
0 0.8829620253164556 0.41983544303797465 0.07848101265822782 0.07848101265822782
0 0.6241012658227848 0.3362911392405063 0.036708860759493644 0.040506329113924044
0 0.5184050632911392 0.30401265822784806 0.03797468354430378 0.0291139240506329
0 0.5494177215189874 0.30401265822784806 0.026582278481012578 0.0291139240506329
0 0.414125 0.28445833333333337 0.018749999999999933 0.026041666666666685
0 0.4339166666666666 0.2839375 0.018750000000000044 0.027083333333333348
0 0.23599999999999988 0.25425000000000003 0.01666666666666683 0.02187500000000009
0 0.2516249999999999 0.2589375 0.02083333333333326 0.024999999999999994
0 0.326625 0.27508333333333335 0.025000000000000022 0.03020833333333328
0 0.34745833333333326 0.2735208333333333 0.018749999999999933 0.027083333333333293
0 0.3484999999999999 0.24122916666666666 0.02083333333333326 0.020833333333333287