0 0.21149367088607574 0.313493670886076 0.12151898734177213 0.14556962025316456
0 0.3323797468354429 0.32235443037974687 0.12531645569620253 0.14303797468354418
0 0.7083291139240506 0.5432405063291139 0.08734177215189876 0.09113924050632904
0 0.8089620253164556 0.5571645569620254 0.07848101265822793 0.07848101265822782
0 0.5501012658227847 0.6407088607594936 0.036708860759493644 0.040506329113924044
0 0.44440506329113927 0.6729873417721519 0.03797468354430378 0.029113924050632956
0 0.4754177215189873 0.6729873417721519 0.026582278481012578 0.029113924050632956
0 0.340125 0.6925416666666666 0.018750000000000044 0.02604166666666663
0 0.3599166666666666 0.6930625 0.018749999999999933 0.027083333333333348
0 0.16199999999999987 0.72275 0.01666666666666672 0.02187500000000009
0 0.17762499999999992 0.7180625 0.02083333333333326 0.025000000000000022
0 0.25262500000000004 0.7019166666666667 0.025000000000000022 0.03020833333333328
0 0.27345833333333325 0.7034791666666667 0.018750000000000044 0.027083333333333348
0 0.27449999999999986 0.7357708333333334 0.02083333333333326 0.02083333333333326