0 0.35350632911392427 0.661506329113924 0.12151898734177213 0.14556962025316456
0 0.2326202531645571 0.6526455696202531 0.12531645569620264 0.14303797468354418
0 0.01662658227848101 0.3342911392405063 0.03325316455696202 0.040506329113924044
0 0.12059493670886076 0.3020126582278481 0.037974683544303736 0.029113924050632844
0 0.08958227848101269 0.3020126582278481 0.02658227848101262 0.029113924050632844
0 0.224875 0.28245833333333337 0.018750000000000017 0.026041666666666685
0 0.20508333333333337 0.2819375 0.01874999999999999 0.027083333333333348
0 0.40300000000000014 0.25225000000000003 0.016666666666666774 0.02187500000000006
0 0.38737500000000014 0.2569375 0.02083333333333326 0.024999999999999994
0 0.312375 0.27308333333333334 0.025000000000000022 0.03020833333333328
0 0.2915416666666667 0.2715208333333333 0.01874999999999999 0.027083333333333293
0 0.2905000000000001 0.23922916666666666 0.02083333333333326 0.020833333333333315