0 0.018126582278480907 0.704506329113924 0.036253164556961814 0.14556962025316456
0 0.09637974683544287 0.6956455696202531 0.12531645569620264 0.14303797468354418
0 0.47232911392405064 0.47475949367088605 0.08734177215189876 0.09113924050632904
0 0.5729620253164556 0.46083544303797463 0.07848101265822793 0.07848101265822777
0 0.31410126582278475 0.37729113924050633 0.036708860759493644 0.040506329113924044
0 0.20840506329113923 0.3450126582278481 0.03797468354430367 0.029113924050632844
0 0.23941772151898733 0.3450126582278481 0.026582278481012578 0.029113924050632844
0 0.10412500000000002 0.3254583333333333 0.018750000000000044 0.026041666666666685
0 0.12391666666666662 0.3249375 0.018749999999999933 0.027083333333333348
0 0.016625 0.3160833333333334 0.02499999999999991 0.030208333333333337
0 0.03745833333333326 0.31452083333333336 0.018750000000000044 0.027083333333333293
0 0.03849999999999987 0.28222916666666664 0.02083333333333326 0.020833333333333315