0 0.5935063291139243 0.329493670886076 0.12151898734177213 0.14556962025316456
0 0.4726202531645571 0.3383544303797469 0.12531645569620264 0.14303797468354418
0 0.0966708860759494 0.5592405063291139 0.08734177215189881 0.09113924050632916
0 0.017639240506329146 0.5731645569620254 0.03527848101265829 0.07848101265822782
0 0.2548987341772152 0.6567088607594936 0.036708860759493644 0.040506329113924044
0 0.3605949367088608 0.6889873417721519 0.03797468354430372 0.029113924050632956
0 0.3295822784810127 0.6889873417721519 0.026582278481012578 0.029113924050632956
0 0.46487500000000004 0.7085416666666666 0.01874999999999999 0.02604166666666663
0 0.4450833333333334 0.7090625 0.01874999999999999 0.027083333333333348
0 0.643 0.73875 0.01666666666666672 0.02187500000000009
0 0.6273750000000001 0.7340625000000001 0.02083333333333326 0.025000000000000022
0 0.5523750000000001 0.7179166666666666 0.025000000000000022 0.03020833333333317
0 0.5315416666666668 0.7194791666666667 0.018749999999999933 0.027083333333333237
0 0.5305000000000001 0.7517708333333334 0.02083333333333326 0.02083333333333326