0 0.4785063291139242 0.661506329113924 0.12151898734177208 0.14556962025316456
0 0.3576202531645571 0.6526455696202531 0.12531645569620264 0.14303797468354418
0 0.012670886075949397 0.43175949367088606 0.025341772151898794 0.09113924050632904
0 0.1398987341772152 0.3342911392405063 0.03670886075949362 0.040506329113924044
0 0.24559493670886076 0.3020126582278481 0.03797468354430372 0.029113924050632844
0 0.2145822784810127 0.3020126582278481 0.026582278481012606 0.029113924050632844
0 0.34987500000000005 0.28245833333333337 0.01874999999999999 0.026041666666666685
0 0.3300833333333334 0.2819375 0.01874999999999999 0.027083333333333348
0 0.528 0.25225000000000003 0.01666666666666672 0.02187500000000006
0 0.5123750000000001 0.2569375 0.02083333333333326 0.024999999999999994
0 0.437375 0.27308333333333334 0.025000000000000022 0.03020833333333328
0 0.4165416666666667 0.2715208333333333 0.01874999999999999 0.027083333333333293
0 0.4155000000000001 0.23922916666666666 0.02083333333333326 0.020833333333333315