0 0.04912658227848088 0.6795063291139241 0.09825316455696176 0.14556962025316456
0 0.15837974683544292 0.6706455696202531 0.12531645569620264 0.14303797468354418
0 0.5343291139240507 0.4497594936708861 0.08734177215189887 0.0911392405063291
0 0.6349620253164556 0.43583544303797467 0.07848101265822782 0.07848101265822782
0 0.3761012658227848 0.3522911392405063 0.036708860759493644 0.040506329113924044
0 0.2704050632911392 0.3200126582278481 0.03797468354430378 0.0291139240506329
0 0.3014177215189873 0.3200126582278481 0.02658227848101269 0.0291139240506329
0 0.16612499999999997 0.3004583333333334 0.018750000000000044 0.026041666666666685
0 0.18591666666666662 0.29993749999999997 0.018750000000000044 0.027083333333333404
0 0.007020833333333254 0.2749375 0.014041666666666508 0.025000000000000022
0 0.078625 0.29108333333333336 0.025000000000000022 0.030208333333333337
0 0.09945833333333326 0.28952083333333334 0.018749999999999933 0.027083333333333348
0 0.10049999999999992 0.2572291666666666 0.02083333333333326 0.020833333333333315