0 0.28750632911392426 0.6645063291139239 0.12151898734177213 0.14556962025316456
0 0.1666202531645571 0.6556455696202531 0.12531645569620264 0.14303797468354418
0 0.05459493670886076 0.30501265822784807 0.03797468354430373 0.0291139240506329
0 0.02358227848101268 0.30501265822784807 0.02658227848101262 0.0291139240506329
0 0.158875 0.28545833333333337 0.018750000000000017 0.026041666666666685
0 0.13908333333333336 0.2849375 0.01874999999999999 0.027083333333333348
0 0.3370000000000001 0.25525000000000003 0.016666666666666774 0.02187500000000009
0 0.32137500000000013 0.2599375 0.02083333333333326 0.024999999999999994
0 0.246375 0.27608333333333335 0.025000000000000022 0.03020833333333328
0 0.22554166666666675 0.2745208333333333 0.018750000000000017 0.027083333333333293
0 0.22450000000000012 0.24222916666666666 0.02083333333333326 0.020833333333333287