0 0.1834936708860757 0.698506329113924 0.12151898734177213 0.14556962025316456
0 0.30437974683544294 0.6896455696202531 0.12531645569620264 0.14303797468354418
0 0.6803291139240506 0.46875949367088604 0.08734177215189876 0.09113924050632904
0 0.7809620253164556 0.4548354430379747 0.07848101265822782 0.07848101265822782
0 0.5221012658227848 0.37129113924050633 0.03670886075949353 0.040506329113924044
0 0.41640506329113924 0.3390126582278481 0.03797468354430378 0.029113924050632844
0 0.4474177215189873 0.3390126582278481 0.026582278481012578 0.029113924050632844
0 0.312125 0.3194583333333333 0.018750000000000044 0.026041666666666685
0 0.33191666666666664 0.3189375 0.018750000000000044 0.027083333333333348
0 0.1339999999999999 0.28925 0.01666666666666683 0.021875000000000033
0 0.1496249999999999 0.29393749999999996 0.02083333333333326 0.024999999999999967
0 0.22462500000000002 0.3100833333333334 0.025000000000000022 0.030208333333333337
0 0.24545833333333328 0.30852083333333336 0.018749999999999933 0.027083333333333293
0 0.24649999999999989 0.27622916666666664 0.02083333333333315 0.020833333333333315