0 0.8355063291139243 0.708506329113924 0.12151898734177213 0.14556962025316456
0 0.7146202531645571 0.6996455696202531 0.12531645569620264 0.14303797468354418
0 0.3386708860759494 0.47875949367088605 0.08734177215189881 0.09113924050632904
0 0.23803797468354435 0.46483544303797464 0.07848101265822788 0.07848101265822777
0 0.4968987341772152 0.3812911392405063 0.036708860759493644 0.04050632911392399
0 0.6025949367088608 0.3490126582278481 0.03797468354430378 0.029113924050632844
0 0.5715822784810127 0.3490126582278481 0.02658227848101269 0.029113924050632844
0 0.706875 0.3294583333333333 0.018750000000000044 0.026041666666666685
0 0.6870833333333334 0.3289375 0.018750000000000044 0.027083333333333348
0 0.8850000000000001 0.29925 0.01666666666666683 0.021875000000000033
0 0.8693750000000001 0.30393749999999997 0.02083333333333326 0.024999999999999967
0 0.794375 0.3200833333333334 0.025000000000000022 0.030208333333333337
0 0.7735416666666668 0.31852083333333336 0.018749999999999933 0.027083333333333293
0 0.7725000000000001 0.28622916666666665 0.02083333333333326 0.020833333333333315