0 0.5015063291139242 0.6505063291139239 0.12151898734177208 0.14556962025316456
0 0.38062025316455705 0.6416455696202532 0.1253164556962026 0.1430379746835443
0 0.0241708860759494 0.42075949367088605 0.0483417721518988 0.09113924050632904
0 0.1628987341772152 0.3232911392405063 0.036708860759493644 0.040506329113924044
0 0.26859493670886075 0.2910126582278481 0.03797468354430375 0.029113924050632844
0 0.23758227848101268 0.2910126582278481 0.026582278481012633 0.029113924050632844
0 0.37287499999999996 0.27145833333333336 0.01874999999999999 0.026041666666666685
0 0.3530833333333334 0.2709375 0.01874999999999999 0.027083333333333348
0 0.5510000000000002 0.24125000000000002 0.01666666666666672 0.02187500000000006
0 0.5353750000000002 0.24593749999999998 0.02083333333333326 0.024999999999999994
0 0.460375 0.26208333333333333 0.024999999999999967 0.03020833333333328
0 0.4395416666666667 0.2605208333333333 0.01874999999999999 0.027083333333333293
0 0.4385000000000001 0.22822916666666665 0.02083333333333326 0.020833333333333315