0 0.1774936708860757 0.348493670886076 0.12151898734177213 0.14556962025316456
0 0.29837974683544294 0.35735443037974685 0.12531645569620264 0.1430379746835443
0 0.6743291139240506 0.578240506329114 0.08734177215189876 0.09113924050632893
0 0.7749620253164557 0.5921645569620253 0.07848101265822793 0.07848101265822782
0 0.5161012658227848 0.6757088607594938 0.036708860759493644 0.040506329113924044
0 0.41040506329113924 0.707987341772152 0.03797468354430378 0.029113924050632844
0 0.44141772151898734 0.707987341772152 0.02658227848101269 0.029113924050632844
0 0.306125 0.7275416666666666 0.018750000000000044 0.02604166666666674
0 0.32591666666666663 0.7280625 0.018750000000000044 0.027083333333333348
0 0.1279999999999999 0.7577499999999999 0.01666666666666683 0.02187500000000009
0 0.1436249999999999 0.7530625 0.02083333333333326 0.025000000000000022
0 0.218625 0.7369166666666667 0.025000000000000022 0.030208333333333393
0 0.23945833333333327 0.7384791666666667 0.018749999999999933 0.027083333333333348
0 0.24049999999999994 0.7707708333333334 0.02083333333333326 0.02083333333333337