0 0.3625063291139243 0.322493670886076 0.12151898734177213 0.14556962025316456
0 0.2416202531645571 0.3313544303797469 0.12531645569620264 0.14303797468354418
0 0.023898734177215206 0.6497088607594937 0.03670886075949363 0.040506329113924044
0 0.12959493670886077 0.6819873417721519 0.037974683544303736 0.029113924050632844
0 0.09858227848101267 0.6819873417721519 0.02658227848101262 0.029113924050632844
0 0.233875 0.7015416666666666 0.01874999999999999 0.02604166666666674
0 0.21408333333333338 0.7020625 0.01874999999999999 0.02708333333333346
0 0.41200000000000014 0.7317499999999999 0.016666666666666774 0.021874999999999978
0 0.3963750000000001 0.7270625 0.02083333333333326 0.025000000000000022
0 0.32137499999999997 0.7109166666666666 0.024999999999999967 0.030208333333333393
0 0.3005416666666667 0.7124791666666667 0.01874999999999999 0.027083333333333348
0 0.2995000000000001 0.7447708333333334 0.02083333333333326 0.02083333333333337