0 0.7124936708860757 0.7135063291139241 0.12151898734177213 0.14556962025316456
0 0.8333797468354429 0.7046455696202532 0.12531645569620276 0.14303797468354418
0 0.9454050632911393 0.3540126582278481 0.03797468354430378 0.029113924050632844
0 0.9764177215189873 0.3540126582278481 0.026582278481012578 0.029113924050632844
0 0.841125 0.3344583333333333 0.018750000000000044 0.026041666666666685
0 0.8609166666666667 0.3339375 0.018750000000000044 0.027083333333333348
0 0.6629999999999999 0.30425 0.01666666666666683 0.02187500000000009
0 0.6786249999999999 0.3089375 0.02083333333333326 0.024999999999999967
0 0.753625 0.32508333333333334 0.02499999999999991 0.03020833333333328
0 0.7744583333333332 0.32352083333333337 0.018750000000000044 0.027083333333333293
0 0.7754999999999999 0.29122916666666665 0.02083333333333326 0.020833333333333315