0 0.40650632911392426 0.6585063291139239 0.12151898734177213 0.14556962025316456
0 0.2856202531645571 0.6496455696202531 0.12531645569620264 0.14303797468354418
0 0.0678987341772152 0.3312911392405063 0.03670886075949364 0.040506329113924044
0 0.17359493670886075 0.2990126582278481 0.03797468354430372 0.029113924050632844
0 0.14258227848101268 0.2990126582278481 0.026582278481012633 0.029113924050632844
0 0.277875 0.27945833333333336 0.01874999999999999 0.026041666666666685
0 0.25808333333333333 0.2789375 0.01874999999999999 0.027083333333333348
0 0.4560000000000001 0.24925000000000003 0.01666666666666672 0.02187500000000006
0 0.4403750000000001 0.2539375 0.02083333333333326 0.024999999999999994
0 0.365375 0.27008333333333334 0.025000000000000022 0.03020833333333328
0 0.34454166666666675 0.2685208333333333 0.018750000000000044 0.027083333333333293
0 0.34350000000000014 0.23622916666666666 0.02083333333333326 0.020833333333333315